0.09118979076037922
1001
0.008763089422153923
0.008836137950612083
0.00890913063281425
0.008982067006930695
0.009054946611487641
0.009127768985370165
0.00920053366782514
0.009273240198464133
0.009345888117266337
0.00941847696458148
0.009491006281132723
0.009563475608019588
0.009635884486720862
0.009708232459097497
0.009780519067395504
0.009852743854248855
0.009924906362682395
0.009997006136114733
0.010069042718361109
0.010141015653636311
0.010212924486557555
0.010284768762147355
0.010356548025836434
0.010428261823466562
0.010499909701293476
0.01057149120598972
0.010643005884647543
0.010714453284781739
0.010785832954332534
0.010857144441668444
0.010928387295589133
0.010999561065328275
0.0110706653005564
0.011141699551383754
0.011212663368363145
0.011283556302492798
0.011354377905219178
0.01142512772843986
0.011495805324506331
0.011566410246226856
0.011636942046869301
0.011707400280163958
0.011777784500306374
0.011848094261960162
0.011918329120259854
0.011988488630813681
0.012058572349706403
0.01212857983350213
0.012198510639247115
0.01226836432447257
0.01233814044719746
0.012407838565931296
0.012477458239676956
0.012546999027933445
0.012616460490698719
0.01268584218847244
0.012755143682258774
0.012824364533569178
0.01289350430442517
0.012962562557361071
0.013031538855426846
0.013100432762190804
0.013169243841742395
0.013237971658694966
0.013306615778188513
0.013375175765892432
0.013443651188008283
0.01351204161127252
0.013580346602959247
0.013648565730882946
0.013716698563401235
0.01378474466941758
0.013852703618384022
0.013920574980303932
0.013988358325734708
0.014056053225790496
0.014123659252144915
0.01419117597703377
0.014258602973257749
0.014325939814185139
0.014393186073754519
0.014460341326477466
0.014527405147441249
0.014594377112311504
0.014661256797334942
0.014728043779342025
0.014794737635749622
0.014861337944563742
0.01492784428438213
0.014994256234397003
0.01506057337439767
0.01512679528477322
0.015192921546515161
0.015258951741220076
0.015324885451092285
0.015390722258946473
0.015456461748210337
0.01552210350292723
0.015587647107758796
0.01565309214798758
0.01571843820951968
0.015783684878887354
0.015848831743251624
0.015913878390404923
0.015978824408773688
0.016043669387420953
0.016108412916048972
0.01617305458500181
0.016237593985267917
0.01630203070848275
0.016366364346931346
0.016430594493550884
0.01649472074193329
0.016558742686327798
0.01662265992164351
0.016686472043451975
0.016750178647989757
0.01681377933216094
0.016877273693539762
0.016940661330373093
0.017003941841583006
0.017067114826769317
0.017130179886212127
0.01719313662087432
0.01725598463240413
0.017318723523137642
0.017381352896101293
0.01744387235501443
0.017506281504291767
0.017568579949045936
0.017630767295089958
0.017692843148939742
0.01775480711781658
0.01781665880964963
0.01787839783307841
0.017940023797455257
0.018001536312847812
0.0180629349900415
0.01812421944054195
0.018185389276577507
0.01824644411110165
0.018307383557795466
0.018368207231070084
0.0184289147460691
0.01848950571867105
0.018549979765491807
0.018610336503887034
0.01867057555195457
0.01873069652853691
0.018790699053223555
0.018850582746353428
0.018910347229017327
0.01896999212306028
0.019029517051083918
0.019088921636448944
0.019148205503277428
0.019207368276455243
0.019266409581634416
0.0193253290452355
0.01938412629444996
0.019442800957242486
0.019501352662353397
0.019559781039300964
0.019618085718383763
0.019676266330683007
0.019734322508064887
0.01979225388318291
0.01985006008948022
0.0199077407611919
0.019965295533347305
0.020022724041772376
0.020080025923091934
0.020137200814731974
0.02019424835492199
0.020251168182697215
0.020307959937900962
0.020364623261186862
0.020421157794021143
0.020477563178684932
0.020533839058276472
0.02058998507671343
0.020646000878735086
0.020701886109904668
0.020757640416611503
0.020813263446073337
0.020868754846338496
0.02092411426628817
0.020979341355638607
0.021034435764943342
0.021089397145595386
0.02114422514982945
0.021198919430724175
0.021253479642204247
0.021307905439042686
0.021362196476862952
0.021416352412141158
0.02147037290220824
0.02152425760525214
0.021578006180319947
0.021631618287320055
0.021685093587024317
0.02173843174107022
0.021791632411963
0.02184469526307777
0.021897619958661657
0.02195040616383596
0.02200305354459821
0.02205556176782433
0.022107930501270728
0.022160159413576398
0.02221224817426502
0.022264196453747036
0.022316003923321767
0.022367670255179477
0.02241919512240342
0.022470578198971955
0.022521819159760596
0.022572917680544046
0.022623873437998265
0.02267468610970252
0.02272535537414143
0.022775880910706967
0.022826262399700533
0.022876499522334955
0.022926591960736476
0.02297653939794686
0.02302634151792527
0.02307599800555036
0.02312550854662225
0.023174872827864488
0.023224090536926055
0.02327316136238334
0.023322084993742106
0.023370861121439438
0.02341948943684576
0.023467969632266703
0.02351630140094512
0.02356448443706298
0.02361251843574336
0.023660403093052323
0.023708138106000844
0.023755723172546768
0.023803157991596664
0.023850442263007785
0.023897575687589937
0.023944557967107365
0.02399138880428067
0.024038067902788656
0.02408459496727023
0.024130969703326264
0.024177191817521454
0.024223261017386172
0.024269177011418317
0.0243149395090852
0.0243605482208253
0.02440600285805018
0.024451303133146245
0.024496448759476618
0.024541439451382922
0.02458627492418709
0.024630954894193178
0.024675479078689125
0.0247198471959486
0.02476405896523274
0.02480811410679194
0.024852012341867614
0.02489575339269397
0.024939336982499775
0.024982762835510083
0.025026030676948
0.025069140233036392
0.025112091230999667
0.02515488339906546
0.02519751646646636
0.025239990163441625
0.025282304221238908
0.02532445837211593
0.025366452349342178
0.025408285887200614
0.025449958720989332
0.02549147058702324
0.025532821222635723
0.025574010366180337
0.025615037757032402
0.025655903135590716
0.025696606243279154
0.02573714682254833
0.02577752461687719
0.025817739370774695
0.025857790829781374
0.025897678740470956
0.02593740285045201
0.025976962908369483
0.02601635866390632
0.02605558986778505
0.026094656271769358
0.026133557628665652
0.02617229369232463
0.026210864217642828
0.026249268960564193
0.026287507678081603
0.026325580128238404
0.026363486070129977
0.02640122526390522
0.02643879747076807
0.02647620245297903
0.026513439973856672
0.026550509797779134
0.02658741169018559
0.02662414541757775
0.026660710747521358
0.0266971074486476
0.02673333529065464
0.02676939404430903
0.026805283481447176
0.02684100337497679
0.026876553498878297
0.026911933628206285
0.026947143539090942
0.02698218300873944
0.027017051815437374
0.027051749738550127
0.027086276558524313
0.027120632056889134
0.02715481601625776
0.027188828220328726
0.027222668453887277
0.02725633650280675
0.027289832154049894
0.027323155195670287
0.027356305416813574
0.027389282607718904
0.02742208655972017
0.02745471706524741
0.027487173917828053
0.027519456912088246
0.027551565843754178
0.02758350050965332
0.027615260707715774
0.027646846236975497
0.027678256897571602
0.027709492490749606
0.027740552818862695
0.027771437685372984
0.027802146894852726
0.0278326802529856
0.027863037566567873
0.027893218643509705
0.027923223292836263
0.027953051324689046
0.027982702550326966
0.028012176782127637
0.02804147383358851
0.028070593519328065
0.028099535655086983
0.028128300057729316
0.028156886545243637
0.028185294936744213
0.028213525052472103
0.02824157671379634
0.028269449743215044
0.028297143964356536
0.02832465920198047
0.028351995281978928
0.028379152031377523
0.028406129278336495
0.02843292685215181
0.028459544583256217
0.028485982303220313
0.028512239844753665
0.028538317041705796
0.02856421372906729
0.028589929742970782
0.02861546492069206
0.028640819100651038
0.028665992122412807
0.02869098382668863
0.02871579405533698
0.028740422651364502
0.028764869458927037
0.028789134323330575
0.028813217091032278
0.02883711760964141
0.028860835727920316
0.028884371295785378
0.028907724164307966
0.028930894185715383
0.028953881213391774
0.02897668510187909
0.028999305706877983
0.029021742885248742
0.029043996495012134
0.02906606639535042
0.0290879524466081
0.029109654510292942
0.029131172449076714
0.029152506126796176
0.02917365540845386
0.029194620160218974
0.029215400249428206
0.029235995544586592
0.02925640591536834
0.029276631232617645
0.02929667136834951
0.02931652619575057
0.029336195589179867
0.029355679424169657
0.029374977577426218
0.02939408992683059
0.029413016351439357
0.02943175673148545
0.029450310948378848
0.02946867888470737
0.029486860424237395
0.029504855451914596
0.02952266385386468
0.029540285517394117
0.029557720330990803
0.02957496818432483
0.029592028968249133
0.029608902574800203
0.029625588897198775
0.02964208782985048
0.02965839926834653
0.02967452310946438
0.029690459251168356
0.02970620759261034
0.029721768034130368
0.029737140477257278
0.029752324824709332
0.02976732098039484
0.02978212884941274
0.02979674833805322
0.02981117935379831
0.029825421805322452
0.029839475602493108
0.02985334065637127
0.02986701687921208
0.02988050418446538
0.029893802486776217
0.029906911701985405
0.0299198317471301
0.029932562540444227
0.02994510400135909
0.02995745605050384
0.02996961860970598
0.02998159160199185
0.02999337495158712
0.030004968583917296
0.030016372425608145
0.030027586404486186
0.030038610449579135
0.03004944449111635
0.030060088460529325
0.030070542290452015
0.030080805914721367
0.03009087926837767
0.03010076228766502
0.03011045491003167
0.030119957074130427
0.03012926871981911
0.030138389788160858
0.030147320221424502
0.03015605996308499
0.03016460895782367
0.03017296715152871
0.03018113449129537
0.030189110925426393
0.03019689640343229
0.030204490876031703
0.030211894295151653
0.03021910661392793
0.030226127786705286
0.030232957769037807
0.030239596517689177
0.030246043990632892
0.03025230014705261
0.030258364947342353
0.030264238353106758
0.03026992032716137
0.03027541083353278
0.03028070983745898
0.030285817305389467
0.03029073320498553
0.03029545750512039
0.030299990175879456
0.0303043311885605
0.030308480515673798
0.030312438130942334
0.03031620400930199
0.030319778126901648
0.03032316046110339
0.030326350990482608
0.030329349694828145
0.03033215655514244
0.030334771553641636
0.030337194673755674
0.03033942590012842
0.03034146521861778
0.030343312616295713
0.030344968081448424
0.030346431603576324
0.030347703173394167
0.030348782782831103
0.030349670425030693
0.030350366094350982
0.03035086978636452
0.03035118149785841
0.030351301226834278
0.030351228972508356
0.030350964735311434
0.03035050851688886
0.03034986032010056
0.030349020149020974
0.030347988008939075
0.030346763906358317
0.030345347848996566
0.030343739845786113
0.030341939906873536
0.030339948043619717
0.03033776426859969
0.03033538859560265
0.03033282103963177
0.030330061616904175
0.030327110344850812
0.030323967242116338
0.030320632328559
0.030317105625250546
0.030313387154476002
0.03030947693973364
0.030305375005734755
0.030301081378403514
0.030296596084876837
0.03029191915350417
0.03028705061384734
0.030281990496680344
0.03027673883398918
0.030271295658971607
0.030265661006036993
0.030259834910806024
0.030253817410110538
0.03024760854199325
0.030241208345707538
0.030234616861717186
0.030227834131696118
0.030220860198528137
0.030213695106306667
0.030206338900334473
0.03019879162712334
0.030191053334393793
0.030183124071074853
0.030175003887303632
0.030166692834425076
0.030158190964991612
0.03014949833276285
0.030140614992705206
0.030131541000991552
0.0301222764150009
0.030112821293318
0.03010317569573296
0.030093339683240933
0.03008331331804165
0.03007309666353907
0.030062689784340974
0.030052092746258557
0.03004130561630599
0.030030328462700016
0.030019161354859516
0.030007804363405062
0.02999625756015847
0.029984521018142366
0.029972594811579677
0.029960479015893215
0.029948173707705146
0.029935678964836572
0.029922994866306937
0.029910121492333654
0.029897058924331477
0.029883807244912075
0.02987036653788345
0.029856736888249438
0.029842918382209156
0.029828911107156467
0.02981471515167941
0.029800330605559658
0.02978575755977193
0.029770996106483434
0.0297560463390533
0.0297409083520319
0.029725582241160352
0.029710068103369906
0.029694366036781217
0.029678476140703885
0.02966239851563569
0.02964613326326205
0.029629680486455316
0.029613040289274136
0.02959621277696283
0.02957919805595069
0.029561996233851303
0.029544607419461858
0.029527031722762533
0.029509269254915697
0.02949132012826527
0.029473184456336007
0.029454862353832753
0.02943635393663972
0.02941765932181978
0.02939877862761372
0.02937971197343946
0.02936045947989132
0.02934102126873925
0.029321397462928087
0.02930158818657674
0.029281593564977403
0.029261413724594797
0.02924104879306535
0.029220498899196368
0.02919976417296525
0.02917884474551866
0.029157740749171684
0.029136452317406993
0.029114979584874023
0.02909332268738808
0.029071481761929523
0.029049456946642873
0.029027248380835948
0.029004856204978946
0.028982280560703646
0.028959521590802388
0.028936579439227273
0.0289134542510892
0.02889014617265695
0.028866655351356286
0.028842981935769004
0.02881912607563196
0.028795087921836195
0.028770867626425896
0.028746465342597532
0.02872188122469877
0.028697115428227584
0.028672168109831236
0.028647039427305322
0.02862172953959269
0.02859623860678253
0.02857056679010929
0.028544714251951687
0.028518681155831695
0.028492467666413487
0.028466073949502343
0.028439500172043743
0.02841274650212213
0.028385813108960024
0.02835870016291678
0.028331407835487665
0.028303936299302637
0.028276285728125378
0.028248456296852083
0.028220448181510437
0.028192261559258427
0.028163896608383313
0.028135353508300414
0.02810663243955201
0.028077733583806167
0.028048657123855694
0.028019403243616826
0.02798997212812818
0.02796036396354953
0.02793057893716066
0.027900617237360138
0.027870479053664188
0.027840164576705406
0.027809673998231633
0.027779007511104684
0.02774816530929917
0.027717147587901232
0.027685954543107332
0.02765458637222301
0.027623043273661628
0.02759132544694311
0.027559433092692705
0.027527366412639653
0.027495125609616006
0.027462710887555263
0.02743012245149111
0.027397360507556114
0.02736442526298047
0.02733131692609058
0.02729803570630784
0.02726458181414726
0.027230955461216146
0.027197156860212766
0.027163186224924998
0.027129043770228976
0.02709472971208773
0.02706024426754983
0.027025587654747996
0.026990760092897723
0.02695576180229591
0.026920593004319416
0.026885253921423758
0.026849744777141575
0.02681406579608133
0.026778217203925807
0.026742199227430735
0.026706012094423304
0.02666965603380077
0.026633131275529
0.026596438050640974
0.026559576591235375
0.026522547130475103
0.02648534990258578
0.026447985142854277
0.026410453087627253
0.026372753974309642
0.026334888041363108
0.026296855528304634
0.026258656675704865
0.026220291725186775
0.026181760919423938
0.026143064502139112
0.0261042027181027
0.026065175813131145
0.026025984034085407
0.02598662762886939
0.02594710684642837
0.025907421936747475
0.02586757315084999
0.02582756074079588
0.02578738495968014
0.025747046061631206
0.025706544301809322
0.025665879936404984
0.02562505322263725
0.025584064418752172
0.02554291378402112
0.025501601578739166
0.025460128064223413
0.025418493502811387
0.025376698157859305
0.025334742293740494
0.025292626175843626
0.02525035007057113
0.025207914245337457
0.025165318968567378
0.0251225645096943
0.025079651139158592
0.025036579128405814
0.02499334874988506
0.024949960277047163
0.024906413984343057
0.02486271014722197
0.02481884904212969
0.024774830946506825
0.024730656138787086
0.024686324898395447
0.024641837505746438
0.024597194242242375
0.0245523953902715
0.024507441233206317
0.024462332055401687
0.024417068142193077
0.024371649779894783
0.024326077255798068
0.024280350858169358
0.024234470876248446
0.02418843760024662
0.024142251321344867
0.024095912331691997
0.02404942092440279
0.02400277739355621
0.023955982034193454
0.02390903514231615
0.02386193701488444
0.023814687949815134
0.023767288245979814
0.023719738203202927
0.02367203812225991
0.023624188304875303
0.023576189053720786
0.02352804067241329
0.02347974346551312
0.02343129773852195
0.02338270379788093
0.0233339619509688
0.023285072506099794
0.02323603577252192
0.02318685206041473
0.023137521680887597
0.02308804494597759
0.02303842216864761
0.022988653662784297
0.022938739743196157
0.0228886807256115
0.022838476926676444
0.022788128663952953
0.022737636255916776
0.022687000021955502
0.022636220282366448
0.02258529735835469
0.02253423157203107
0.022483023246410053
0.022431672705407767
0.022380180273839916
0.022328546277419748
0.022276771042755977
0.02222485489735072
0.022172798169597413
0.022120601188778795
0.02206826428506475
0.022015787789510195
0.021963172034053128
0.021910417351512366
0.021857524075585538
0.021804492540846963
0.021751323082745477
0.021698016037602366
0.021644571742609232
0.02159099053582584
0.021537272756177984
0.02148341874345536
0.02142942883830939
0.021375303382251118
0.02132104271764894
0.021266647187726587
0.021212117136560824
0.02115745290907935
0.02110265485105859
0.021047723309121524
0.02099265863073543
0.020937461164209786
0.020882131258694023
0.020826669264175243
0.02077107553147616
0.02071535041225268
0.02065949425899191
0.02060350742500974
0.020547390264448667
0.020491143132275572
0.02043476638427949
0.02037826037706931
0.02032162546807153
0.020264862015528014
0.020207970378493745
0.02015095091683453
0.020093803991224648
0.02003652996314474
0.019979129194879357
0.019921602049514753
0.019863948890936595
0.01980617008382759
0.01974826599366527
0.0196902369867196
0.019632083430050712
0.01957380569150655
0.019515404139720575
0.019456879144109412
0.01939823107487052
0.019339460302979845
0.01928056720018946
0.01922155213902526
0.019162415492784537
0.019103157635533687
0.019043778942105807
0.01898427978809832
0.018924660549870596
0.018864921604541618
0.018805063329987555
0.018745086104839326
0.018684990308480334
0.018624776321043906
0.018564444523411074
0.01850399529720795
0.018443429024803514
0.018382746089307046
0.018321946874565818
0.018261031765162535
0.01820000114641304
0.018138855404363777
0.018077594925789447
0.018016220098190403
0.01795473130979035
0.017893128949533835
0.017831413407083815
0.017769585072819043
0.017707644337831886
0.01764559159392554
0.0175834272336118
0.017521151650108372
0.017458765237336575
0.017396268389918697
0.01733366150317562
0.017270944973124164
0.017208119196474792
0.01714518457062892
0.017082141493676463
0.017018990364393357
0.016955731582238967
0.01689236554735364
0.016828892660556077
0.016765313323340882
0.016701627937875996
0.016637836907000127
0.016573940634220227
0.01650993952370891
0.01644583398030199
0.016381624409495758
0.01631731121744459
0.016252894810958204
0.01618837559749929
0.01612375398518075
0.01605903038276316
0.015994205199652285
0.01592927884589637
0.015864251732183587
0.015799124269839485
0.01573389687082428
0.01566856994773038
0.015603143913779672
0.015537619182820938
0.015471996169327247
0.015406275288393365
0.015340456955733028
0.015274541587676473
0.01520852960116759
0.015142421413761506
0.01507621744362179
0.015009918109517864
0.01494352383082237
0.014877035027508484
0.014810452120147274
0.014743775529905022
0.014677005678540595
0.014610142988402746
0.01454318788242746
0.01447614078413526
0.014409002117628552
0.014341772307588957
0.014274451779274527
0.014207040958517197
0.014139540271719963
0.014071950145854313
0.014004271008457345
0.013936503287629312
0.013868647412030631
0.013800703810879453
0.013732672913948689
0.01366455515156348
0.013596350954598397
0.013528060754474698
0.01345968498315768
0.013391224073153839
0.013322678457508199
0.01325404856980161
0.01318533484414787
0.013116537715191147
0.013047657618103092
0.012978694988580196
0.012909650262840907
0.01284052387762304
0.012771316270180803
0.012702027878282292
0.012632659140206415
0.012563210494740382
0.012493682381176836
0.01242407523931101
0.012354389509438025
0.012284625632350096
0.012214784049333724
0.012144865202166887
0.012074869533116293
0.01200479748493452
0.01193464950085735
0.011864426024600748
0.01179412750035821
0.011723754372798
0.01165330708706013
0.011582786088753778
0.011512191823954262
0.011441524739200428
0.011370785281491623
0.011299973898285005
0.011229091037492636
0.011158137147478731
0.01108711267705673
0.011016018075486458
0.010944853792471445
0.010873620278155848
0.010802317983121795
0.010730947358386382
0.010659508855398929
0.010588002926038132
0.010516430022609083
0.010444790597840566
0.010373085104882043
0.010301313997300937
0.010229477729079598
0.010157576754612603
0.010085611528703723
0.010013582506563198
0.009941490143804722
