0.06079319384025282
1001
0.0025234840205780157
0.002522000933940944
0.002520510787281831
0.002519013584703388
0.0025175093303280117
0.0025159980282977775
0.002514479682774429
0.0025129542979393693
0.0025114218779936533
0.002509882427157977
0.0025083359496726686
0.0025067824497976786
0.002505221931812574
0.002503654400016523
0.0025020798587282924
0.0025004983122862306
0.0024989097650482636
0.0024973142213918845
0.0024957116857141416
0.00249410216243163
0.0024924856559804818
0.002490862170816356
0.0024892317114144284
0.0024875942822693816
0.002485949887895394
0.002484298532826133
0.0024826402216147395
0.002480974958833821
0.0024793027490754415
0.0024776235969511087
0.002475937507091766
0.0024742444841477805
0.0024725445327889294
0.0024708376577043992
0.002469123863602761
0.0024674031552119713
0.0024656755372793548
0.002463941014571595
0.002462199591874725
0.002460451273994112
0.0024586960657544503
0.0024569339719997495
0.0024551649975933206
0.0024533891474177666
0.0024516064263749708
0.002449816839386085
0.00244802039139152
0.0024462170873509282
0.0024444069322431985
0.002442589931066442
0.002440766088837978
0.0024389354105943256
0.002437097901391189
0.0024352535663034473
0.0024334024104251417
0.002431544438869462
0.0024296796567687385
0.0024278080692744235
0.0024259296815570845
0.0024240444988063888
0.002422152526231092
0.002420253769059025
0.0024183482325370828
0.002416435921931208
0.0024145168425263822
0.0024125909996266124
0.002410658398554916
0.00240871904465331
0.002406772943282796
0.0024048200998233503
0.0024028605196739074
0.0024008942082523483
0.002398921170995487
0.0023969414133590567
0.002394954940817699
0.002392961758864946
0.002390961873013211
0.0023889552887937705
0.002386942011756757
0.002384922047471138
0.0023828954015247075
0.0023808620795240684
0.002378822087094622
0.0023767754298805533
0.0023747221135448126
0.00237266214376911
0.002370595526253891
0.0023685222667183307
0.0023664423709003155
0.002364355844556429
0.0023622626934619384
0.0023601629234107795
0.0023580565402155427
0.0023559435497074576
0.0023538239577363795
0.0023516977701707716
0.0023495649928976965
0.002347425631822794
0.0023452796928702703
0.0023431271819828823
0.002340968105121923
0.002338802468267207
0.0023366302774170517
0.0023344515385882647
0.002332266257816131
0.0023300744411543922
0.002327876094675235
0.0023256712244692744
0.00232345983664554
0.002321241937331456
0.0023190175326728295
0.0023167866288338335
0.0023145492319969914
0.0023123053483631605
0.0023100549841515157
0.0023077981455995366
0.002305534838962986
0.002303265070515899
0.0023009888465505657
0.002298706173377509
0.0022964170573254797
0.0022941215047414297
0.0022918195219905
0.002289511115456007
0.0022871962915394176
0.002284875056660343
0.002282547417256514
0.0022802133797837658
0.002277872950716027
0.0022755261365452945
0.0022731729437816227
0.002270813378953101
0.0022684474486058454
0.002266075159303971
0.002263696517629583
0.002261311530182754
0.002258920203581512
0.0022565225444618176
0.002254118559477551
0.0022517082553004915
0.002249291638620303
0.002246868716144512
0.002244439494598496
0.0022420039807254594
0.0022395621812864213
0.0022371141030601937
0.0022346597528433657
0.0022321991374502858
0.002229732263713042
0.002227259138481445
0.0022247797686230117
0.0022222941610229438
0.0022198023225841104
0.0022173042602270333
0.0022147999808898628
0.0022122894915283645
0.0022097727991158985
0.0022072499106433993
0.0022047208331193607
0.002202185573569815
0.0021996441390383157
0.0021970965365859154
0.002194542773291152
0.0021919828562500256
0.0021894167925759827
0.0021868445893998946
0.00218426625387004
0.002181681793152085
0.0021790912144290645
0.002176494524901364
0.002173891731786697
0.0021712828423200905
0.00216866786375386
0.002166046803357596
0.002163419668418139
0.002160786466239565
0.0021581472041431603
0.002155501889467409
0.0021528505295679633
0.002150193131817636
0.00214752970360637
0.0021448602523412245
0.0021421847854463517
0.0021395033103629797
0.00213681583454939
0.0021341223654808986
0.0021314229106498364
0.002128717477565528
0.0021260060737542693
0.002123288706759313
0.0021205653841408416
0.0021178361134759514
0.0021151009023586296
0.002112359758399736
0.002109612689226981
0.0021068597024849027
0.00210410080583485
0.00210133600695496
0.0020985653135401384
0.0020957887333020358
0.0020930062739690286
0.002090217943286199
0.002087423749015312
0.0020846236989347957
0.0020818178008397176
0.0020790060625417673
0.002076188491869234
0.0020733650966669806
0.0020705358847964276
0.0020677008641355322
0.002064860042578763
0.002062013428037078
0.00205916102843791
0.0020563028517251347
0.0020534389058590565
0.002050569198816385
0.0020476937385902126
0.002044812533189992
0.0020419255906415157
0.002039032918986891
0.0020361345262845222
0.002033230420609086
0.0020303206100515114
0.002027405102718952
0.0020244839067347707
0.002021557030238514
0.00201862448138589
0.0020156862683487447
0.0020127423993150408
0.002009792882488837
0.0020068377260902626
0.0020038769383554944
0.0020009105275367377
0.0019979385019022007
0.0019949608697360714
0.001991977639338497
0.0019889888190255584
0.0019859944171292483
0.001982994441997452
0.001979988901993916
0.0019769778054982328
0.001973961160905814
0.001970938976627868
0.0019679112610913752
0.001964878022739068
0.0019618392700294046
0.001958795011436545
0.0019557452554503324
0.0019526900105762634
0.001949629285335469
0.0019465630882646886
0.001943491427916247
0.001940414312858031
0.001937331751673466
0.0019342437529614913
0.0019311503253365355
0.0019280514774284963
0.0019249472178827108
0.0019218375553599373
0.0019187224985363271
0.0019156020561034008
0.001912476236768028
0.001909345049252399
0.0019062085022939995
0.0019030666046455935
0.0018999193650751896
0.0018967667923660235
0.0018936088953165307
0.001890445682740321
0.0018872771634661568
0.0018841033463379282
0.0018809242402146242
0.0018777398539703142
0.0018745501964941172
0.001871355276690182
0.001868155103477659
0.0018649496857906776
0.0018617390325783197
0.001858523152804595
0.0018553020554484168
0.001852075749503576
0.0018488442439787169
0.0018456075478973093
0.0018423656702976287
0.0018391186202327253
0.001835866406770403
0.0018326090389931896
0.0018293465259983162
0.0018260788768976897
0.0018228061008178646
0.0018195282069000227
0.0018162452042999433
0.0018129571021879786
0.0018096639097490309
0.0018063656361825221
0.0018030622907023693
0.0017997538825369629
0.0017964404209291356
0.0017931219151361391
0.0017897983744296188
0.0017864698080955837
0.0017831362254343874
0.0017797976357606929
0.0017764540484034553
0.0017731054727058908
0.0017697519180254512
0.0017663933937337962
0.0017630299092167713
0.001759661473874376
0.0017562880971207441
0.0017529097883841097
0.0017495265571067853
0.0017461384127451347
0.0017427453647695461
0.0017393474226644048
0.0017359445959280672
0.0017325368940728338
0.0017291243266249227
0.001725706903124443
0.0017222846331253667
0.001718857526195503
0.0017154255919164707
0.0017119888398836733
0.001708547279706268
0.0017051009210071416
0.001701649773422882
0.001698193846603753
0.0016947331502136648
0.0016912676939301475
0.0016877974874443251
0.0016843225404608861
0.0016808428626980559
0.0016773584638875734
0.001673869353774658
0.001670375542117987
0.0016668770386896643
0.001663373853275194
0.0016598659956734555
0.0016563534756966715
0.0016528363031703818
0.0016493144879334174
0.0016457880398378713
0.0016422569687490698
0.0016387212845455452
0.0016351809971190095
0.001631636116374324
0.0016280866522294728
0.0016245326146155337
0.0016209740134766528
0.0016174108587700125
0.0016138431604658038
0.001610270928547204
0.00160669417301034
0.0016031129038642639
0.0015995271311309291
0.0015959368648451517
0.0015923421150545927
0.0015887428918197213
0.001585139205213793
0.0015815310653228157
0.0015779184822455234
0.0015743014660933503
0.0015706800269903972
0.001567054175073405
0.0015634239204917264
0.001559789273407299
0.0015561502439946117
0.0015525068424406781
0.001548859078945011
0.0015452069637195878
0.001541550506988826
0.0015378897189895506
0.0015342246099709698
0.0015305551901946407
0.0015268814699344424
0.0015232034594765485
0.0015195211691193967
0.0015158346091736575
0.0015121437899622088
0.0015084487218201023
0.0015047494150945394
0.0015010458801448358
0.001497338127342397
0.0014936261670706885
0.0014899100097252012
0.0014861896657134273
0.001482465145454831
0.0014787364593808138
0.0014750036179346892
0.0014712666315716532
0.0014675255107587505
0.0014637802659748502
0.001460030907710612
0.001456277446468457
0.001452519892762541
0.0014487582571187198
0.0014449925500745217
0.00144122278217912
0.0014374489639932993
0.0014336711060894246
0.0014298892190514174
0.0014261033134747186
0.0014223133999662616
0.0014185194891444437
0.001414721591639093
0.0014109197180914395
0.0014071138791540837
0.0014033040854909682
0.0013994903477773477
0.001395672676699754
0.0013918510829559728
0.001388025577255006
0.001384196170317047
0.0013803628728734471
0.0013765256956666855
0.001372684649450339
0.0013688397449890517
0.0013649909930585037
0.0013611384044453808
0.0013572819899473432
0.0013534217603729968
0.0013495577265418598
0.001345689899284332
0.001341818289441669
0.0013379429078659408
0.0013340637654200142
0.0013301808729775117
0.0013262942414227837
0.0013224038816508773
0.0013185098045675094
0.0013146120210890278
0.0013107105421423868
0.0013068053786651115
0.0013028965416052708
0.0012989840419214418
0.0012950678905826846
0.001291148098568503
0.0012872246768688205
0.001283297636483945
0.001279366988424538
0.0012754327437115847
0.0012714949133763621
0.001267553508460405
0.0012636085400154788
0.0012596600191035446
0.00125570795679673
0.001251752364177295
0.0012477932523376027
0.001243830632380087
0.0012398645154172202
0.0012358949125714832
0.0012319218349753317
0.0012279452937711641
0.0012239653001112935
0.0012199818651579108
0.0012159950000830578
0.0012120047160685907
0.0012080110243061512
0.0012040139359971358
0.001200013462352659
0.0011960096145935267
0.0011920024039501996
0.0011879918416627649
0.001183977938980903
0.0011799607071638525
0.0011759401574803843
0.0011719163012087642
0.0011678891496367215
0.0011638587140614175
0.001159825005789417
0.0011557880361366484
0.0011517478164283779
0.0011477043579991744
0.0011436576721928764
0.001139607770362563
0.001135554663870518
0.0011314983640881991
0.001127438882396205
0.001123376230184244
0.0011193104188511006
0.0011152414598046018
0.0011111693644615865
0.001107094144247873
0.0011030158105982252
0.0010989343749563207
0.0010948498487747156
0.0010907622435148176
0.0010866715706468481
0.00108257784164981
0.0010784810680114585
0.0010743812612282644
0.0010702784328053834
0.0010661725942566229
0.0010620637571044085
0.0010579519328797508
0.0010538371331222144
0.0010497193693798843
0.0010455986532093315
0.0010414749961755816
0.0010373484098520804
0.0010332189058206616
0.0010290864956715162
0.0010249511910031543
0.001020813003422376
0.001016671944544236
0.001012528025992013
0.0010083812593971752
0.001004231656399345
0.0010000792286462687
0.0009959239877937829
0.0009917659455057793
0.0009876051134541743
0.0009834415033188736
0.0009792751267877378
0.0009751059955565525
0.0009709341213289925
0.0009667595158165894
0.0009625821907386963
0.000958402157822457
0.0009542194288027714
0.0009500340154222608
0.000945845929431236
0.0009416551825876643
0.0009374617866571344
0.0009332657534128216
0.0009290670946354579
0.0009248658221132956
0.0009206619476420757
0.0009164554830249904
0.0009122464400726553
0.000908034830603069
0.0009038206664415857
0.0008996039594208773
0.0008953847213808995
0.0008911629641688633
0.0008869386996391916
0.0008827119396534963
0.0008784826960805373
0.000874250980796188
0.0008700168056834078
0.0008657801826322034
0.0008615411235395926
0.0008572996403095778
0.0008530557448531058
0.0008488094490880348
0.0008445607649391034
0.0008403097043378933
0.0008360562792227961
0.0008318005015389804
0.0008275423832383571
0.0008232819362795442
0.000819019172627835
0.0008147541042551608
0.0008104867431400591
0.0008062171012676399
0.0008019451906295483
0.0007976710232239345
0.0007933946110554166
0.0007891159661350466
0.0007848351004802775
0.0007805520261149272
0.0007762667550691475
0.0007719792993793848
0.0007676896710883491
0.0007633978822449808
0.0007591039449044133
0.0007548078711279385
0.0007505096729829762
0.0007462093625430345
0.0007419069518876815
0.0007376024531025032
0.0007332958782790767
0.0007289872395149305
0.000724676548913513
0.0007203638185841536
0.0007160490606420341
0.0007117322872081524
0.0007074135104092813
0.0007030927423779462
0.0006987699952523782
0.0006944452811764887
0.0006901186122998279
0.0006857900007775557
0.000681459458770404
0.0006771269984446412
0.000672792631972041
0.0006684563715298443
0.0006641182293007255
0.00065977821747276
0.0006554363482393834
0.0006510926337993652
0.0006467470863567679
0.0006423997181209116
0.0006380505413063463
0.0006336995681328074
0.0006293468108251885
0.0006249922816135026
0.0006206359927328491
0.0006162779564233767
0.0006119181849302525
0.0006075566905036212
0.0006031934853985772
0.0005988285818751223
0.0005944619921981369
0.0005900937286373423
0.0005857238034672645
0.0005813522289672004
0.0005769790174211869
0.0005726041811179586
0.0005682277323509152
0.0005638496834180915
0.0005594700466221137
0.0005550888342701729
0.0005507060586739828
0.0005463217321497504
0.0005419358670181369
0.0005375484756042247
0.0005331595702374811
0.0005287691632517239
0.0005243772669850851
0.0005199838937799776
0.00051558905598306
0.0005111927659451977
0.0005067950360214332
0.0005023958785709467
0.0004979953059570227
0.0004935933305470136
0.0004891899647123066
0.0004847852208282869
0.0004803791112743017
0.00047597164843362656
0.00047156284469342834
0.0004671527124447332
0.00046274126408238705
0.00045832851200502207
0.0004539144686150244
0.00044949914631849336
0.0004450825575252088
0.0004406647146485979
0.0004362456301056932
0.00043182531631710743
0.00042740378570698746
0.0004229810507029856
0.0004185571237362241
0.000414132017241255
0.0004097057436560296
0.00040527831542185933
0.00040084974498338547
0.00039642004478853684
0.00039198922728849925
0.00038755730493767924
0.0003831242901936685
0.000378690195517206
0.00037425503337214575
0.0003698188162254199
0.0003653815565470034
0.0003609432668098771
0.0003565039594899969
0.00035206364706625193
0.0003476223420204325
0.0003431800568371946
0.00033873680400402353
0.0003342925960111994
0.00032984744535175935
0.00032540136452146505
0.00032095436601876443
0.0003165064623447581
0.0003120576660031621
0.000307607989500273
0.0003031574453449334
0.0002987060460484942
0.00029425380412477996
0.0002898007320900555
0.0002853468424629863
0.0002808921477646052
0.00027643666051827557
0.00027198039324965854
0.0002675233584866731
0.00026306556875946416
0.00025860703660036564
0.00025414777454386186
0.0002496877951265577
0.000245227110887138
0.00024076573436633368
0.00023630367810688688
0.00023184095465351512
0.00022737757655287298
0.0002229135563535189
0.00021844890660588058
0.00021398363986221633
0.00020951776867657939
0.000205051305604787
0.00020058426320437793
0.00019611665403458062
0.00019164849065628052
0.00018717978563197554
0.00018271055152574846
0.00017824080090322718
0.00017377054633155162
0.0001692998003793336
0.00016482857561662782
0.00016035688461488949
0.0001558847399469409
0.0001514121541869388
0.00014693913991033414
0.0001424657096938361
0.000137991876115383
0.00013351765175410017
0.0001290430491902623
0.00012456808100526836
0.00012009275978159131
0.00011561709810275499
0.00011114110855329055
0.0001066648037187052
0.0001021881961854436
0.00009771129854085267
0.00009323412337314659
0.00008875668327137024
0.00008427899082536557
0.0000798010586257309
0.00007532289926378997
0.00007084452533155669
0.00006636594942169413
0.00006188718412748198
0.00005740824204278218
0.00005292913576200012
0.00004844987788005071
0.00004397048099232181
0.00003949095769464096
0.00003501132058323546
0.0000305315822546968
0.00002605175530595027
0.000021571852334213263
0.000017091885936963107
0.00001261186871189792
8.13181325690583e-6
3.65173217002388e-6
-8.283619505944503e-7
-5.308456506716272e-6
-9.788538900065118e-6
-0.000014268596532355091
-0.00001874861680532942
-0.000023228587120794692
-0.000027708494880654075
-0.000032188327486948506
-0.000036668072341888985
-0.000041147716847892336
-0.00004562724840761928
-0.000050106654424004886
-0.00005458592230030263
-0.00005906503944011143
-0.00006354399324741856
-0.00006802277112662996
-0.00007250136048260998
-0.00007697974872071513
-0.00008145792324682933
-0.00008593587146740166
-0.0000904135807894812
-0.00009489103862074981
-0.00009936823236956353
-0.0001038451494449851
-0.00010832177725681895
-0.00011279810321564737
-0.0001172741147328685
-0.00012174979922073075
-0.00012622514409236376
-0.000130700136761824
-0.0001351747646441224
-0.00013964901515526183
-0.0001441228757122748
-0.0001485963337332589
-0.0001530693766374075
-0.00015754199184505376
-0.00016201416677770076
-0.00016648588885805686
-0.00017095714551007438
-0.0001754279241589855
-0.00017989821223133218
-0.0001843679971550075
-0.00018883726635929323
-0.0001933060072748848
-0.00019777420733394164
-0.00020224185397011048
-0.0002067089346185672
-0.00021117543671605082
-0.0002156413477009013
-0.00022010665501308874
-0.0002245713460942573
-0.0002290354083877561
-0.00023349882933867416
-0.0002379615963938793
-0.00024242369700205288
-0.00024688511861372064
-0.00025134584868129417
-0.0002558058746591066
-0.0002602651840034406
-0.00026472376417257485
-0.00026918160262681093
-0.00027363868682851256
-0.0002780950042421404
-0.00028255054233428735
-0.000287005288573715
-0.00029145923043138853
-0.00029591235538051246
-0.0003003646508965642
-0.0003048161044573335
-0.00030926670354295484
-0.0003137164356359429
-0.0003181652882212291
-0.00032261324878619783
-0.00032706030482072113
-0.00033150644381719124
-0.00033595165327056137
-0.0003403959206783792
-0.0003448392335408172
-0.00034928157936071517
-0.000353722945643615
-0.00035816331989778913
-0.00036260268963428485
-0.0003670410423669529
-0.00037147836561248686
-0.0003759146468904556
-0.00038034987372334285
-0.00038478403363657605
-0.0003892171141585683
-0.0003936491028207508
-0.00039807998715760573
-0.0004025097547067062
-0.00040693839300874986
-0.00041136588960759003
-0.0004157922320502779
-0.0004202174078870933
-0.0004246414046715816
-0.00042906420996058857
-0.00043348581131429374
-0.0004379061962962497
-0.00044232535247341263
-0.0004467432674161821
-0.0004511599286984321
-0.00045557532389754854
-0.0004599894405944657
-0.0004644022663736967
-0.0004688137888233733
-0.0004732239955352799
-0.00047763287410488615
-0.0004820404121313846
-0.00048644659721772555
-0.000490851416970654
-0.0004952548590007365
-0.0004996569109224074
-0.000504057560353998
-0.0005084567949177679
-0.0005128546022399497
-0.0005172509699507775
-0.0005216458856845197
-0.0005260393370795209
-0.0005304313117782326
-0.0005348217974272466
-0.0005392107816773344
-0.0005435982521834802
-0.0005479841966049135
-0.0005523686026051473
-0.0005567514578520138
-0.0005611327500176928
-0.0005655124667787526
-0.0005698905958161866
-0.0005742671248154392
-0.0005786420414664511
-0.0005830153334636868
-0.0005873869885061707
-0.0005917569942975249
-0.0005961253385460036
-0.0006004920089645218
-0.0006048569932706969
-0.0006092202791868843
-0.0006135818544402023
-0.0006179417067625779
-0.0006222998238907769
-0.0006266561935664361
-0.0006310108035361032
-0.0006353636415512663
-0.0006397146953683937
-0.000644063952748963
-0.0006484114014595004
-0.0006527570292716128
-0.0006571008239620221
-0.0006614427733126001
-0.0006657828651104067
-0.0006701210871477181
-0.0006744574272220643
-0.0006787918731362652
-0.0006831244126984632
-0.000687455033722158
-0.0006917837240262397
-0.0006961104714350271
-0.0007004352637782965
-0.0007047580888913213
-0.0007090789346149026
-0.0007133977887954081
-0.000717714639284801
-0.0007220294739406752
-0.0007263422806262943
-0.000730653047210623
-0.0007349617615683592
-0.000739268411579971
-0.0007435729851317294
-0.0007478754701157455
-0.0007521758544299993
-0.0007564741259783797
-0.0007607702726707162
-0.0007650642824228085
-0.000769356143156471
-0.0007736458427995562
-0.0007779333692859975
-0.0007822187105558356
-0.0007865018545552587
-0.0007907827892366322
-0.0007950615025585357
-0.0007993379824857966
-0.0008036122169895215
-0.0008078841940471333
-0.0008121539016424045
-0.0008164213277654885
-0.0008206864604129568
-0.0008249492875878333
-0.000829209797299621
-0.000833467977564348
-0.00083772381640459
-0.0008419773018495122
-0.0008462284219348966
-0.0008504771647031792
-0.0008547235182034853
-0.0008589674704916592
-0.0008632090096303032
-0.0008674481236888046
-0.0008716848007433747
-0.0008759190288770798
-0.0008801507961798759
-0.0008843800907486428
-0.0008886069006872181
-0.0008928312141064247
-0.0008970530191241149
-0.0009012723038651972
-0.0009054890564616669
-0.0009097032650526478
-0.0009139149177844222
-0.0009181240028104594
-0.0009223305082914559
-0.0009265344223953684
-0.0009307357332974398
-0.0009349344291802432
-0.0009391304982337057
-0.0009433239286551486
-0.0009475147086493167
-0.000951702826428414
-0.0009558882702121344
-0.0009600710282276965
-0.0009642510887098764
-0.0009684284399010445
-0.0009726030700511902
-0.0009767749674179625
-0.0009809441202667027
-0.0009851105168704717
-0.0009892741455100895
-0.0009934349944741667
-0.0009975930520591328
-0.001001748306569275
-0.0010059007463167698
-0.0010100503596217143
-0.0010141971348121607
-0.0010183410602241484
-0.0010224821242017365
-0.0010266203150970364
-0.0010307556212702492
-0.0010348880310896902
-0.0010390175329318314
-0.001043144115181324
-0.001047267766231039
-0.001051388474482098
-0.001055506228343903
-0.001059621016234174
-0.001063732826578975
-0.001067841647812755
-0.0010719474683783719
-0.0010760502767271334
-0.0010801500613188226
-0.0010842468106217347
-0.001088340513112706
-0.001092431157277152
-0.0010965187316090948
-0.0011006032246111957
-0.0011046846247947915
-0.0011087629206799237
-0.0011128381007953704
-0.0011169101536786816
-0.0011209790678762095
-0.0011250448319431378
-0.001129107434443522
-0.0011331668639503142
-0.001137223109045399
-0.0011412761583196231
