0.0668725132242781
1001
0.0014385734185313527
0.0014300322562058347
0.0014214862624047997
0.0014129354661032237
0.0014043798962922547
0.0013958195819791172
0.0013872545521870163
0.001378684835955042
0.0013701104623380725
0.0013615314604066811
0.001352947859247037
0.00134435968796081
0.0013357669756650782
0.0013271697514922248
0.0013185680445898479
0.0013099618841206622
0.0013013512992624018
0.0012927363192077256
0.001284116973164118
0.0012754932903537967
0.0012668653000136112
0.0012582330313949499
0.001249596513763642
0.0012409557763998602
0.0012323108485980247
0.0012236617596667054
0.0012150085389285269
0.0012063512157200686
0.0011976898193917698
0.0011890243793078318
0.0011803549248461213
0.001171681485398071
0.001163004090368586
0.0011543227691759423
0.0011456375512516926
0.001136948466040567
0.001128255543000377
0.0011195588116019147
0.0011108583013288598
0.001102154041677677
0.0010934460621575244
0.0010847343922901476
0.0010760190616097875
0.0010673000996630822
0.0010585775360089657
0.0010498514002185739
0.0010411217218751433
0.0010323885305739146
0.001023651855922033
0.0010149117275384508
0.0010061681750538304
0.0009974212281104438
0.0009886709163620742
0.0009799172694739196
0.0009711603171224923
0.0009624000889955214
0.0009536366147918534
0.0009448699242213525
0.000936100047004807
0.0009273270128738226
0.0009185508515707295
0.0009097715928484827
0.0009009892664705604
0.000892203902210868
0.0008834155298536371
0.0008746241791933269
0.000865829880034526
0.0008570326621918524
0.0008482325554898544
0.0008394295897629106
0.0008306237948551326
0.0008218152006202638
0.0008130038369215803
0.0008041897336317925
0.0007953729206329452
0.000786553427816316
0.0007777312850823196
0.0007689065223404039
0.0007600791695089553
0.000751249256515194
0.0007424168132950767
0.0007335818697931975
0.000724744455962687
0.0007159046017651131
0.0007070623371703783
0.0006982176921566244
0.0006893706967101301
0.0006805213808252104
0.0006716697745041165
0.000662815907756937
0.0006539598106014976
0.0006451015130632602
0.0006362410451752231
0.0006273784369778193
0.0006185137185188195
0.0006096469198532289
0.0006007780710431868
0.0005919072021578679
0.0005830343432733813
0.0005741595244726701
0.000565282775845409
0.0005564041274879064
0.0005475236095030035
0.0005386412519999712
0.0005297570850944123
0.0005208711389081594
0.0005119834435691753
0.0005030940292114496
0.0004942029259749022
0.0004853101640052784
0.00047641577345405
0.0004675197844783152
0.0004586222272406947
0.00044972313190923453
0.00044082252865730327
0.0004319204476634897
0.0004230169191115043
0.0004141119731900772
0.0004052056400928564
0.0003962979500183079
0.0003873889331696136
0.00037847861975456973
0.0003695670399854878
0.0003606542240790917
0.0003517402022564158
0.0003428250047427058
0.0003339086617673154
0.00032499120356360635
0.0003160726603688474
0.00030715306242411113
0.00029823243997417385
0.00028931082326741386
0.00028038824255571034
0.0002714647280943427
0.0002625403101418856
0.0002536150189601128
0.00024468888481389084
0.00023576193797108003
0.00022683420870243316
0.00021790572728149114
0.00020897652398448453
0.00020004662909023138
0.0001911160728800334
0.00018218488563757752
0.0001732530976488303
0.00016432073920194038
0.00015538784058713342
0.00014645443209661418
0.0001375205440244587
0.00012858620666651897
0.00011965145032031729
0.00011071630528494664
0.0001017808018609654
0.00009284497035030086
0.00008390884105614148
0.00007497244428284016
0.00006603581033580963
0.00005709896952142051
0.00004816195214690061
0.00003922478852023174
0.000030287508950049246
0.00002135014374553763
0.000012412723216332798
3.4752776724166355e-6
-5.4621625759875086e-6
-0.000014399567218506995
-0.00002333690594473399
-0.00003227414844431862
-0.00004121126440707397
-0.00005014822352308148
-0.000059084995482786324
-0.00006802154997710374
-0.00007695785669752045
-0.00008589388533619844
-0.00009482960558607159
-0.00010376498714095366
-0.00011269999969563602
-0.00012163461294599394
-0.0001305687965890847
-0.00013950252032325305
-0.0001484357538482293
-0.0001573684668652349
-0.00016630062907708443
-0.0001752322101882861
-0.00018416317990514307
-0.0001930935079358592
-0.00020202316399063765
-0.00021095211778178311
-0.0002198803390238092
-0.00022880779743353176
-0.00023773446273017853
-0.0002466603046354886
-0.00025558529287381213
-0.00026450939717221874
-0.00027343258726059063
-0.0002823548328717342
-0.0002912761037414762
-0.0003001963696087673
-0.00030911560021578435
-0.00031803376530803175
-0.0003269508346344464
-0.00033586677794749574
-0.00034478156500328315
-0.00035369516556164795
-0.0003626075493862696
-0.00037151868624476744
-0.00038042854590880306
-0.00038933709815418646
-0.0003982443127609716
-0.00040715015951356317
-0.00041605460820081795
-0.0004249576286161462
-0.00043385919055761155
-0.00044275926382803964
-0.0004516578182351111
-0.0004605548235914711
-0.0004694502497148279
-0.0004783440664280557
-0.0004872362435592974
-0.0004961267509420638
-0.0005050155584153398
-0.0005139026358236817
-0.0005227879530173237
-0.0005316714798522779
-0.0005405531861904333
-0.0005494330418996636
-0.0005583110168539259
-0.0005671870809333602
-0.0005760612040243964
-0.0005849333560198549
-0.0005938035068190413
-0.0006026716263278627
-0.0006115376844589147
-0.0006204016511315918
-0.0006292634962721879
-0.0006381231898139943
-0.0006469807016974092
-0.0006558360018700297
-0.0006646890602867622
-0.0006735398469099195
-0.0006823883317093217
-0.0006912344846624024
-0.000700078275754306
-0.0007089196749779921
-0.0007177586523343359
-0.0007265951778322281
-0.0007354292214886812
-0.0007442607533289278
-0.0007530897433865215
-0.0007619161617034398
-0.000770739978330186
-0.0007795611633258902
-0.000788379686758411
-0.0007971955187044354
-0.0008060086292495831
-0.0008148189884885039
-0.0008236265665249858
-0.0008324313334720477
-0.0008412332594520469
-0.0008500323145967786
-0.0008588284690475788
-0.0008676216929554202
-0.0008764119564810196
-0.0008851992297949381
-0.0008939834830776779
-0.0009027646865197867
-0.0009115428103219622
-0.0009203178246951463
-0.0009290896998606293
-0.0009378584060501528
-0.0009466239135060074
-0.0009553861924811376
-0.0009641452132392378
-0.0009729009460548574
-0.0009816533612135008
-0.0009904024290117244
-0.0009991481197572452
-0.001007890403769035
-0.0010166292513774208
-0.0010253646329241922
-0.0010340965187626964
-0.0010428248792579379
-0.0010515496847866865
-0.0010602709057375677
-0.0010689885125111725
-0.0010777024755201517
-0.0010864127651893205
-0.0010951193519557563
-0.001103822206268898
-0.0011125212985906552
-0.0011212165993954928
-0.0011299080791705466
-0.0011385957084157146
-0.0011472794576437586
-0.0011559592973804124
-0.0011646351981644673
-0.0011733071305478847
-0.00118197506509589
-0.0011906389723870764
-0.0011992988230134997
-0.001207954587580785
-0.0012166062367082197
-0.0012252537410288608
-0.0012338970711896276
-0.0012425361978514065
-0.0012511710916891464
-0.0012598017233919634
-0.0012684280636632388
-0.0012770500832207155
-0.0012856677527966008
-0.001294281043137666
-0.0013028899250053455
-0.0013114943691758336
-0.001320094346440189
-0.0013286898276044313
-0.001337280783489638
-0.0013458671849320468
-0.0013544490027831593
-0.0013630262079098268
-0.0013715987711943637
-0.001380166663534638
-0.001388729855844178
-0.001397288319052258
-0.0014058420241040118
-0.0014143909419605245
-0.001422935043598931
-0.0014314743000125145
-0.001440008682210813
-0.0014485381612197052
-0.001457062708081517
-0.001465582293855123
-0.0014740968896160365
-0.0014826064664565139
-0.0014911109954856522
-0.0014996104478294876
-0.00150810479463109
-0.0015165940070506652
-0.0015250780562656573
-0.0015335569134708358
-0.0015420305498784013
-0.0015504989367180846
-0.0015589620452372398
-0.0015674198467009453
-0.0015758723123921001
-0.001584319413611525
-0.0015927611216780574
-0.0016011974079286468
-0.0016096282437184572
-0.0016180536004209657
-0.0016264734494280532
-0.0016348877621501065
-0.001643296510016116
-0.001651699664473773
-0.0016600971969895659
-0.0016684890790488744
-0.0016768752821560763
-0.0016852557778346325
-0.0016936305376271952
-0.0017019995330956955
-0.0017103627358214474
-0.0017187201174052415
-0.0017270716494674392
-0.001735417303648078
-0.0017437570516069577
-0.0017520908650237455
-0.0017604187155980686
-0.0017687405750496077
-0.001777056415118203
-0.00178536620756394
-0.0017936699241672528
-0.0018019675367290172
-0.0018102590170706479
-0.0018185443370341947
-0.0018268234684824369
-0.0018350963832989827
-0.001843363053388363
-0.0018516234506761253
-0.0018598775471089324
-0.001868125314654661
-0.0018763667253024873
-0.0018846017510629925
-0.001892830363968256
-0.0019010525360719482
-0.0019092682394494245
-0.0019174774461978277
-0.0019256801284361774
-0.0019338762583054664
-0.0019420658079687546
-0.0019502487496112695
-0.001958425055440493
-0.001966594697686263
-0.0019747576486008633
-0.0019829138804591242
-0.001991063365558509
-0.001999206076219217
-0.0020073419847842734
-0.002015471063619622
-0.002023593285114226
-0.0020317086216801537
-0.002039817045752684
-0.0020479185297903857
-0.0020560130462752265
-0.002064100567712656
-0.0020721810666317077
-0.0020802545155850843
-0.0020883208871492593
-0.0020963801539245672
-0.002104432288535298
-0.0021124772636297844
-0.002120515051880509
-0.0021285456259841867
-0.0021365689586618558
-0.0021445850226589837
-0.002152593790745547
-0.0021605952357161345
-0.0021685893303900316
-0.0021765760476113185
-0.0021845553602489634
-0.0021925272411969124
-0.002200491663374181
-0.0022084485997249524
-0.0022163980232186675
-0.0022243399068501094
-0.002232274223639509
-0.0022402009466326277
-0.002248120048900856
-0.0022560315035412963
-0.0022639352836768645
-0.0022718313624563785
-0.0022797197130546456
-0.002287600308672562
-0.0022954731225371997
-0.002303338127901896
-0.0023111952980463513
-0.002319044606276714
-0.002326886025925675
-0.0023347195303525608
-0.002342545092943422
-0.0023503626871111166
-0.002358172286295421
-0.002365973863963102
-0.002373767393608012
-0.0023815528487511877
-0.0023893302029409295
-0.002397099429752899
-0.0024048605027902096
-0.0024126133956835125
-0.0024203580820910857
-0.002428094535698935
-0.0024358227302208706
-0.0024435426393986034
-0.0024512542370018382
-0.0024589574968283535
-0.002466652392704101
-0.00247433889848329
-0.0024820169880484778
-0.0024896866353106588
-0.0024973478142093566
-0.002505000498712708
-0.0025126446628175514
-0.002520280280549528
-0.0025279073259631556
-0.002535525773141924
-0.0025431355961983825
-0.0025507367692742325
-0.002558329266540408
-0.002565913062197172
-0.0025734881304742
-0.002581054445630669
-0.002588611981955345
-0.0025961607137666752
-0.0026037006154128717
-0.0026112316612719967
-0.0026187538257520567
-0.0026262670832910865
-0.0026337714083572395
-0.002641266775448867
-0.0026487531590946188
-0.0026562305338535147
-0.002663698874315045
-0.0026711581550992523
-0.002678608350856814
-0.0026860494362691374
-0.0026934813860484412
-0.0027009041749378416
-0.00270831777771144
-0.0027157221691744113
-0.002723117324163088
-0.0027305032175450467
-0.00273787982421919
-0.0027452471191158436
-0.0027526050771968296
-0.00275995367345556
-0.0027672928829171194
-0.0027746226806383487
-0.0027819430417079355
-0.0027892539412464994
-0.0027965553544066664
-0.0028038472563731687
-0.0028111296223629206
-0.0028184024276251053
-0.0028256656474412605
-0.0028329192571253624
-0.0028401632320239107
-0.002847397547516014
-0.002854622179013467
-0.0028618371019608468
-0.00286904229183559
-0.0028762377241480725
-0.0028834233744417007
-0.002890599218292994
-0.0028977652313116687
-0.002904921389140713
-0.0029120676674564837
-0.0029192040419687803
-0.002926330488420931
-0.002933446982589876
-0.0029405535002862506
-0.002947650017354467
-0.0029547365096727987
-0.0029618129531534597
-0.0029688793237426904
-0.0029759355974208405
-0.0029829817502024483
-0.0029900177581363217
-0.0029970435973056273
-0.003004059243827965
-0.0030110646738554527
-0.0030180598635748076
-0.003025044789207429
-0.0030320194270094755
-0.0030389837532719547
-0.0030459377443207967
-0.003052881376516935
-0.003059814626256393
-0.0030667374699703625
-0.0030736498841252807
-0.003080551845222919
-0.003087443329800454
-0.003094324314430554
-0.003101194775721457
-0.0031080546903170542
-0.003114904034896961
-0.003121742786176613
-0.0031285709209073233
-0.003135388415876387
-0.0031421952479071427
-0.003148991393859054
-0.0031557768306278
-0.0031625515351453417
-0.003169315484380005
-0.0031760686553365678
-0.0031828110250563288
-0.003189542570617182
-0.003196263269133711
-0.0032029730977572554
-0.0032096720336759945
-0.003216360054115019
-0.0032230371363364185
-0.0032297032576393513
-0.0032363583953601252
-0.0032430025268722763
-0.0032496356295866453
-0.0032562576809514543
-0.003262868658452384
-0.003269468539612653
-0.003276057301993093
-0.0032826349231922275
-0.0032892013808463435
-0.0032957566526295736
-0.003302300716253973
-0.00330883354946959
-0.0033153551300645445
-0.0033218654358651133
-0.0033283644447357898
-0.0033348521345793716
-0.0033413284833370307
-0.0033477934689883962
-0.0033542470695516204
-0.003360689263083457
-0.0033671200276793414
-0.0033735393414734633
-0.0033799471826388345
-0.0033863435293873772
-0.0033927283599699863
-0.003399101652676606
-0.003405463385836312
-0.0034118135378173836
-0.0034181520870273665
-0.00342447901191316
-0.0034307942909610864
-0.003437097902696962
-0.003443389825686176
-0.003449670038533759
-0.003455938519884459
-0.003462195248422815
-0.0034684402028732266
-0.003474673362000032
-0.0034808947046075767
-0.003487104209540287
-0.003493301855682745
-0.0034994876219597557
-0.003505661487336428
-0.0035118234308182364
-0.003517973431451099
-0.003524111468321449
-0.003530237520556307
-0.003536351567323348
-0.003542453587830979
-0.003548543561328403
-0.0035546214671057013
-0.0035606872844938875
-0.003566740992864999
-0.003572782571632151
-0.0035788120002496126
-0.0035848292582128793
-0.003590834325058744
-0.003596827180365362
-0.0036028078037523225
-0.003608776174880723
-0.0036147322734532356
-0.0036206760792141727
-0.003626607571949566
-0.003632526731487228
-0.0036384335376968215
-0.0036443279704899303
-0.003650210009820136
-0.003656079635683069
-0.0036619368281164935
-0.003667781567200366
-0.0036736138330569056
-0.0036794336058506697
-0.003685240865788612
-0.003691035593120155
-0.0036968177681372567
-0.0037025873711744772
-0.003708344382609049
-0.003714088782860943
-0.0037198205523929317
-0.003725539671710665
-0.0037312461213627256
-0.00373693988194071
-0.0037426209340792774
-0.003748289258456229
-0.0037539448357925757
-0.003759587646852592
-0.003765217672443892
-0.003770834893417493
-0.0037764392906678825
-0.003782030845133075
-0.0037876095377946894
-0.003793175349678005
-0.003798728261852037
-0.003804268255429587
-0.0038097953115673205
-0.003815309411465824
-0.003820810536369673
-0.003826298667567493
-0.00383177378639203
-0.003837235874220207
-0.0038426849124731928
-0.0038481208826164595
-0.003853543766159859
-0.0038589535446576727
-0.0038643501997086788
-0.003869733712956219
-0.0038751040660882563
-0.003880461240837448
-0.0038858052189811912
-0.003891135982341701
-0.003896453512786064
-0.003901757792226302
-0.003907048802619438
-0.003912326525967557
-0.0039175909443178595
-0.003922842039762736
-0.003928079794439814
-0.003933304190532039
-0.00393851521026771
-0.003943712835920564
-0.003948897049809825
-0.00395406783430026
-0.003959225171802253
-0.003964369044771859
-0.003969499435710857
-0.00397461632716682
-0.003979719701733171
-0.00398480954204924
-0.003989885830800334
-0.003994948550717782
-0.003999997684579001
-0.004005033215207556
-0.004010055125473221
-0.004015063398292029
-0.00402005801662634
-0.004025038963484895
-0.004030006221922872
-0.004034959775041951
-0.004039899605990366
-0.0040448256979629645
-0.004049738034201262
-0.004054636597993508
-0.0040595213726747365
-0.004064392341626821
-0.004069249488278539
-0.004074092796105622
-0.0040789222486308195
-0.004083737829423942
-0.0040885395221019385
-0.004093327310328929
-0.00409810117781628
-0.004102861108322647
-0.004107607085654037
-0.004112339093663866
-0.004117057116253005
-0.0041217611373698445
-0.0041264511410103455
-0.0041311271112180956
-0.004135789032084359
-0.0041404368877481414
-0.004145070662396236
-0.0041496903402632734
-0.00415429590563179
-0.00415888734283227
-0.004163464636243206
-0.004168027770291145
-0.00417257672945075
-0.004177111498244845
-0.00418163206124448
-0.004186138403068969
-0.004190630508385956
-0.004195108361911457
-0.004199571948409919
-0.0042040212526942705
-0.004208456259625977
-0.004212876954115084
-0.004217283321120273
-0.004221675345648921
-0.004226053012757139
-0.004230416307549833
-0.004234765215180747
-0.004239099720852524
-0.004243419809816748
-0.0042477254673739945
-0.004252016678873888
-0.004256293429715147
-0.004260555705345634
-0.004264803491262412
-0.004269036773011778
-0.004273255536189335
-0.004277459766440021
-0.004281649449458171
-0.004285824570987563
-0.00428998511682146
-0.004294131072802674
-0.004298262424823595
-0.004302379158826257
-0.004306481260802374
-0.004310568716793394
-0.004314641512890545
-0.004318699635234887
-0.004322743070017351
-0.004326771803478791
-0.004330785821910036
-0.0043347851116519245
-0.004338769659095366
-0.004342739450681379
-0.004346694472901137
-0.004350634712296017
-0.004354560155457648
-0.004358470789027954
-0.004362366599699196
-0.004366247574214029
-0.004370113699365535
-0.004373964961997275
-0.004377801349003336
-0.004381622847328368
-0.004385429443967636
-0.0043892211259670575
-0.004392997880423263
-0.004396759694483614
-0.004400506555346273
-0.00440423845026023
-0.004407955366525354
-0.004411657291492437
-0.004415344212563231
-0.004419016117190498
-0.0044226729928780505
-0.004426314827180794
-0.00442994160770477
-0.0044335533221071975
-0.004437149958096516
-0.004440731503432429
-0.004444297945925947
-0.004447849273439422
-0.004451385473886598
-0.0044549065352326445
-0.004458412445494209
-0.004461903192739446
-0.0044653787650880605
-0.004468839150711357
-0.004472284337832272
-0.004475714314725413
-0.004479129069717106
-0.004482528591185432
-0.004485912867560266
-0.004489281887323314
-0.004492635639008161
-0.0044959741112003005
-0.00449929729253718
-0.0045026051717082394
-0.004505897737454947
-0.004509174978570837
-0.004512436883901559
-0.004515683442344896
-0.004518914642850823
-0.004522130474421532
-0.004525330926111477
-0.0045285159870274054
-0.004531685646328398
-0.004534839893225909
-0.004537978716983796
-0.004541102106918367
-0.004544210052398407
-0.004547302542845221
-0.004550379567732666
-0.004553441116587188
-0.004556487178987864
-0.004559517744566426
-0.004562532803007309
-0.004565532344047677
-0.004568516357477464
-0.0045714848331394045
-0.00457443776092907
-0.004577375130794907
-0.004580296932738268
-0.004583203156813444
-0.004586093793127705
-0.004588968831841327
-0.004591828263167627
-0.0045946720773730005
-0.004597500264776958
-0.0046003128157521425
-0.004603109720724378
-0.004605890970172698
-0.004608656554629374
-0.004611406464679955
-0.0046141406909632945
-0.004616859224171582
-0.00461956205505038
-0.0046222491743986484
-0.004624920573068787
-0.004627576241966655
-0.0046302161720516094
-0.004632840354336531
-0.004635448779887863
-0.004638041439825635
-0.004640618325323491
-0.0046431794276087296
-0.00464572473796233
-0.004648254247718969
-0.004650767948267077
-0.00465326583104884
-0.00465574788756025
-0.004658214109351122
-0.004660664488025124
-0.004663099015239814
-0.00466551768270666
-0.004667920482191071
-0.004670307405512426
-0.004672678444544102
-0.004675033591213502
-0.004677372837502082
-0.004679696175445379
-0.0046820035971330345
-0.004684295094708833
-0.004686570660370712
-0.004688830286370804
-0.004691073965015455
-0.004693301688665254
-0.004695513449735054
-0.004697709240694007
-0.004699889054065583
-0.004702052882427595
-0.004704200718412233
-0.004706332554706075
-0.004708448384050127
-0.0047105481992398375
-0.004712631993125128
-0.004714699758610413
-0.004716751488654632
-0.004718787176271262
-0.004720806814528349
-0.004722810396548535
-0.0047247979155090715
-0.004726769364641852
-0.004728724737233433
-0.004730664026625052
-0.004732587226212659
-0.004734494329446925
-0.004736385329833286
-0.004738260220931949
-0.00474011899635791
-0.004741961649780993
-0.004743788174925863
-0.004745598565572042
-0.004747392815553938
-0.004749170918760866
-0.004750932869137064
-0.004752678660681716
-0.004754408287448974
-0.0047561217435479804
-0.004757819023142881
-0.0047595001204528515
-0.004761165029752114
-0.004762813745369961
-0.0047644462616907675
-0.004766062573154015
-0.004767662674254313
-0.0047692465595414145
-0.004770814223620232
-0.00477236566115086
-0.004773900866848595
-0.004775419835483949
-0.00477692256188267
-0.004778409040925758
-0.004779879267549488
-0.004781333236745418
-0.004782770943560416
-0.004784192383096669
-0.004785597550511703
-0.004786986441018403
-0.0047883590498850265
-0.0047897153724352146
-0.004791055404048018
-0.004792379140157906
-0.004793686576254784
-0.004794977707884009
-0.004796252530646404
-0.004797511040198278
-0.004798753232251431
-0.004799979102573179
-0.004801188646986362
-0.0048023818613693635
-0.00480355874165612
-0.004804719283836133
-0.004805863483954492
-0.004806991338111882
-0.004808102842464594
-0.004809197993224545
-0.004810276786659284
-0.004811339219092012
-0.004812385286901592
-0.004813414986522555
-0.004814428314445123
-0.004815425267215213
-0.004816405841434454
-0.0048173700337601965
-0.004818317840905521
-0.004819249259639256
-0.004820164286785981
-0.004821062919226047
-0.004821945153895577
-0.004822810987786486
-0.0048236604179464826
-0.004824493441479088
-0.004825310055543637
-0.004826110257355296
-0.004826894044185066
-0.004827661413359796
-0.004828412362262191
-0.004829146888330821
-0.00482986498906013
-0.004830566662000445
-0.004831251904757981
-0.004831920714994855
-0.00483257309042909
-0.004833209028834625
-0.004833828528041326
-0.004834431585934975
-0.004835018200457308
-0.004835588369605997
-0.004836142091434667
-0.004836679364052901
-0.004837200185626248
-0.004837704554376227
-0.004838192468580335
-0.004838663926572052
-0.004839118926740846
-0.004839557467532183
-0.004839979547447523
-0.004840385165044337
-0.004840774318936101
-0.004841147007792311
-0.004841503230338481
-0.0048418429853561455
-0.004842166271682871
-0.004842473088212257
-0.004842763433893934
-0.004843037307733576
-0.0048432947087929
