0.14590366521660675
1001
0.051540273208138226
0.051306263846544894
0.051071423768067004
0.050835756775200205
0.05059926668382972
0.05036195732316871
0.050123832535696175
0.049884896177094726
0.04964515211618826
0.04940460423487924
0.04916325642808583
0.048921112603678894
0.04867817668241865
0.0484344525978913
0.04818994429644521
0.047944655737127084
0.047698590891617904
0.04745175374416848
0.047204148291535145
0.04695577854291482
0.04670664851988028
0.046456762256314975
0.046206123798347674
0.045954737204287
0.04570260654455574
0.04544973590162489
0.04519612936994758
0.04494179105589278
0.04468672507767879
0.04443093556530663
0.04417442666049308
0.043917202516603644
0.04365926729858534
0.04340062518289926
0.0431412803574529
0.04288123702153237
0.04262049938573447
0.04235907167189838
0.04209695811303744
0.04183416295327051
0.041570690447753335
0.04130654486260955
0.041041730474861704
0.04077625157236197
0.040510112453722665
0.040243317428246744
0.03997587081585796
0.03970777694703096
0.03943904016272112
0.039169664814294285
0.03889965526345633
0.0386290158821825
0.038357751052646674
0.038085865167150366
0.03781336262805159
0.03754024784769363
0.037266525248333585
0.03699219926207076
0.03671727433077485
0.03644175490601414
0.03616564544898332
0.03588895043043127
0.035611674330588705
0.03533382163909562
0.03505539685492859
0.03477640448632791
0.03449684905072466
0.03421673507466744
0.033936067093749196
0.033654849652533736
0.03337308730448218
0.033090784611879115
0.032807946145758875
0.032524576485831444
0.03224068022040832
0.0319562619463282
0.03167132626888262
0.031385877801741284
0.031099921166877445
0.03081346099449303
0.030526501922943663
0.030239048598663613
0.029951105676090477
0.0296626778175899
0.02937376969338001
0.02908438598145584
0.028794531367513584
0.028504210544874748
0.02821342821441006
0.027922189084463478
0.027630497870775844
0.027338359296408644
0.02704577809166744
0.02675275899402528
0.026459306748046054
0.026165426105307615
0.025871121824324852
0.025576398670472695
0.025281261415908834
0.024985714839496572
0.024689763726727394
0.02439341286964346
0.024096667066760082
0.023799531122987928
0.02350200984955528
0.023204108063930178
0.02290583058974231
0.02260718225670497
0.022308167900536885
0.0220087923628838
0.02170906049124026
0.021408977138870924
0.021108547164732122
0.020807775433393138
0.02050666681495742
0.020205226184983754
0.01990345842440727
0.019601368419460512
0.019298961061594195
0.018996241247398075
0.018693213878521703
0.018389883861594868
0.018086256108148444
0.017782335534534618
0.01747812706184737
0.017173635615842796
0.016868866126859373
0.016563823529738054
0.016258512763742433
0.01595293877247874
0.015647106503815757
0.015341020909804805
0.015034686946599438
0.014728109574375248
0.014421293757249605
0.014114244463201173
0.013806966663989523
0.013499465335074639
0.013191745455536337
0.012883812007993635
0.012575669978524101
0.012267324356583072
0.011958780134922924
0.011650042309512186
0.011341115879454656
0.011032005846908442
0.010722717217005013
0.010413254997768098
0.010103624200032616
0.009793829837363554
0.009483876925974757
0.009173770484647759
0.008863515534650422
0.00855311709965576
0.00824258020566047
0.007931909880903617
0.007621111155785241
0.007310189062784786
0.006999148636379802
0.006687994912964192
0.0063767329307669015
0.0060653677297701535
0.005753904351627929
0.005442347839584317
0.0051307032383918205
0.004818975594229746
0.0045071699546223995
0.0041952913683574395
0.003883344885404054
0.0035713355568312614
0.00325926843472604
0.0029471485721116117
0.002634981022865562
0.002322770841638028
0.0020105230837698385
0.001698242805210656
0.0013859350624371555
0.0010736049123710684
0.000761257412297375
0.00044889761978233897
0.0001365305925917247
-0.0001758386113911974
-0.00048820493424756435
-0.0008005633181047122
-0.001112908705218187
-0.0014252360380535114
-0.0017375402593682806
-0.002049816312293818
-0.0023620591404172526
-0.002674263687863222
-0.002986424899375917
-0.0032985377204007905
-0.0036105970971664868
-0.00392259797676664
-0.004234535307241695
-0.004546404037660739
-0.004858199118203222
-0.005169915500240826
-0.005481548136419104
-0.00579309198073929
-0.006104541988639982
-0.0064158931170788
-0.0067271403246141025
-0.007038278571486521
-0.007349302819700682
-0.007660208033106719
-0.007970989177481813
-0.008281641220611773
-0.008592159132372407
-0.008902537884811091
-0.009212772452228093
-0.009522857811258034
-0.009832788940951156
-0.01014256082285467
-0.010452168441093956
-0.01076160678245385
-0.011070870836459848
-0.0113799555954591
-0.011688856054701621
-0.011997567212421298
-0.01230608406991685
-0.012614401631632827
-0.012922514905240434
-0.013230418901718433
-0.013538108635433846
-0.013845579124222776
-0.014152825389471045
-0.014459842456194777
-0.014766625353120991
-0.015073169112768106
-0.015379468771526347
-0.015685519369738145
-0.0159913159517784
-0.016296853566134785
-0.016602127265487904
-0.016907132106791393
-0.01721186315135195
-0.017516315464909324
-0.017820484117716213
-0.018124364184618047
-0.018427950745132794
-0.018731238883530704
-0.019034223688913648
-0.019336900255294928
-0.01963926368167856
-0.019941309072138702
-0.02024303153589884
-0.02054442618741112
-0.020845488146435272
-0.02114621253811787
-0.021446594493071087
-0.021746629147451565
-0.0220463116430392
-0.022345637127315878
-0.022644600753543933
-0.022943197680844695
-0.0232414230742769
-0.023539272104914875
-0.0238367399499268
-0.024133821792652905
-0.024430512822683208
-0.024726808235935635
-0.02502270323473377
-0.025318193027884444
-0.02561327283075542
-0.025907937865352833
-0.02620218336039847
-0.026496004551407215
-0.026789396680764046
-0.027082354997801136
-0.02737487475887478
-0.027666951227442168
-0.027958579674138086
-0.028249755376851586
-0.028540473620802337
-0.02883072969861702
-0.029120518910405544
-0.029409836563837156
-0.02969867797421643
-0.029987038464559083
-0.030274913365667788
-0.03056229801620768
-0.03084918776278196
-0.031135577960007047
-0.03142146397058805
-0.031706841165393684
-0.03199170492353125
-0.0322760506324215
-0.03255987368787336
-0.032843169494158386
-0.03312593346408526
-0.033408161019074005
-0.03368984758923023
-0.03397098861341894
-0.03425157953933866
-0.034531615823594916
-0.034811092931773896
-0.03509000633851586
-0.035368351527588486
-0.0356461239919599
-0.03592331923387165
-0.03619993276491167
-0.03647596010608683
-0.03675139678789551
-0.03702623835040001
-0.03730048034329865
-0.037574118325997975
-0.037847147867684595
-0.0381195645473969
-0.03839136395409672
-0.0386625416867407
-0.038933093354351515
-0.03920301457608916
-0.039472300981321665
-0.03974094820969604
-0.04000895191120867
-0.040276307746276066
-0.040543011385804864
-0.04080905851126201
-0.0410744448147447
-0.04133916599905021
-0.04160321777774533
-0.04186659587523586
-0.04212929602683586
-0.04239131397883667
-0.04265264548857577
-0.042913286324505535
-0.04317323226626171
-0.04343247910473186
-0.04369102264212327
-0.04394885869203119
-0.04420598307950653
-0.04446239164112345
-0.04471808022504671
-0.04497304469109905
-0.04522728091082814
-0.045480784767573376
-0.04573355215653271
-0.04598557898482893
-0.0462368611715761
-0.04648739464794549
-0.04673717535723154
-0.04698619925491763
-0.04723446230874138
-0.04748196049876009
-0.0477286898174158
-0.047974646269600206
-0.048219825872719224
-0.048464224656757704
-0.048707838664343514
-0.04895066395081169
-0.049192696584268385
-0.04943393264565442
-0.049674368228808795
-0.04991399944053195
-0.05015282240064881
-0.050390833242071636
-0.05062802811086255
-0.050864403166296014
-0.05109995458092107
-0.05133467854062319
-0.05156857124468614
-0.0518016289058535
-0.05203384775039001
-0.05226522401814257
-0.05249575396260128
-0.05272543385095999
-0.052954259964176825
-0.05318222859703438
-0.053409336058199634
-0.053635578670283915
-0.05386095276990225
-0.054085454707732766
-0.054309080848575844
-0.054531827571412825
-0.05475369126946489
-0.054974668350251214
-0.05519475523564722
-0.05541394836194268
-0.05563224417989908
-0.05584963915480752
-0.05606612976654555
-0.05628171250963444
-0.05649638389329584
-0.05671014044150833
-0.056922978693063654
-0.05713489520162282
-0.05734588653577194
-0.057555949279077694
-0.057765080030142794
-0.05797327540266085
-0.05818053202547142
-0.05838684654261449
-0.05859221561338489
-0.058796635912386215
-0.05900010412958489
-0.05920261697036367
-0.059404171155574975
-0.05960476342159398
-0.05980439052037157
-0.060003049219486765
-0.06020073630219922
-0.06039744856750122
-0.06059318283016958
-0.0607879359208171
-0.06098170468594402
-0.06117448598798912
-0.061366276705380286
-0.06155707373258534
-0.06174687398016218
-0.06193567437480876
-0.062123471859412964
-0.06231026339310212
-0.06249604595129218
-0.06268081652573666
-0.0628645721245754
-0.06304730977238307
-0.06322902651021725
-0.06340971939566649
-0.06358938550289768
-0.06376802192270373
-0.06394562576255054
-0.06412219414662379
-0.0642977242158757
-0.06447221312807104
-0.0646456580578334
-0.06481805619669087
-0.06498940475312141
-0.06515970095259829
-0.06532894203763472
-0.06549712526782872
-0.06566424791990748
-0.06583030728777131
-0.06599530068253763
-0.06615922543258443
-0.0663220788835935
-0.06648385839859354
-0.06664456135800263
-0.06680418515967099
-0.06696272721892271
-0.06712018496859798
-0.06727655585909441
-0.06743183735840844
-0.06758602695217628
-0.06773912214371462
-0.06789112045406115
-0.06804201942201461
-0.06819181660417463
-0.06834050957498143
-0.06848809592675492
-0.06863457326973381
-0.06877993923211431
-0.06892419146008845
-0.06906732761788223
-0.06920934538779352
-0.06935024247022951
-0.06949001658374392
-0.06962866546507405
-0.06976618686917735
-0.06990257856926782
-0.07003783835685196
-0.07017196404176478
-0.07030495345220487
-0.07043680443477005
-0.07056751485449182
-0.07069708259487016
-0.07082550555790776
-0.07095278166414395
-0.07107890885268849
-0.07120388508125469
-0.07132770832619281
-0.0714503765825226
-0.0715718878639658
-0.07169224020297844
-0.07181143165078249
-0.07192946027739756
-0.07204632417167223
-0.07216202144131467
-0.07227655021292372
-0.07238990863201886
-0.07250209486307044
-0.07261310708952938
-0.0727229435138565
-0.0728316023575517
-0.07293908186118281
-0.07304538028441389
-0.07315049590603367
-0.0732544270239832
-0.07335717195538353
-0.07345872903656296
-0.07355909662308391
-0.07365827308976962
-0.07375625683073042
-0.07385304625938979
-0.07394863980851003
-0.07404303593021752
-0.07413623309602803
-0.0742282297968713
-0.07431902454311538
-0.07440861586459108
-0.07449700231061543
-0.07458418245001543
-0.07467015487115103
-0.07475491818193812
-0.0748384710098711
-0.07492081200204484
-0.07500193982517697
-0.07508185316562928
-0.07516055072942883
-0.07523803124228931
-0.07531429344963118
-0.0753893361166025
-0.07546315802809846
-0.07553575798878139
-0.07560713482309993
-0.0756772873753082
-0.0757462145094844
-0.07581391510954923
-0.07588038807928406
-0.07594563234234852
-0.07600964684229809
-0.07607243054260109
-0.07613398242665555
-0.07619430149780557
-0.0762533867793576
-0.07631123731459613
-0.0763678521667993
-0.07642323041925386
-0.07647737117527029
-0.07653027355819719
-0.07658193671143539
-0.07663235979845194
-0.07668154200279366
-0.07672948252810032
-0.0767761805981175
-0.07682163545670923
-0.0768658463678702
-0.07690881261573773
-0.07695053350460324
-0.07699100835892367
-0.07703023652333231
-0.07706821736264947
-0.07710495026189275
-0.07714043462628697
-0.07717466988127386
-0.07720765547252131
-0.07723939086593236
-0.07726987554765391
-0.07729910902408497
-0.07732709082188469
-0.07735382048797995
-0.07737929758957282
-0.07740352171414751
-0.07742649246947703
-0.07744820948362957
-0.07746867240497451
-0.07748788090218818
-0.07750583466425906
-0.077522533400493
-0.07753797684051786
-0.07755216473428787
-0.07756509685208762
-0.07757677298453602
-0.07758719294258934
-0.0775963565575446
-0.07760426368104212
-0.07761091418506791
-0.07761630796195584
-0.07762044492438937
-0.07762332500540294
-0.07762494815838296
-0.07762531435706882
-0.07762442359555301
-0.07762227588828144
-0.0776188712700531
-0.07761420979601953
-0.077608291541684
-0.07760111660290009
-0.07759268509587036
-0.07758299715714435
-0.07757205294361637
-0.07755985263252302
-0.07754639642144023
-0.07753168452828023
-0.07751571719128776
-0.07749849466903652
-0.07748001724042469
-0.07746028520467065
-0.07743929888130797
-0.07741705861018039
-0.07739356475143612
-0.07736881768552226
-0.07734281781317841
-0.07731556555543026
-0.0772870613535829
-0.07725730566921342
-0.07722629898416375
-0.07719404180053253
-0.07716053464066726
-0.07712577804715565
-0.07708977258281696
-0.0770525188306928
-0.07701401739403778
-0.07697426889630964
-0.07693327398115922
-0.07689103331242005
-0.07684754757409752
-0.07680281747035794
-0.07675684372551701
-0.07670962708402816
-0.07666116831047047
-0.07661146818953632
-0.07656052752601866
-0.07650834714479797
-0.07645492789082894
-0.07640027062912674
-0.07634437624475307
-0.0762872456428018
-0.0762288797483843
-0.07616927950661449
-0.07610844588259351
-0.07604637986139416
-0.07598308244804483
-0.07591855466751335
-0.07585279756469032
-0.07578581220437218
-0.0757175996712441
-0.07564816106986215
-0.07557749752463574
-0.07550561017980922
-0.07543250019944336
-0.07535816876739652
-0.07528261708730552
-0.07520584638256617
-0.0751278578963133
-0.07504865289140084
-0.07496823265038123
-0.07488659847548479
-0.0748037516885984
-0.07471969363124437
-0.07463442566455848
-0.07454794916926819
-0.07446026554567
-0.07437137621360704
-0.0742812826124459
-0.07418998620105334
-0.07409748845777284
-0.07400379088040039
-0.0739088949861605
-0.07381280231168141
-0.07371551441297049
-0.07361703286538866
-0.07351735926362521
-0.07341649522167183
-0.07331444237279655
-0.07321120236951716
-0.0731067768835746
-0.0730011676059059
-0.07289437624661661
-0.0727864045349533
-0.07267725421927547
-0.0725669270670273
-0.07245542486470895
-0.07234274941784771
-0.07222890255096874
-0.0721138861075655
-0.0719977019500699
-0.07188035195982219
-0.0717618380370405
-0.07164216210078997
-0.07152132608895177
-0.07139933195819174
-0.07127618168392866
-0.07115187726030221
-0.07102642070014083
-0.07089981403492893
-0.07077205931477418
-0.0706431586083742
-0.07051311400298316
-0.07038192760437784
-0.07024960153682372
-0.07011613794304034
-0.06998153898416692
-0.06984580683972699
-0.06970894370759347
-0.06957095180395283
-0.06943183336326929
-0.06929159063824865
-0.0691502258998018
-0.06900774143700794
-0.0688641395570775
-0.06871942258531483
-0.0685735928650805
-0.06842665275775343
-0.06827860464269253
-0.06812945091719828
-0.06797919399647384
-0.067827836313586
-0.06767538031942578
-0.06752182848266874
-0.06736718328973486
-0.06721144724474859
-0.06705462286949798
-0.06689671270339412
-0.06673771930342969
-0.06657764524413799
-0.0664164931175508
-0.06625426553315683
-0.06609096511785914
-0.0659265945159327
-0.06576115638898171
-0.06559465341589629
-0.06542708829280926
-0.06525846373305239
-0.06508878246711255
-0.06491804724258744
-0.06474626082414105
-0.06457342599345903
-0.0643995455492035
-0.0642246223069679
-0.06404865909923114
-0.06387165877531209
-0.0636936242013231
-0.06351455826012384
-0.06333446385127443
-0.06315334389098867
-0.06297120131208661
-0.06278803906394734
-0.06260386011246097
-0.06241866743998065
-0.06223246404527447
-0.062045252943476716
-0.06185703716603904
-0.06166781976068149
-0.06147760379134305
-0.06128639233813219
-0.0610941884972768
-0.06090099538107412
-0.06070681611784046
-0.06051165385186026
-0.060315511743335534
-0.06011839296833441
-0.059920300718739924
-0.05972123820219826
-0.05952120864206653
-0.05932021527736109
-0.0591182613627047
-0.05891535016827404
-0.058711484979746584
-0.05850666909824751
-0.058300905840296235
-0.05809419853775279
-0.05788655053776357
-0.057677965202707605
-0.05746844591014154
-0.057257996052745556
-0.05704661903826788
-0.05683431828947015
-0.056621097244071474
-0.05640695935469302
-0.05619190808880212
-0.05597594692865617
-0.05575907937124601
-0.055541308928239455
-0.05532263912592461
-0.05510307350515241
-0.05488261562127948
-0.05466126904411056
-0.0544390373578408
-0.054215924160997415
-0.05399193306638171
-0.053767067701010515
-0.05354133170605738
-0.05331472873679364
-0.05308726246252922
-0.05285893656655329
-0.052629754746074606
-0.052399720712161466
-0.05216883818968193
-0.051937110917243325
-0.05170454264713149
-0.05147113714525057
-0.051236898191061496
-0.051001829577521106
-0.050765935111020566
-0.05052921861132379
-0.05029168391150566
-0.050053334857889833
-0.049814175309986594
-0.04957420914043019
-0.049333440234916204
-0.04909187249213874
-0.04884950982372715
-0.04860635615418272
-0.048362415420815305
-0.04811769157367912
-0.04787218857550937
-0.047625910401657576
-0.0473788610400276
-0.04713104449101076
-0.046882464767421174
-0.046633125894430826
-0.04638303190950445
-0.046132186862333904
-0.0458805948147728
-0.04562825984077062
-0.045375186026306885
-0.04512137746932499
-0.044866838279665575
-0.04461157257900034
-0.044355584500764954
-0.04409887819009251
-0.04384145780374602
-0.04358332751005143
-0.04332449148883005
-0.043064953931330426
-0.04280471904016126
-0.04254379102922281
-0.0422821741236387
-0.04201987255968772
-0.04175689058473504
-0.041493232457163506
-0.04122890244630481
-0.04096390483237
-0.040698243906380716
-0.04043192397009896
-0.04016494933595831
-0.03989732432699338
-0.03962905327677019
-0.03936014052931598
-0.03909059043904859
-0.038820407370706266
-0.03854959569927694
-0.03827815980992717
-0.03800610409793134
-0.03773343296860036
-0.03746015083721051
-0.03718626212893181
-0.036911771278756264
-0.036636682731426416
-0.03636100094136274
-0.03608473037259234
-0.035807875498675854
-0.03553044080263572
-0.035252430776883066
-0.034973849923145055
-0.03469470275239232
-0.03441499378476559
-0.03413472754950257
-0.03385390858486459
-0.03357254143806332
-0.033290630665186734
-0.033008180831125854
-0.03272519650950029
-0.03244168228258467
-0.032157642741233984
-0.03187308248480962
-0.031588006121104774
-0.03130241826626981
-0.031016323544737472
-0.03072972658914784
-0.030442632040273844
-0.030155044546945727
-0.02986696876597565
-0.029578409362082676
-0.029289371007816884
-0.02899985838348385
-0.02870987617706905
-0.0284194290841615
-0.02812852180787831
-0.02783715905878774
-0.027545345554833824
-0.027253086021259317
-0.02696038519052953
-0.026667247802255448
-0.02637367860311708
-0.0260796823467867
-0.025785263793851886
-0.025490427711738102
-0.025195178874632008
-0.024899522063403696
-0.024603462065529488
-0.02430700367501449
-0.024010151692314755
-0.023712910924259756
-0.023415286183974354
-0.02311728229080106
-0.022818904070221847
-0.022520156353780123
-0.022221043979002358
-0.02192157178931983
-0.021621744633990282
-0.021321567368019247
-0.021021044852081613
-0.020720181952442653
-0.020418983540879468
-0.02011745449460192
-0.01981559969617394
-0.019513424033434063
-0.01921093239941665
-0.01890812969227238
-0.018605020815189124
-0.018301610676312457
-0.017997904188666303
-0.017693906270073136
-0.017389621843074556
-0.017085055834851454
-0.01678021317714445
-0.016475098806173778
-0.0161697176625594
-0.01586407469124128
-0.01555817484139868
-0.015252023066370895
-0.014945624323576214
-0.01463898357443229
-0.014332105784275436
-0.014024995922280138
-0.013717658961378958
-0.013410099878181848
-0.013102323652895386
-0.012794335269242365
-0.012486139714380898
-0.012177741978823953
-0.01186914705635832
-0.011560359943963682
-0.011251385641731936
-0.010942229152785936
-0.010632895483198835
-0.010323389641912605
-0.010013716640657597
-0.009703881493870487
-0.009393889218613638
-0.009083744834493849
-0.008773453363581159
-0.00846301983032698
-0.008152449261483376
-0.007841746686021316
-0.007530917135049357
-0.007219965641732136
-0.006908897241208877
-0.006597716970511946
-0.006286429868484982
-0.005975040975701764
-0.0056635553343841825
-0.005351977988321065
-0.005040313982785851
-0.004728568364455329
-0.004416746181327948
-0.004104852482641931
-0.0037928923187935245
-0.0034808707412552504
-0.0031687928024941785
-0.0028566635558897376
-0.0025444880556527126
-0.002232271356742283
-0.0019200185147853995
-0.0016077345859935503
-0.001295424627082276
-0.0009830936951883218
-0.0006707468477880962
-0.00035838914261589845
-0.00004602563758139428
0.0002663386093112258
0.0005786985400460582
0.0008910490966770062
0.0012033852214097067
0.0015157018566836124
0.0018279939452536043
0.002140256430272038
0.0024524842553706578
0.0027646723647423207
0.0030768157032231673
0.0033889092163741446
0.0037009478505629382
0.00401292655304591
0.004324840272049858
0.004636683956853933
0.0049484525578711545
0.005260141026730329
0.005571744316357869
0.005883257381059392
0.006194675176601541
0.006505992660293618
0.006817204791069141
0.007128306529567595
0.007439292838215935
0.0077501586813104
0.008060899025097693
0.00837150883785678
0.00868198308998
0.008992316754055091
0.009302504804946213
0.009612542219875246
0.009922423978503379
0.010232145063011972
0.010541700458184628
0.010851085151487382
0.01116029413315084
0.011469322396250299
0.011778164936787945
0.012086816753772713
