0.10334842952842979
1001
0.04551100123953248
0.045423944212445916
0.04533651819008053
0.04524872388258074
0.04516056200308291
0.045072033267709456
0.04498313839556306
0.044893878108720836
0.0448042531322285
0.04471426419409439
0.044623912025283693
0.04453319735971236
0.04444212093424132
0.04435068348867028
0.04425888576573196
0.04416672851108588
0.04407421247331238
0.043981338403906514
0.043888107057272016
0.0437945191907151
0.04370057556443832
0.04360627694153445
0.04351162408798026
0.043416617772630235
0.04332125876721047
0.04322554784631225
0.043129485787385895
0.043033073370734365
0.04293631137950691
0.04283920059969284
0.04274174182011497
0.04264393583242333
0.0425457834310887
0.04244728541339618
0.042348442579438685
0.042249255732110476
0.042149725677100625
0.04204985322288647
0.04194963918072707
0.04184908436465661
0.04174818959147779
0.04164695568075516
0.04154538345480854
0.04144347373870629
0.04134122736025859
0.04123864515001077
0.041135727941236544
0.04103247656993126
0.04092889187480505
0.04082497469727612
0.040720725881463825
0.04061614627418187
0.04051123672493142
0.040405998085894186
0.04030043121192552
0.040194536960547464
0.040088316191941836
0.03998176976894316
0.03987489855703171
0.03976770342432648
0.03966018524157814
0.03955234488216193
0.039444183222070606
0.03933570113990733
0.03922689951687849
0.03911777923678657
0.03900834118602302
0.03889858625356093
0.038788515330948
0.038678129312299095
0.03856742909428915
0.038456415576145785
0.03834508965964208
0.038233452249089146
0.0381215042513289
0.03800924657572663
0.03789668013416363
0.03778380584102978
0.037670624613216165
0.03755713737010752
0.03744334503357494
0.03732924852796823
0.03721484878010845
0.03710014671928047
0.03698514327722526
0.0368698393881325
0.03675423598863285
0.036638334017790423
0.03652213441709516
0.0364056381304551
0.03628884610418886
0.036171759287017796
0.0360543786300584
0.03593670508681453
0.03581873961316971
0.035700483167379296
0.03558193671006275
0.03546310120419583
0.03534397761510275
0.03522456691044836
0.03510487006023029
0.03498488803677102
0.03486462181471007
0.034744072370996
0.03462324068487856
0.03450212773790064
0.034380734513890364
0.03425906199895311
0.03413711118146347
0.034014883052057174
0.033892378603623166
0.03376959883129544
0.03364654473244501
0.03352321730667175
0.03339961755579635
0.03327574648385215
0.03315160509707691
0.033027194403904815
0.032902515414958096
0.03277756914303893
0.03265235660312117
0.03252687881234214
0.03240113678999433
0.032275131557517156
0.03214886413848863
0.032022335558617054
0.03189554684573274
0.031768499029779566
0.0316411931428067
0.03151363021896016
0.031385811294474444
0.031257737407664105
0.03112940959891531
0.031000828910677396
0.030871996387454418
0.030742913075796647
0.030613580024292052
0.03048399828355784
0.030354168906231847
0.030224092946964053
0.030093771462407982
0.029963205511212124
0.029832396154011356
0.029701344453418297
0.029570051474014696
0.02943851828234276
0.02930674594689655
0.029174735538113207
0.02904248812836436
0.028910004791947365
0.028777286605076547
0.028644334645874545
0.02851114999436344
0.028377733732456084
0.02824408694394729
0.028110210714504962
0.027976106131661363
0.02784177428480424
0.02770721626516796
0.02757243316582469
0.027437426081675483
0.0273021961094414
0.027166744347654568
0.02703107189664932
0.026895179858553227
0.02675906933727811
0.026622741438511115
0.026486197269705723
0.026349437940072745
0.026212464560571358
0.026075278243899977
0.025937880104487315
0.025800271258483307
0.025662452823750015
0.025524425919852566
0.02538619166805004
0.02524775119128644
0.025109105614181428
0.02497025606302134
0.024831203665749917
0.024691949551959212
0.024552494852880403
0.02441284070137461
0.02427298823192363
0.024132938580620787
0.023992692885161725
0.0238522522848351
0.023711617920513333
0.0235707909346434
0.02342977247123747
0.0232885636758637
0.02314716569563686
0.02300557967920905
0.022863806776760337
0.02272184813998946
0.022579704922104416
0.02243737827781318
0.0222948693633142
0.022152179336287114
0.02200930935588331
0.02186626058271645
0.021723034178853164
0.02157963130780352
0.021436053134511582
0.021292300825345962
0.02114837554809033
0.021004278471933993
0.02086001076746226
0.020715573606647105
0.020570968162837485
0.020426195610749924
0.020281257126458896
0.020136153887387355
0.019990887072297042
0.01984545786127904
0.01969986743574414
0.019554116978413184
0.019408207673307535
0.01926214070573944
0.019115917262302398
0.018969538530861484
0.018823005700543776
0.01867631996172859
0.018529482506037916
0.01838249452632669
0.018235357216673072
0.01808807177236881
0.017940639389909467
0.01779306126698477
0.017645338602468797
0.01749747259641032
0.017349464450023003
0.017201315365675672
0.01705302654688249
0.016904599198293277
0.016756034525683642
0.01660733373594523
0.016458498037075903
0.016309528638169896
0.016160426749408055
0.016011193582047986
0.015861830348414183
0.0157123382618882
0.015562718536898798
0.015412972388912085
0.015263101034421623
0.015113105690938548
0.01496298757698171
0.014812747912067721
0.014662387916701096
0.014511908812364282
0.01436131182150783
0.014210598167540358
0.014059769074818653
0.013908825768637771
0.013757769475221015
0.01360660142170997
0.013455322836154608
0.013303934947503268
0.013152438985592643
0.013000836181137792
0.012849127765722225
0.01269731497178782
0.012545399032624766
0.012393381182361711
0.012241262655955546
0.012089044689181464
0.011936728518622992
0.011784315381661746
0.0116318065164676
0.011479203161988461
0.01132650655794028
0.01117371794479701
0.011020838563780418
0.01086786965685011
0.010714812466693405
0.010561668236715208
0.010408438211027961
0.010255123634441464
0.01010172575245285
0.009948245811236415
0.009794685057633506
0.009641044739142346
0.009487326103907973
0.009333530400712095
0.009179658878962852
0.009025712788684769
0.00887169338050856
0.008717601905660956
0.008563439615954538
0.008409207763777632
0.00825490760208402
0.00810054038438288
0.007946107364728493
0.007791609797710144
0.007637048938441895
0.007482426042552336
0.007327742366174503
0.00717299916593554
0.007018197698946596
0.006863339222792552
0.006708424995521804
0.0065534562756361
0.006398434322080222
0.006243360394231845
0.0060882357518912585
0.005933061655271139
0.0057778393649863214
0.005622570142043535
0.005467255247831193
0.005311895944109124
0.0051564934929983165
0.005001049156970661
0.004845564198838717
0.004690039881745414
0.0045344774691538706
0.004378878224837002
0.004223243412867358
0.004067574297606842
0.003911872143696357
0.003756138216045642
0.0036003737798229103
0.003444580100444618
0.0032887584435651643
0.003132910075066584
0.0029770362610483485
0.0028211382678169647
0.0026652173618757842
0.0025092748099146264
0.002353311878799584
0.0021973298355626764
0.0020413299473914805
0.0018853134816190034
0.0017292817057132782
0.0015732358872670449
0.0014171772939875237
0.0012611071936860546
0.0011050268542678885
0.0009489375437217442
0.0007928405301095997
0.0006367370815564334
0.00048062846623978266
0.00032451595237955596
0.00016840080822772466
0.000012284302057938877
-0.00014383229784472367
-0.0002999477231940751
-0.0004560607057130648
-0.0006121699771441739
-0.0007682742692596842
-0.0009243723138719565
-0.0010804628428437543
-0.0012365445880985532
-0.0013926162816308622
-0.0015486766555164776
-0.0017047244419227806
-0.001860758373119126
-0.002016777181487041
-0.0021727795995305716
-0.0023287643598865824
-0.0024847301953350638
-0.0026406758388093613
-0.0027966000234065603
-0.002952501482397702
-0.003108378949238177
-0.0032642311575778794
-0.003420056841271604
-0.0035758547343892797
-0.003731623571226265
-0.003887362086313663
-0.00404306901442857
-0.004198743090604332
-0.004354383050140917
-0.0045099876286150385
-0.0046655555618906035
-0.004821085586128852
-0.004976576437798654
-0.005132026853686833
-0.00528743557090837
-0.005442801326916668
-0.005598122859513864
-0.005753398906860993
-0.005908628207488338
-0.0060638095003055816
-0.006218941524612171
-0.006374023020107446
-0.0065290527269008984
-0.006684029385522551
-0.006838951736932947
-0.006993818522533569
-0.007148628484177013
-0.007303380364177173
-0.007458072905319519
-0.007612704850871259
-0.007767274944591587
-0.007921781930741875
-0.008076224554095839
-0.008230601559949842
-0.008384911694132951
-0.008539153703017274
-0.00869332633352801
-0.008847428333153684
-0.009001458449956395
-0.009155415432581825
-0.009309298030269595
-0.009463104992863286
-0.00961683507082065
-0.00977048701522378
-0.00992405957778917
-0.01007755151087803
-0.010230961567506247
-0.010384288501354567
-0.010537531066778795
-0.010690688018819831
-0.010843758113213827
-0.010996740106402243
-0.011149632755542052
-0.011302434818515757
-0.011455145053941514
-0.011607762221183152
-0.011760285080360384
-0.011912712392358799
-0.012065042918839862
-0.012217275422251126
-0.012369408665836211
-0.01252144141364485
-0.012673372430542887
-0.012825200482222405
-0.012976924335211712
-0.01312854275688534
-0.013280054515474093
-0.013431458380075059
-0.013582753120661595
-0.013733937508093293
-0.013885010314125989
-0.014035970311421796
-0.014186816273559026
-0.0143375469750421
-0.01448816119131165
-0.014638657698754306
-0.014789035274712757
-0.01493929269749561
-0.0150894287463874
-0.015239442201658418
-0.015389331844574644
-0.015539096457407718
-0.015688734823444767
-0.01583824572699827
-0.01598762795341601
-0.016136880289090876
-0.016286001521470788
-0.016434990439068486
-0.016583845831471402
-0.01673256648935154
-0.016881151204475156
-0.01702959876971277
-0.017177907979048827
-0.017326077627591592
-0.01747410651158285
-0.017621993428407763
-0.01776973717660457
-0.017917336555874446
-0.018064790367091167
-0.018212097412310887
-0.018359256494781852
-0.018506266418954198
-0.018653125990489548
-0.01879983401627078
-0.018946389304411764
-0.01909279066426694
-0.0192390369064411
-0.019385126842798986
-0.019531059286474948
-0.019676833051882628
-0.0198224469547245
-0.01996789981200169
-0.020113190442023306
-0.020258317664416294
-0.020403280300134895
-0.020548077171470207
-0.020692707102059886
-0.020837168916897568
-0.020981461442342468
-0.021125583506128927
-0.021269533937375906
-0.021413311566596593
-0.021556915225707747
-0.021700343748039273
-0.021843595968343774
-0.021986670722805884
-0.022129566849051815
-0.022272283186158766
-0.02241481857466438
-0.0225571718565761
-0.02269934187538068
-0.022841327476053504
-0.022983127505068014
-0.023124740810405015
-0.02326616624156213
-0.023407402649563085
-0.023548448886967107
-0.02368930380787809
-0.023829966267954115
-0.02397043512441665
-0.024110709236059787
-0.024250787463259576
-0.024390668667983305
-0.024530351713798682
-0.024669835465883076
-0.024809118791032828
-0.024948200557672363
-0.025087079635863402
-0.025225754897314184
-0.02536422521538856
-0.02550248946511522
-0.025640546523196795
-0.025778395268019005
-0.0259160345796598
-0.026053463339898334
-0.026190680432224223
-0.02632768474184646
-0.026464475155702608
-0.02660105056246776
-0.026737409852563537
-0.026873551918167253
-0.02700947565322077
-0.027145179953439534
-0.027280663716321516
-0.027415925841156274
-0.027550965229033803
-0.02768578078285343
-0.02782037140733287
-0.027954736009016986
-0.028088873496286703
-0.028222782779367985
-0.028356462770340558
-0.028489912383146784
-0.028623130533600508
-0.02875611613939592
-0.028888868120116196
-0.029021385397242416
-0.02915366689416227
-0.029285711536178885
-0.02941751825051933
-0.029549085966343654
-0.029680413614753345
-0.0298115001288001
-0.0299423444434945
-0.03007294549581465
-0.030203302224714807
-0.03033341357113403
-0.030463278478004736
-0.030592895890261384
-0.030722264754848884
-0.030851384020731395
-0.030980252638900602
-0.031108869562384362
-0.031237233746255286
-0.03136534414763915
-0.03149319972572327
-0.03162079944176518
-0.031748142259100866
-0.03187522714315339
-0.03200205306144104
-0.03212861898358592
-0.03225492388132233
-0.03238096672850496
-0.03250674650111734
-0.032632262177280234
-0.03275751273725972
-0.03288249716347571
-0.03300721444051006
-0.0331316635551149
-0.033255843496220835
-0.03337975325494518
-0.033503391824600125
-0.03362675820070097
-0.033749851380974236
-0.0338726703653658
-0.033995214156049086
-0.03411748175743312
-0.03423947217617061
-0.0343611844211661
-0.03448261750358388
-0.0346037704368562
-0.03472464223669112
-0.03484523192108057
-0.034965538510308376
-0.03508556102695818
-0.03520529849592134
-0.03532474994440497
-0.03544391440193974
-0.035562790900387706
-0.035681378473950406
-0.035799676159176445
-0.035917682994969544
-0.036035398022596164
-0.036152820285693416
-0.036269948830276816
-0.03638678270474798
-0.03650332095990235
-0.03661956264893708
-0.03673550682745847
-0.03685115255348982
-0.03696649888747907
-0.03708154489230632
-0.037196289633291565
-0.03731073217820222
-0.037424871597260746
-0.03753870696315214
-0.037652237351031584
-0.03776546183853178
-0.037878379505770624
-0.037990989435358585
-0.038103290712406146
-0.03821528242453133
-0.03832696366186701
-0.038438333517068365
-0.03854939108532024
-0.038660135464344436
-0.03877056575440719
-0.03888068105832631
-0.03899048048147856
-0.039099963131806977
-0.03920912811982801
-0.039317974558638814
-0.039426501563924396
-0.0395347082539649
-0.039642593749642706
-0.039750157174449526
-0.039857397654493615
-0.03996431431850693
-0.040070906297851934
-0.040177172726528994
-0.040283112741183215
-0.04038872548111145
-0.040494010088269396
-0.04059896570727853
-0.04070359148543301
-0.04080788657270664
-0.04091185012175978
-0.04101548128794625
-0.04111877922932011
-0.04122174310664264
-0.04132437208338901
-0.04142666532575518
-0.041528622002664634
-0.041630241285775145
-0.0417315223494855
-0.04183246437094219
-0.04193306653004615
-0.04203332800945937
-0.04213324799461153
-0.042232825673706655
-0.04233206023772977
-0.042430950880453296
-0.04252949679844376
-0.042627697191068244
-0.04272555126050101
-0.04282305821172974
-0.042920217252562246
-0.0430170275936328
-0.04311348844840855
-0.04320959903319588
-0.043305358567146846
-0.043400766272265474
-0.043495821373414095
-0.04359052309831968
-0.04368487067758005
-0.04377886334467011
-0.043872500335948236
-0.04396578089066226
-0.04405870425095582
-0.04415126966187443
-0.04424347637137166
-0.04433532363031523
-0.044426810692493074
-0.044517936814619456
-0.044608701256340956
-0.044699103280242486
-0.04478914215185336
-0.044878817139653186
-0.044968127515077796
-0.04505707255252525
-0.04514565152936165
-0.04523386372592701
-0.04532170842554126
-0.0454091849145098
-0.045496292482129524
-0.045583030420694524
-0.04566939802550178
-0.045755394594857
-0.04584101943008023
-0.045926271835511526
-0.04601115111851674
-0.046095656589492925
-0.046179787561874165
-0.04626354335213702
-0.04634692327980608
-0.046429926667459584
-0.04651255284073481
-0.04659480112833364
-0.04667667086202802
-0.04675816137666528
-0.046839272010173676
-0.046920002103567685
-0.047000351000953365
-0.047080318049533755
-0.047159902599614056
-0.047239104004607034
-0.047317921621038206
-0.047396354808551096
-0.04747440292991237
-0.04755206535101714
-0.04762934144089403
-0.04770623057171026
-0.04778273211877685
-0.0478588454605537
-0.047934569978654494
-0.04800990505785192
-0.04808485008608247
-0.04815940445445162
-0.048233567557238594
-0.04830733879190137
-0.04838071755908166
-0.04845370326260957
-0.04852629530950863
-0.04859849311000058
-0.04867029607751002
-0.048741703628669426
-0.0488127151833236
-0.04888333016453469
-0.048953547998586575
-0.04902336811498977
-0.04909278994648598
-0.04916181292905257
-0.04923043650190742
-0.04929866010751326
-0.04936648319158226
-0.04943390520308059
-0.04950092559423284
-0.049567543820526506
-0.04963375934071634
-0.04969957161682887
-0.04976498011416665
-0.04982998430131271
-0.049894583650134786
-0.04995877763578966
-0.05002256573672743
-0.05008594743469569
-0.05014892221474385
-0.050211489565227176
-0.05027364897781108
-0.050335399947475185
-0.05039674197251743
-0.05045767455455813
-0.050518197198544126
-0.05057830941275265
-0.05063801070879542
-0.05069730060162267
-0.05075617860952691
-0.05081464425414698
-0.050872697060471934
-0.050930336556844834
-0.050987562274966605
-0.051044373749899855
-0.05110077052007268
-0.051156752127282386
-0.0512123181166991
-0.05126746803686975
-0.051322201439721396
-0.051376517880565124
-0.05143041691809954
-0.05148389811441441
-0.05153696103499414
-0.051589605248721415
-0.051641830327880625
-0.05169363584816132
-0.051745021388661785
-0.05179598653189232
-0.05184653086377865
-0.051896653973665406
-0.05194635545431935
-0.051995634901932715
-0.05204449191612647
-0.05209292609995364
-0.052140937059902415
-0.05218852440589951
-0.052235687751313084
-0.05228242671295622
-0.052328740911089786
-0.0523746299694255
-0.05242009351512922
-0.05246513117882375
-0.05250974259459192
-0.05255392739997964
-0.052597685235998656
-0.0526410157471297
-0.05268391858132513
-0.05272639339001204
-0.0527684398280949
-0.05281005755395844
-0.05285124622947044
-0.05289200551998447
-0.052932335094342524
-0.05297223462487785
-0.0530117037874175
-0.05305074226128506
-0.053089349729303154
-0.05312752587779609
-0.053165270396592405
-0.05320258297902736
-0.0532394633219454
-0.05327591112570277
-0.053311926094169695
-0.05334750793473308
-0.053382656358298634
-0.053417371079293355
-0.05345165181566783
-0.053485498288898516
-0.053518910223989996
-0.053551887349477224
-0.05358442939742773
-0.05361653610344382
-0.05364820720666464
-0.05367944244976842
-0.05371024157897449
-0.053740604344045304
-0.053770530498288595
-0.05380001979855925
-0.05382907200526138
-0.05385768688235021
-0.053885864197334044
-0.053913603721276106
-0.053940905228796424
-0.05396776849807364
-0.05399419331084688
-0.05402017945241748
-0.05404572671165069
-0.05407083488097745
-0.05409550375639604
-0.05411973313747382
-0.05414352282734873
-0.05416687263273095
-0.05418978236390452
-0.0542122518347288
-0.054234280862640066
-0.05425586926865289
-0.05427701687736169
-0.0542977235169421
-0.05431798901915237
-0.054337813219334806
-0.054357195956417
-0.05437613707291316
-0.05439463641492551
-0.05441269383214534
-0.05443030917785442
-0.05444748230892607
-0.05446421308582636
-0.05448050137261527
-0.054496347036947765
-0.05451174995007483
-0.054526709986844626
-0.05454122702570344
-0.05455530094869658
-0.05456893164146957
-0.05458211899326886
-0.0545948628969428
-0.05460716324894256
-0.05461901994932288
-0.05463043290174295
-0.054641402013467205
-0.054651927195366025
-0.05466200836191645
-0.054671645431202946
-0.05468083832491802
-0.054689586968362874
-0.054697891290448004
-0.054705751223693755
-0.054713166704230966
-0.05472013767180131
-0.054726664069758006
-0.0547327458450661
-0.05473838294830297
-0.05474357533365873
-0.05474832295893658
-0.05475262578555316
-0.054756483778538916
-0.05475989690653824
-0.054762865141809905
-0.05476538846022718
-0.05476746684127801
-0.05476910026806528
-0.05477028872730686
-0.05477103220933576
-0.05477133070810021
-0.05477118422116369
-0.05477059274970493
-0.054769556298517985
-0.054768074876012096
-0.054766148494211686
-0.054763777168756224
-0.05476096091890015
-0.054757699767512616
-0.05475399374107748
-0.0547498428696929
-0.054745247187071175
-0.05474020673053847
-0.05473472154103458
-0.054728791663112404
-0.05472241714493783
-0.05471559803828913
-0.05470833439855668
-0.05470062628474244
-0.054692473759459535
-0.054683876888931636
-0.05467483574299257
-0.05466535039508562
-0.054655420922262984
-0.05464504740518523
-0.054634229928120476
-0.054622968578943776
-0.05461126344913653
-0.05459911463378554
-0.054586522231582335
-0.05457348634482244
-0.05456000707940438
-0.054546084544828954
-0.05453171885419828
-0.05451691012421492
-0.05450165847518092
-0.05448596403099675
-0.05446982691916048
-0.05445324727076656
-0.05443622522050482
-0.054418760906659445
-0.054400854471107714
-0.05438250605931903
-0.054363715820353535
-0.05434448390686104
-0.05432481047507975
-0.054304695684834994
-0.05428413969953785
-0.054263142686184006
-0.05424170481535222
-0.05421982626120296
-0.05419750720147711
-0.05417474781749441
-0.05415154829415198
-0.05412790881992295
-0.054103829586854744
-0.05407931079056766
-0.05405435263025322
-0.05402895530867258
-0.05400311903215484
-0.053976844010595375
-0.05395013045745423
-0.05392297858975425
-0.05389538862807936
-0.05386736079657285
-0.0538388953229354
-0.0538099924384234
-0.053780652377846926
-0.05375087537956798
-0.05372066168549836
-0.053690011541097926
-0.05365892519537243
-0.053627402900871514
-0.053595444913686764
-0.0535630514934495
-0.05353022290332877
-0.053496959410029146
-0.05346326128378855
-0.0534291287983762
-0.05339456223109013
-0.05335956186275517
-0.05332412797772057
-0.05328826086385766
-0.05325196081255757
-0.05321522811872885
-0.053178063080795035
-0.0531404660006923
-0.05310243718386691
-0.053063976939272756
-0.05302508557936896
-0.052985763420117245
-0.05294601078097928
-0.052905827984914285
-0.05286521535837622
-0.052824173231311264
-0.05278270193715508
-0.05274080181283007
-0.05269847319874275
-0.052655716438780836
-0.05261253188031063
-0.052568919874173926
-0.05252488077468554
-0.05248041493963005
-0.05243552273025915
-0.05239020451128856
-0.052344460650895215
