0.17933992182874584
1001
0.014965009240530092
0.014987834857435583
0.015010293888443682
0.015032385783843943
0.015054110002907356
0.015075466013899603
0.015096453294094085
0.015117071329784702
0.01513731961629842
0.015157197658007668
0.015176704968342421
0.015195841069802145
0.015214605493967456
0.015232997781511645
0.015251017482211839
0.015268664154960103
0.01528593736777419
0.015302836697808136
0.01531936173136261
0.015335512063895043
0.015351287300029522
0.015366687053566497
0.015381710947492199
0.015396358613987906
0.015410629694438925
0.015424523839443385
0.015438040708820799
0.015451179971620365
0.015463941306129101
0.015476324399879714
0.015488328949658238
0.015499954661511477
0.015511201250754192
0.015522068441976079
0.015532555969048517
0.015542663575131071
0.015552391012677802
0.015561738043443315
0.015570704438488594
0.01557928997818663
0.015587494452227785
0.015595317659624927
0.015602759408718391
0.015609819517180662
0.015616497812020812
0.015622794129588781
0.01562870831557937
0.015634240225036018
0.01563938972235436
0.015644156681285548
0.015648540984939358
0.01565254252578704
0.015656161205663953
0.015659396935772
0.015662249636681773
0.015664719238334537
0.01566680568004391
0.01566850891049739
0.015669828887757593
0.0156707655792633
0.015671318961830258
0.01567148902165174
0.0156712757542989
0.015670679164720897
0.01566969926724475
0.01566833608557503
0.015666589652793262
0.01566446001135712
0.01566194721309941
0.0156590513192268
0.015655772400318322
0.015652110536323677
0.01564806581656124
0.01564363833971591
0.015638828213836723
0.015633635556334145
0.015628060493977296
0.015622103162890767
0.015615763708551365
0.01560904228578451
0.01560193905876048
0.015594454200990397
0.015586587895321977
0.01557834033393507
0.015569711718336961
0.015560702259357451
0.015551312177143693
0.01554154170115483
0.015531391070156358
0.015520860532214324
0.015509950344689235
0.015498660774229782
0.01548699209676631
0.015474944597504087
0.015462518570916326
0.015449714320736975
0.0154365321599533
0.015422972410798244
0.015409035404742526
0.015394721482486554
0.015380030993952083
0.015364964298273673
0.015349521763789892
0.015333703768034326
0.015317510697726326
0.015300942948761567
0.01528400092620238
0.015266685044267807
0.015248995726323513
0.015230933404871413
0.015212498521539091
0.015193691527069024
0.01517451288130752
0.015154963053193518
0.01513504252074708
0.015114751771057734
0.015094091300272528
0.015073061613583936
0.015051663225217456
0.015029896658419088
0.015007762445442479
0.014985261127535954
0.014962393254929263
0.0149391593868201
0.014915560091360464
0.014891595945642745
0.014867267535685607
0.014842575456419654
0.014817520311672903
0.014792102714155979
0.014766323285447157
0.01474018265597714
0.014713681465013664
0.01468682036064583
0.014659599999768286
0.014632021048065139
0.014604084179993664
0.014575790078767845
0.01454713943634162
0.01451813295339199
0.014488771339301853
0.014459055312142689
0.014428985598656952
0.014398562934240324
0.014367788062923732
0.01433666173735511
0.014305184718781037
0.014273357777028097
0.014241181690484028
0.014208657246078721
0.01417578523926493
0.014142566473998874
0.014109001762720494
0.014075091926333634
0.014040837794185967
0.014006240204048656
0.013971300002095927
0.013936018042884309
0.013900395189331784
0.01386443231269664
0.013828130292556178
0.013791490016785188
0.013754512381534247
0.013717198291207768
0.013679548658441915
0.013641564404082238
0.013603246457161189
0.013564595754875348
0.013525613242562556
0.013486299873678729
0.013446656609774588
0.013406684420472102
0.013366384283440783
0.013325757184373777
0.01328480411696374
0.013243526082878527
0.013201924091736709
0.013159999161082852
0.013117752316362643
0.013075184590897801
0.013032297025860791
0.012989090670249372
0.012945566580860903
0.012901725822266539
0.012857569466785151
0.012813098594457114
0.012768314293017863
0.012723217657871325
0.012677809792063068
0.012632091806253382
0.012586064818690044
0.01253972995518102
0.012493088349066879
0.01244614114119309
0.012398889479882129
0.012351334520905342
0.01230347742745473
0.01225531937011444
0.012206861526832155
0.012158105082890298
0.012109051230876985
0.012059701170656899
0.012010056109341907
0.011960117261261559
0.011909885847933333
0.01185936309803282
0.011808550247363608
0.011757448538827079
0.011706059222391997
0.011654383555063933
0.011602422800854514
0.011550178230750495
0.011497651122682667
0.0114448427614946
0.011391754438911219
0.011338387453507183
0.011284743110675134
0.011230822722593757
0.01117662760819567
0.011122159093135187
0.011067418509755853
0.011012407197057872
0.010957126500665344
0.010901577772793353
0.010845762372214865
0.010789681664227512
0.010733337020620189
0.010676729819639472
0.010619861445955933
0.010562733290630245
0.010505346751079154
0.010447703231041303
0.010389804140542873
0.010331650895863109
0.010273244919499654
0.010214587640133773
0.010155680492595368
0.010096524917827903
0.010037122362853151
0.009977474280735784
0.009917582130547829
0.009857447377332974
0.009797071492070729
0.009736455951640433
0.009675602238785138
0.009614511842075315
0.00955318625587246
0.009491626980292515
0.00942983552116918
0.00936781339001708
0.009305562103994773
0.00924308318586764
0.009180378163970635
0.009117448572170894
0.009054295949830204
0.008990921841767358
0.008927327798220345
0.008863515374808438
0.00879948613249414
0.008735241637544964
0.008670783461495165
0.00860611318110725
0.008541232378333439
0.008476142640276938
0.008410845559153111
0.008345342732250552
0.00827963576189198
0.008213726255395067
0.008147615825033091
0.008081306087995508
0.008014798666348383
0.007948095186994696
0.00788119728163457
0.007814106586725324
0.007746824743441452
0.007679353397634477
0.007611694199792671
0.007543848805000677
0.007475818872899033
0.007407606067643574
0.007339212057864687
0.007270638516626521
0.007201887121386039
0.007132959553951995
0.00706385750044377
0.0069945826512501285
0.006925136700987886
0.006855521348460415
0.006785738296616102
0.006715789252506691
0.006645675927245513
0.006575400035965626
0.006504963297777849
0.006434367435728732
0.006363614176758359
0.0062927052516581206
0.006221642395028389
0.006150427345236052
0.006079061844371999
0.006007547638208489
0.005935886476156478
0.005864080111222762
0.00579213029996714
0.005720038802459406
0.005647807382236317
0.00557543780625843
0.0055029318448668796
0.005430291271740071
0.005357517863850284
0.005284613401420191
0.005211579667879317
0.0051384184498204175
0.005065131536955729
0.004991720722073237
0.004918187800992764
0.004844534572522102
0.004770762838412908
0.004696874403316725
0.004622871074740778
0.004548754663003748
0.004474526981191518
0.004400189845112767
0.004325745073254608
0.004251194486738048
0.004176539909273452
0.00410178316711592
0.0040269260890206425
0.003951970506198107
0.0038769182522693135
0.003801771163220963
0.0037265310773604656
0.003651199835271014
0.003575779279766539
0.0035002712558466482
0.0034246776106514327
0.00334900019341634
0.003273240855426899
0.0031974014499734247
0.003121483832305702
0.003045489859587562
0.0029694213908514895
0.0028932802869530943
0.002817068410525629
0.0027407876259343917
0.0026644397992311316
0.002588026798108375
0.0025115504918537413
0.0024350127513042465
0.0023584154488004547
0.0022817604581407574
0.002205049654535456
0.002128284914560943
0.00205146811611376
0.0019746011383646607
0.0018976858617126408
0.0018207241677389333
0.0017437179391609798
0.0016666690597863375
0.0015895794144666572
0.0015124508890514948
0.0014352853703422294
0.0013580847460458781
0.001280850904728933
0.0012035857357711015
0.0011262911293191589
0.0010489689762406644
0.0009716211680776936
0.0008942495970005848
0.0008168561557616314
0.00073944273764879
0.0006620112364393279
0.0005845635463535293
0.0005071015620083413
0.00042962717837101986
0.00035214229071275503
0.0002746487945623073
0.00019714858565968572
0.00011964355990967012
0.00004213561333551275
-0.000035373357967481796
-0.00011288145787836289
-0.0001903867902968719
-0.0002678874591899015
-0.0003453815686378107
-0.000422867222880853
-0.0005003425263655383
-0.0005778055837910357
-0.0006552545001554907
-0.0007326873808024495
-0.0008101023314671559
-0.0008874974583229318
-0.0009648708680274854
-0.0010422206677692702
-0.0011195449653137453
-0.0011968418690496883
-0.0012741094880355064
-0.001351345932045448
-0.0014285493116158673
-0.0015057177380914484
-0.0015828493236714563
-0.0016599421814558436
-0.0017369944254914612
-0.0018140041708181974
-0.0018909695335150808
-0.0019678886307463853
-0.002044759580807676
-0.002121580503171867
-0.002198349518535222
-0.0022750647488633184
-0.002351724317436997
-0.0024283263488983128
-0.002504868969296358
-0.002581350306133145
-0.00265776848840943
-0.0027341216466704467
-0.0028104079130516746
-0.0028866254213245185
-0.002962772306941997
-0.0030388467070843164
-0.0031148467607044687
-0.0031907706085737837
-0.00326661639332736
-0.0033423822595095706
-0.0034180663536194
-0.003493666824155837
-0.0035691818216631406
-0.0036446094987761025
-0.0037199480102652347
-0.0037951955130819423
-0.003870350166403552
-0.003945410131678431
-0.004020373572670898
-0.004095238655506181
-0.004170003548715288
-0.004244666423279787
-0.004319225452676587
-0.00439367881292261
-0.004468024682619399
-0.004542261242997703
-0.004616386677961974
-0.004690399174134774
-0.00476429692090117
-0.004838078110453013
-0.004911740937833177
-0.004985283600979705
-0.005058704300769908
-0.005132001241064386
-0.005205172628750963
-0.005278216673788551
-0.005351131589250961
-0.005423915591370603
-0.0054965668995821315
-0.005569083736566016
-0.00564146432829204
-0.005713706904062638
-0.005785809696556304
-0.005857770941870762
-0.005929588879566168
-0.006001261752708138
-0.0060727878079107536
-0.006144165295379481
-0.006215392468953932
-0.006286467586150634
-0.006357388908205613
-0.006428154700116995
-0.006498763230687365
-0.006569212772566227
-0.0066395016022921804
-0.006709628000335123
-0.0067795902511383135
-0.00684938664316035
-0.006919015468917048
-0.006988475025023168
-0.007057763612234163
-0.007126879535487707
-0.007195821103945164
-0.007264586631032961
-0.007333174434483887
-0.007401582836378192
-0.0074698101631846545
-0.007537854745801578
-0.007605714919597535
-0.0076733890244522025
-0.007740875404796859
-0.007808172409654989
-0.007875278392682615
-0.007942191712208613
-0.008008910731274844
-0.008075433817676222
-0.00814175934400067
-0.008207885687668861
-0.008273811230974017
-0.008339534361121396
-0.00840505347026782
-0.008470366955560955
-0.008535473219178575
-0.008600370668367621
-0.008665057715483164
-0.008729532778027288
-0.008793794278687761
-0.008857840645376671
-0.008921670311268826
-0.008985281714840167
-0.009048673299905888
-0.009111843515658587
-0.00917479081670615
-0.009237513663109568
-0.009300010520420673
-0.009362279859719571
-0.009424320157652166
-0.009486129896467336
-0.009547707564054115
-0.009609051653978682
-0.0096701606655212
-0.009731033103712566
-0.009791667479370927
-0.009852062309138182
-0.009912216115516233
-0.009972127426903161
-0.010031794777629166
-0.010091216707992512
-0.010150391764295197
-0.010209318498878494
-0.010267995470158423
-0.010326421242660979
-0.01038459438705728
-0.01044251348019851
-0.01050017710515077
-0.010557583851229695
-0.010614732314035032
-0.010671621095484942
-0.010728248803850244
-0.010784614053788444
-0.01084071546637763
-0.01089655166915022
-0.01095212129612653
-0.011007422987848214
-0.011062455391411475
-0.011117217160500228
-0.011171706955419
-0.011225923443125707
-0.011279865297264293
-0.011333531198197161
-0.011386919833037445
-0.011440029895681167
-0.011492860086839167
-0.011545409114068893
-0.011597675691806043
-0.01164965854139599
-0.01170135639112508
-0.011752767976251719
-0.011803892039037391
-0.011854727328777327
-0.011905272601831192
-0.011955526621653462
-0.012005488158823683
-0.012055155991076573
-0.012104528903331906
-0.012153605687724243
-0.012202385143632484
-0.012250866077709258
-0.012299047303910099
-0.012346927643522446
-0.012394505925194567
-0.012441780984964087
-0.012488751666286584
-0.012535416820063813
-0.012581775304671852
-0.012627825985989029
-0.012673567737423643
-0.012718999439941595
-0.012764119982093662
-0.01280892826004279
-0.012853423177591044
-0.012897603646206448
-0.012941468585049604
-0.012985016921000155
-0.013028247588683027
-0.013071159530494496
-0.013113751696628049
-0.01315602304510011
-0.01319797254177549
-0.013239599160392712
-0.013280901882589114
-0.013321879697925766
-0.013362531603912185
-0.013402856606030857
-0.01344285371776161
-0.013482521960605686
-0.013521860364109746
-0.01356086796588955
-0.013599543811653564
-0.013637886955226254
-0.01367589645857128
-0.013713571391814422
-0.013750910833266329
-0.013787913869445091
-0.013824579595098547
-0.013860907113226505
-0.013896895535102573
-0.013932543980296051
-0.013967851576693339
-0.014002817460519365
-0.014037440776358639
-0.014071720677176295
-0.01410565632433867
-0.014139246887633957
-0.014172491545292432
-0.014205389484006577
-0.014237939898951016
-0.014270141993802167
-0.014301994980757744
-0.014333498080555998
-0.014364650522494847
-0.014395451544450674
-0.014425900392896998
-0.014455996322922906
-0.014485738598251295
-0.014515126491256856
-0.014544159282983896
-0.014572836263163925
-0.014601156730233022
-0.01462911999134904
-0.014656725362408498
-0.014683972168063377
-0.014710859741737584
-0.014737387425643341
-0.014763554570797182
-0.014789360537035903
-0.014814804693032212
-0.014839886416310151
-0.014864605093260362
-0.014888960119155052
-0.014912950898162842
-0.01493657684336331
-0.014959837376761358
-0.014982731929301364
-0.015005259940881106
-0.015027420860365435
-0.015049214145599803
-0.015070639263423514
-0.015091695689682752
-0.015112382909243407
-0.015132700416003717
-0.015152647712906607
-0.015172224311951858
-0.01519142973420808
-0.015210263509824386
-0.015228725178041927
-0.015246814287205132
-0.015264530394772784
-0.01528187306732883
-0.015298841880593009
-0.015315436419431191
-0.0153316562778656
-0.01534750105908469
-0.015362970375452874
-0.015378063848519988
-0.015392781109030616
-0.01540712179693305
-0.015421085561388144
-0.015434672060777864
-0.0154478809627137
-0.015460711944044747
-0.015473164690865637
-0.01548523889852421
-0.01549693427162898
-0.015508250524056362
-0.01551918737895765
-0.01552974456876583
-0.015539921835202088
-0.015549718929282176
-0.01555913561132244
-0.015568171650945758
-0.015576826827087114
-0.015585100927999057
-0.015592993751256846
-0.015600505103763424
-0.015607634801754143
-0.015614382670801242
-0.015620748545818151
-0.015626732271063485
-0.015632333700144895
-0.01563755269602264
-0.01564238913101293
-0.01564684288679105
-0.015650913854394273
-0.015654601934224514
-0.015657907036050776
-0.015660829079011354
-0.01566336799161581
-0.01566552371174673
-0.01566729618666125
-0.015668685372992316
-0.01566969123674981
-0.015670313753321303
-0.01567055290747273
-0.015670408693348716
-0.015669881114472737
-0.015668970183747053
-0.015667675923452345
-0.015665998365247232
-0.015663937550167446
-0.015661493528624858
-0.015658666360406245
-0.015655456114671822
-0.01565186286995353
-0.015647886714153163
-0.015643527744540187
-0.01563878606774935
-0.015633661799778112
-0.015628155065983786
-0.015622266001080458
-0.015615994749135723
-0.015609341463567149
-0.015602306307138516
-0.01559488945195584
-0.01558709107946317
-0.015578911380438147
-0.015570350554987344
-0.015561408812541346
-0.01555208637184966
-0.015542383460975341
-0.01553230031728943
-0.015521837187465148
-0.015510994327471835
-0.015499772002568721
-0.015488170487298425
-0.01547619006548024
-0.015463831030203191
-0.015451093683818865
-0.015437978337934002
-0.015424485313402916
-0.015410614940319587
-0.015396367558009624
-0.015381743515021975
-0.01536674316912035
-0.015351366887274535
-0.015335615045651356
-0.015319488029605513
-0.015302986233670147
-0.01528611006154718
-0.015268859926097455
-0.015251236249330615
-0.015233239462394788
-0.015214870005566062
-0.015196128328237682
-0.015177014888909067
-0.015157530155174613
-0.01513767460371222
-0.015117448720271676
-0.015096852999662728
-0.015075887945743006
-0.01505455407140568
-0.015032851898566945
-0.0150107819581532
-0.014988344790088114
-0.014965540943279398
-0.014942370975605355
-0.01491883545390127
-0.014894934953945504
-0.014870670060445462
-0.01484604136702322
-0.014821049476201062
-0.014795694999386731
-0.014769978556858424
-0.01474390077774968
-0.014717462300033958
-0.014690663770509031
-0.014663505844781186
-0.014635989187249121
-0.014608114471087787
-0.014579882378231844
-0.01455129359935902
-0.014522348833873185
-0.014493048789887258
-0.01446339418420589
-0.01443338574230791
-0.01440302419832861
-0.014372310295041726
-0.01434124478384134
-0.014309828424723442
-0.014278061986267366
-0.014245946245616967
-0.014213481988461637
-0.014180670009017071
-0.01414751111000582
-0.014114006102637688
-0.014080155806589847
-0.014045961049986823
-0.014011422669380212
-0.013976541509728232
-0.013941318424375015
-0.013905754275029807
-0.013869849931745795
-0.013833606272898884
-0.0137970241851662
-0.013760104563504351
-0.013722848311127623
-0.013685256339485793
-0.0136473295682419
-0.013609068925249684
-0.013570475346530955
-0.013531549776252627
-0.013492293166703681
-0.01345270647827182
-0.013412790679419993
-0.013372546746662732
-0.013331975664542178
-0.01329107842560413
-0.013249856030373592
-0.013208309487330481
-0.013166439812884777
-0.013124248031351806
-0.013081735174927108
-0.013038902283661172
-0.01299575040543403
-0.012952280595929615
-0.012908493918609926
-0.012864391444689
-0.012819974253106721
-0.012775243430502436
-0.012730200071188361
-0.01268484527712279
-0.012639180157883153
-0.012593205830638884
-0.012546923420124057
-0.01250033405860993
-0.012453438885877166
-0.012406239049188012
-0.01235873570325819
-0.01231093001022871
-0.01226282313963733
-0.01221441626839008
-0.012165710580732327
-0.01211670726821996
-0.012067407529690091
-0.01201781257123184
-0.011967923606156726
-0.0119177418549691
-0.011867268545336167
-0.011816504912058072
-0.011765452197037582
-0.01171411164924976
-0.011662484524711431
-0.011610572086450392
-0.01155837560447458
-0.011505896355740905
-0.011453135624124174
-0.01140009470038547
-0.011346774882140795
-0.011293177473829116
-0.011239303786680631
-0.011185155138684557
-0.011130732854556999
-0.011076038265708408
-0.011021072710211154
-0.0109658375327667
-0.010910334084672723
-0.010854563723790053
-0.010798527814509467
-0.010742227727718321
-0.010685664840766962
-0.010628840537435102
-0.010571756207897897
-0.010514413248691968
-0.01045681306268127
-0.010398957059022704
-0.010340846653131685
-0.010282483266647494
-0.010223868327398564
-0.010165003269367385
-0.010105889532655697
-0.010046528563448915
-0.00998692181398108
-0.00992707074249906
-0.009866976813227107
-0.00980664149633082
-0.009746066267881354
-0.0096852526098192
-0.00962420200991797
-0.009562915961748025
-0.00950139596463986
-0.009439643523647527
-0.00937766014951168
-0.009315447358622799
-0.00925300667298387
-0.009190339620173387
-0.009127447733307736
-0.009064332551003942
-0.009000995617341783
-0.008937438481826222
-0.008873662699349328
-0.008809669830152375
-0.008745461439787607
-0.008681039099079916
-0.008616404384088458
-0.008551558876068063
-0.008486504161430599
-0.00842124183170608
-0.008355773483503824
-0.008290100718473315
-0.008224225143265047
-0.008158148369491273
-0.008091872013686434
-0.0080253976972678
-0.007958727046495627
-0.007891861692433548
-0.007824803270908455
-0.007757553422470702
-0.00769011379235376
-0.007622486030434202
-0.00755467179119108
-0.007486672733665674
-0.007418490521420745
-0.007350126822499956
-0.007281583309386953
-0.007212861658964562
-0.007143963552473663
-0.007074890675472104
-0.007005644717793507
-0.006936227373505827
-0.006866640340870036
-0.006796885322298392
-0.006726964024313052
-0.006656878157504019
-0.006586629436487607
-0.006516219579864164
-0.0064456503101763185
-0.006374923353866684
-0.006304040441235677
-0.006233003306399093
-0.006161813687245837
-0.006090473325395264
-0.006018983966154678
-0.005947347358476555
-0.00587556525491578
-0.005803639411586817
-0.005731571588120676
-0.005659363547621905
-0.005587017056625444
-0.005514533885053405
-0.005441915806171802
-0.0053691645965471425
-0.005296282036002941
-0.0052232699075762026
-0.005150129997473842
-0.00507686409502889
-0.005003473992656823
-0.004929961485811623
-0.004856328372941894
-0.004782576455446896
-0.0047087075376324
-0.0046347234266666025
-0.004560625932535878
-0.004486416868000561
-0.004412098048550486
-0.004337671292360747
-0.004263138420246973
-0.004188501255621048
-0.004113761624446241
-0.004038921355192821
-0.003963982278793038
-0.0038889462285965183
-0.0038138150403253268
-0.00373859055202916
-0.0036632746040402234
-0.00358786903892832
-0.003512375701455726
-0.003436796438532117
-0.0033611330991692996
-0.003285387534436021
-0.0032095615974127227
-0.0031336571431461215
-0.003057676028603869
-0.0029816201126291746
-0.002905491255895186
-0.00282929132085965
-0.002753022171719176
-0.0026766856743638207
-0.0026002836963311925
-0.0025238181067610077
-0.002447290776349188
-0.0023707035773022143
-0.002294058383291232
-0.002217357069406249
-0.002140601512110305
-0.002063793589193471
-0.0019869351797270293
-0.0019100281640173444
-0.0018330744235600421
-0.001756075840993828
-0.001679034300054531
-0.0016019516855289811
-0.001524829883208869
-0.0014476707798446386
-0.0013704762630993687
-0.0012932482215025278
-0.0012159885444037516
-0.001138699121926734
-0.0010613818449229087
