0.17326060244472052
1001
0.0077980460181993295
0.007904877773076802
0.008011529111120524
0.00811799759677829
0.008224280798672757
0.008330376289657005
0.008436281646869926
0.00854199445179159
0.008647512290298457
0.008752832752718522
0.008857953433886335
0.008962871933197938
0.00906758585466568
0.009172092806972947
0.009276390403528753
0.00938047626252227
0.009484348006977207
0.00958800326480609
0.009691439668864444
0.009794654857004845
0.009897646472130876
0.010000412162250942
0.01010294958053199
0.010205256385353115
0.010307330240359016
0.010409168814513366
0.01051076978215205
0.010612130823036251
0.01071324962240548
0.010814123871030408
0.010914751265265596
0.011015129507102144
0.01111525630422012
0.011215129370040957
0.011314746423779633
0.011414105190496796
0.011513203401150675
0.01161203879264894
0.011710609107900352
0.011808912095866335
0.011906945511612355
0.01200470711635922
0.01210219467753418
0.012199405968821929
0.012296338770215444
0.012392990868066677
0.012489360055137119
0.012585444130648195
0.012681240900331542
0.012776748176479098
0.01287196377799308
0.012966885530435783
0.013061511266079243
0.01315583882395474
0.013249866049902163
0.013343590796619162
0.013437010923710245
0.013530124297735613
0.013622928792259903
0.013715422287900743
0.013807602672377144
0.01389946784055777
0.013991015694508963
0.014082244143542703
0.014173151104264321
0.0142637345006201
0.014353992263944659
0.014443922333008218
0.014533522654063663
0.01462279118089345
0.014711725874856326
0.014800324704933893
0.014888585647776995
0.01497650668775191
0.015064085816986393
0.015151321035415534
0.015238210350827414
0.015324751778908628
0.015410943343289574
0.01549678307558961
0.015582269015461976
0.01566739921063862
0.015752171716974697
0.01583658459849305
0.01592063592742837
0.016004323784271236
0.016087646257811963
0.016170601445184223
0.016253187451908516
0.016335402391935438
0.01641724438768875
0.016498711570108238
0.016579802078692425
0.016660514061541044
0.01674084567539732
0.01682079508569008
0.016900360466575663
0.01697954000097957
0.017058331880638003
0.017136734306139153
0.017214745486964264
0.017292363641528568
0.01736958699722193
0.017446413790449346
0.01752284226667124
0.017598870680443482
0.017674497295457302
0.01774972038457889
0.017824538229888894
0.0178989491227216
0.017972951363703988
0.018046543262794517
0.01811972313932175
0.018192489322022696
0.018264840149081016
0.018336773968164927
0.01840828913646499
0.0184793840207316
0.01855005699731226
0.018620306452188696
0.01869013078101372
0.018759528389147833
0.018828497691695676
0.018897037113542188
0.01896514508938862
0.019032820063788255
0.019100060491181913
0.019166864835933294
0.019233231572364003
0.019299159184788424
0.019364646167548304
0.019429691025047158
0.019494292271784418
0.019558448432389356
0.019622158041654767
0.019685419644570466
0.01974823179635646
0.019810593062495996
0.01987250201876827
0.01993395725128101
0.01999495735650271
0.02005550094129471
0.020115586622943007
0.020175213029189842
0.02023437879826501
0.020293082578916984
0.020351323030443756
0.02040909882272347
0.0204664086362448
0.020523251162137053
0.020579625102200086
0.020635529168933964
0.02069096208556833
0.020745922586091575
0.020800409415279764
0.02085442132872528
0.02090795709286525
0.020961015485009733
0.02101359529336961
0.021065695317084285
0.021117314366249095
0.021168451261942476
0.021219104836252913
0.021269273932305585
0.021318957404288807
0.021368154117480154
0.021416862948272445
0.021465082784199323
0.02151281252396073
0.021560051077448
0.0216067973657688
0.021653050321271742
0.02169880888757076
0.021744072019569266
0.021788838683483976
0.021833107856868563
0.021876878528636946
0.02192014969908645
0.021962920379920585
0.022005189594271637
0.022046956376722965
0.022088219773331072
0.02212897884164736
0.022169232650739664
0.022208980281213524
0.02224822082523316
0.022286953386542227
0.022325177080484253
0.022362891034022878
0.022400094385761758
0.022436786285964256
0.02247296589657286
0.022508632391228266
0.022543784955288325
0.02257842278584659
0.022612545091750685
0.022646151093620337
0.02267924002386522
0.022711811126702453
0.022743863658173866
0.022775396886162997
0.0228064100904118
0.022836902562537103
0.022866873606046792
0.022896322536355686
0.02292524868080121
0.02295365137865874
0.022981529981156663
0.023008883851491264
0.023035712364841202
0.023062014908381792
0.023087790881299027
0.023113039694803293
0.023137760772142774
0.023161953548616686
0.02318561747158813
0.023208752000496713
0.023231356606870923
0.02325343077434017
0.023274973998646593
0.02329598578765657
0.023316465661371952
0.023336413151941043
0.023355827803669266
0.023374709173029563
0.023393056828672577
0.023410870351436415
0.02342814933435631
0.02344489338267385
0.023461102113846027
0.023476775157553968
0.02349191215571139
0.023506512762472755
0.023520576644241228
0.023534103479676226
0.023547092959700807
0.023559544787508713
0.02357145867857112
0.023582834360643196
0.023593671573770267
0.02360397007029378
0.023613729614856943
0.023622949984410127
0.02363163096821591
0.02363977236785397
0.023647373997225517
0.023654435682557633
0.023660957262407193
0.02366693858766457
0.02367237952155701
0.023677279939651817
0.023681639729859125
0.023685458792434524
0.02368873703998127
0.02369147439745235
0.02369367080215215
0.0236953262037379
0.02369644056422085
0.023697013857967075
0.02369704607169814
0.023696537204491334
0.023695487267779747
0.02369389628535198
0.023691764293351587
0.02368909134027631
0.0236858774869769
0.023682122806655773
0.02367782738486535
0.023672991319506044
0.023667614720824095
0.023661697711409004
0.023655240426190757
0.023648243012436752
0.02364070562974841
0.023632628450057543
0.02362401165762245
0.023614855449023666
0.02360516003315953
0.023594925631241367
0.023584152476788443
0.023572840815622678
0.023560990905862975
0.023548603017919348
0.02353567743448678
0.023522214450538714
0.023508214373320364
0.02349367752234165
0.02347860422936998
0.02346299483842257
0.023446849705758693
0.023430169199871467
0.023412953701479503
0.023395203603518135
0.023376919311130537
0.0233581012416584
0.02333874982463245
0.0233188655017626
0.023298448726927906
0.02327749996616616
0.02325601969766329
0.023234008411742422
0.023211466610852667
0.023188394809557672
0.023164793534523873
0.023140663324508447
0.023116004730347025
0.02309081831494112
0.02306510465324525
0.023038864332253838
0.023012097950987784
0.02298480612048081
0.022956989463765485
0.02292864861585901
0.022899784223748713
0.022870396946377294
0.022840487454627745
0.02281005643130806
0.022779104571135626
0.022747632580721374
0.02271564117855363
0.02268313109498171
0.022650103072199255
0.02261655786422729
0.022582496236896954
0.022547918967832092
0.022512826846431428
0.02247722067385059
0.022441101262983775
0.022404469438445224
0.022367326036550356
0.02232967190529672
0.022291507904344563
0.02225283490499726
0.022213653790181406
0.022173965454426632
0.022133770803845185
0.02209307075611125
0.02205186624044
0.022010158197566364
0.021967947579723524
0.021925235350621238
0.021882022485423754
0.021838309970727592
0.021794098804539024
0.021749389996251235
0.02170418456662132
0.021658483547746948
0.021612287983042815
0.021565598927216812
0.021518417446245927
0.02147074461735189
0.021422581528976657
0.02137392928075745
0.021324788983501698
0.021275161759161696
0.021225048740808924
0.02117445107260824
0.021123369909791696
0.02107180641863219
0.021019761776416828
0.02096723717142004
0.02091423380287645
0.020860752880953487
0.02080679562672375
0.020752363272137114
0.020697457059992652
0.02064207824391018
0.020586228088301663
0.020529907868342374
0.02047311886994173
0.020415862389713952
0.020358139734948447
0.02029995222357996
0.020241301184158487
0.020182187955818925
0.0201226138882505
0.020062580341665942
0.020002088686770447
0.019941140304730317
0.01987973658714152
0.019817878935997808
0.019755568763658776
0.019692807492817564
0.019629596556468433
0.01956593739787395
0.019501831470532117
0.019437280238143152
0.01937228517457603
0.01930684776383488
0.019240969500025056
0.01917465188731907
0.0191078964399222
0.019040704682037893
0.01897307814783304
0.01890501838140289
0.018836526936735782
0.018767605377677663
0.018698255277896442
0.018628478220845953
0.01855827579972986
0.018487649617465293
0.01841660128664619
0.01834513242950649
0.018273244677883136
0.018200939673178748
0.018128219066324187
0.018055084517740842
0.017981537697302666
0.017907580284298175
0.01783321396739195
0.017758440444586146
0.017683261423181756
0.017607678619739574
0.017531693760040972
0.01745530857904856
0.017378524820866548
0.017301344238700878
0.017223768594819246
0.017145799660510806
0.0170674392160458
0.016988689050634817
0.01690955096238796
0.016830026758273872
0.01675011825407835
0.016669827274362954
0.01658915565242333
0.01650810523024735
0.016426677858473022
0.016344875396346256
0.01626269971167845
0.016180152680803736
0.01609723618853622
0.01601395212812691
0.015930302401220498
0.015846288917811917
0.015761913596202742
0.015677178362957355
0.015592085152859033
0.015506635908865652
0.015420832582065417
0.015334677131632253
0.015248171524781093
0.015161317736722966
0.01507411775061984
0.014986573557539417
0.014898687156409579
0.014810460553972823
0.014721895764740393
0.014632994810946287
0.014543759722501073
0.01445419253694554
0.014364295299404202
0.014274070062538556
0.014183518886500202
0.014092643838883853
0.014001446994680106
0.013909930436227961
0.013818096253167449
0.013725946542391782
0.01363348340799949
0.01354070896124644
0.013447625320497543
0.013354234611178434
0.013260538965726893
0.01316654052354424
0.013072241430946362
0.012977643841114798
0.012882749914047505
0.012787561816509592
0.012692081721983823
0.012596311810620934
0.012500254269189942
0.012403911291028151
0.012307285075991055
0.01221037783040212
0.01211319176700248
0.012015729104900256
0.011917992069520012
0.011819982892551902
0.011721703811900677
0.011623157071634619
0.011524344921934259
0.011425269619041056
0.011325933425205825
0.011226338608637105
0.01112648744344932
0.011026382209610918
0.010926025192892283
0.01082541868481348
0.010724564982592045
0.010623466389090423
0.010522125212763425
0.0104205437676055
0.010318724373097936
0.010216669354155852
0.010114381041075121
0.010011861769479173
0.009909113880265635
0.009806139719552907
0.009702941638626516
0.009599521993885557
0.00949588314678878
0.00939202746380066
0.009287957316337442
0.009183675080712913
0.009079183138084205
0.008974483874397319
0.008869579680332789
0.008764472951250938
0.008659166087137293
0.008553661492547743
0.0084479615765536
0.008342068752686638
0.008235985438883953
0.008129714057432779
0.008023257034915127
0.007916616802152419
0.007809795794149925
0.0077027964500412625
0.007595621213032553
0.007488272530346777
0.007380752853167801
0.007273064636584425
0.00716521033953437
0.007057192424748025
0.006949013358692302
0.006840675611514293
0.0067321816569848566
0.006623533972442091
0.006514735038734845
0.006405787340166013
0.006296693364435816
0.0061874556025849825
0.006078076548937935
0.005968558701045714
0.005858904559629049
0.0057491166285212215
0.005639197414610854
0.00552914942778473
0.005418975180870441
0.00530867718957901
0.005198257972447444
0.00508772005078128
0.004977065948596881
0.004866298192563947
0.0047554193119477076
0.0046444318385512415
0.004533338306657641
0.004422141252972077
0.004310843216564
0.004199446738809087
0.0040879543633311555
0.003976368635944196
0.003864692104594169
0.0037529273193008215
0.0036410768320994506
0.003529143196982747
0.003417128969842271
0.0033050367084102444
0.0031928689722010954
0.0030806283224530102
0.002968317322069463
0.0028559385355606415
0.0027434945289849643
0.002630987869890451
0.0025184211272560888
0.002405796871433103
0.00229311767408643
0.002180386108135848
0.0020676047476972377
0.0019547761680239117
0.001841902945447679
0.001728987657320094
0.001616032881953558
0.0015030411985624866
0.0013900151872043608
0.0012769574287209093
0.0011638705046790002
0.0010507569973119363
0.0009376194894602542
0.000824460564512849
0.0007112828063480472
0.0005980887992744766
0.0004848811279721202
0.00037166237743329613
0.00025843513290367716
0.0001452019798231183
0.000031965503766748304
-0.00008127170961411581
-0.00019450707465103447
-0.00030773800571743347
-0.00042096191728773944
-0.0005341762239962556
-0.0006473783406964011
-0.0007605656825195972
-0.0008737356649343532
-0.0009868857038052466
-0.0011000132154519813
-0.0012131156167083774
-0.001326190324981247
-0.001439234758309558
-0.0015522463354232332
-0.0016652224758022065
-0.0017781605997352263
-0.0018910581283788637
-0.0020039124838163946
-0.002116721089116614
-0.0022294813683926685
-0.0023421907468609716
-0.002454846650899929
-0.0025674465081086863
-0.002679987747365933
-0.0027924677988885303
-0.0029048840942903238
-0.003017234066640605
-0.0031295151505229173
-0.003241724782093534
-0.003353860399140005
-0.003465919441139644
-0.0035778993493181246
-0.0036897975667077644
-0.0038016115382059168
-0.0039133387106334615
-0.00402497653279294
-0.004136522455526934
-0.004247973931776184
-0.004359328416637795
-0.004470583367423386
-0.004581736243717027
-0.00469278450743344
-0.004803725622875722
-0.0049145570567934544
-0.005025276278440486
-0.005135880759632657
-0.0052463679748055644
-0.005356735401072269
-0.0054669805182809075
-0.005577100809072139
-0.0056870937589367804
-0.005796956856273107
-0.005906687592444209
-0.006016283461835412
-0.006125741961911282
-0.006235060593272938
-0.0063442368597150375
-0.006453268268282848
-0.0065621523293290865
-0.006670886556570831
-0.0067794684671462786
-0.006887895581671447
-0.006996165424296743
-0.007104275522763601
-0.007212223408460837
-0.0073200066164810455
-0.00742762268567694
-0.007535069158717467
-0.007642343582143971
-0.007749443506426228
-0.007856366486018323
-0.007963110079414535
-0.00806967184920515
-0.008176049362131965
-0.00828224018914396
-0.008388241905452825
-0.008494052090588117
-0.008599668328452739
-0.008705088207378042
-0.008810309320178844
-0.00891532926420845
-0.009020145641413568
-0.009124756058388918
-0.00922915812643201
-0.009333349461597681
-0.009437327684752443
-0.009541090421628937
-0.00964463530288004
-0.009747959964132996
-0.009851062046043496
-0.009953939194349407
-0.010056589059924598
-0.010159009298832636
-0.010261197572380245
-0.010363151547170709
-0.010464868895157168
-0.010566347293695797
-0.01066758442559882
-0.010768577979187403
-0.01086932564834449
-0.010969825132567487
-0.01107007413702065
-0.011170070372587637
-0.011269811555923739
-0.011369295409507974
-0.011468519661695098
-0.011567482046767616
-0.011666180304987261
-0.011764612182646864
-0.011862775432121652
-0.011960667811920565
-0.012058287086737599
-0.012155631027502636
-0.012252697411432473
-0.012349484022081591
-0.012445988649392729
-0.012542209089747278
-0.012638143146015758
-0.012733788627607883
-0.012829143350522567
-0.012924205137397867
-0.013018971817560655
-0.013113441227076198
-0.013207611208797572
-0.013301479612414931
-0.013395044294504584
-0.01348830311857794
-0.013581253955130313
-0.01367389468168957
-0.013766223182864542
-0.013858237350393356
-0.01394993508319158
-0.0140413142874002
-0.01413237287643345
-0.014223108771026385
-0.01431351989928245
-0.0144036041967208
-0.014493359606323308
-0.014582784078581672
-0.014671875571544209
-0.014760632050862352
-0.014849051489837253
-0.014937131869466044
-0.015024871178487787
-0.015112267413429609
-0.015199318578652345
-0.0152860226863961
-0.015372377756825643
-0.015458381818075658
-0.015544032906295734
-0.015629329065695217
-0.015714268348587905
-0.015798848815436438
-0.015883068534896672
-0.015966925583861764
-0.016050418047506024
-0.016133544019328726
-0.01621630160119759
-0.016298688903392127
-0.01638070404464682
-0.016462345152194063
-0.01654361036180692
-0.016624497817841685
-0.016705005673280288
-0.016785132089772475
-0.01686487523767773
-0.016944233296107086
-0.01702320445296476
-0.017101786904989424
-0.01717997885779544
-0.017257778525913908
-0.01733518413283325
-0.017412193911039993
-0.017488806102058965
-0.017565018956493494
-0.017640830734065444
-0.017716239703654806
-0.01779124414333932
-0.01786584234043382
-0.017940032591529268
-0.01801381320253165
-0.01808718248870077
-0.018160138774688597
-0.01823268039457753
-0.01830480569191856
-0.018376513019768965
-0.018447800740729957
-0.018518667226984118
-0.01858911086033249
-0.018659130032231613
-0.01872872314383015
-0.01879788860600551
-0.01886662483940007
-0.018934930274457244
-0.019002803351457334
-0.019070242520553168
-0.019137246241805423
-0.019203812985217873
-0.019269941230772265
-0.019335629468463025
-0.019400876198331845
-0.01946567993050177
-0.019530039185211307
-0.019593952492848284
-0.01965741839398326
-0.01972043543940293
-0.01978300219014325
-0.019845117217522253
-0.01990677910317263
-0.019967986439074225
-0.02002873782758611
-0.020089031881478488
-0.020148867223964424
-0.02020824248873127
-0.02026715631997183
-0.020325607372415386
-0.02038359431135831
-0.020441115812694657
-0.020498170562946356
-0.02055475725929316
-0.020610874609602436
-0.020666521332458707
-0.020721696157192854
-0.020776397823911125
-0.020830625083523974
-0.02088437669777453
-0.020937651439266864
-0.020990448091494026
-0.021042765448865904
-0.021094602316736592
-0.021145957511431824
-0.021196829860275927
-0.021247218201618602
-0.02129712138486144
-0.021346538270484272
-0.021395467730071074
-0.021443908646335833
-0.021491859913148028
-0.02153932043555782
-0.021586289129821204
-0.021632764923424613
-0.02167874675510946
-0.0217242335748964
-0.021769224344109297
-0.021813718035398878
-0.02185771363276629
-0.02190121013158623
-0.021944206538629916
-0.02198670187208776
-0.022028695161591755
-0.022070185448237727
-0.02211117178460713
-0.022151653234788706
-0.022191628874399922
-0.02223109779060799
-0.022270059082150743
-0.022308511859357245
-0.022346455244168065
-0.022383888370155366
-0.02242081038254264
-0.022457220438224266
-0.022493117705784788
-0.022528501365517806
-0.02256337060944477
-0.02259772464133347
-0.02263156267671608
-0.022664883942907187
-0.022697687679021417
-0.022729973135990775
-0.022761739576581758
-0.02279298627541222
-0.02282371251896792
-0.02285391760561879
-0.022883600845634993
-0.022912761561202664
-0.022941399086439357
-0.022969512767409325
-0.022997101962138347
-0.02302416604062848
-0.02305070438487239
-0.02307671638886752
-0.023102201458629835
-0.023127159012207497
-0.023151588479694073
-0.023175489303241585
-0.023198860937073226
-0.023221702847495848
-0.023244014512912144
-0.023265795423832537
-0.023287045082886842
-0.023307763004835603
-0.023327948716581184
-0.023347601757178576
-0.02336672167784592
-0.023385308041974733
-0.023403360425139918
-0.023420878415109436
-0.0234378616118537
-0.023454309627554754
-0.023470222086615075
-0.023485598625666206
-0.02350043889357702
-0.023514742551461732
-0.023528509272687674
-0.023541738742882717
-0.023554430659942453
-0.023566584734037124
-0.023578200687618223
-0.02358927825542481
-0.023599817184489606
-0.023609817234144754
-0.023619278176027294
-0.02362819979408444
-0.02363658188457843
-0.02364442425609125
-0.023651726729528956
-0.023658489138125793
-0.023664711327448018
-0.02367039315539735
-0.023675534492214333
-0.02368013522048118
-0.02368419523512455
-0.023687714443417884
-0.023690692764983555
-0.0236931301317947
-0.023695026488176757
-0.02369638179080876
-0.023697196008724327
-0.02369746912331232
-0.023697201128317347
-0.02369639202983986
-0.023695041846336008
-0.02369315060861723
-0.023690718359849577
-0.02368774515555268
-0.023684231063598522
-0.023680176164209855
-0.023675580549958383
-0.02367044432576268
-0.02366476760888574
-0.023658550528932322
-0.02365179322784601
-0.023644495859905957
-0.023636658591723345
-0.023628281602237622
-0.023619365082712368
-0.023609909236730973
-0.023599914280191946
-0.02358938044130404
-0.02357830796058097
-0.023566697090836
-0.02355454809717609
-0.023541861256995925
-0.023528636859971516
-0.023514875208053603
-0.0235005766154608
-0.023485741408672347
-0.02347036992642073
-0.023454462519683895
-0.023438019551677253
-0.023421041397845403
-0.023403528445853507
-0.023385481095578507
-0.023366899759099946
-0.023347784860690588
-0.023328136836806686
-0.023307956136078063
-0.02328724321929787
-0.023265998559412006
-0.023244222641508397
-0.02322191596280585
-0.023199079032642764
-0.023175712372465438
-0.023151816515816187
-0.02312739200832121
-0.023102439407678046
-0.023076959283642888
-0.023050952218017586
-0.023024418804636314
-0.022997359649352067
-0.022969775370022774
-0.022941666596497223
-0.02291303397060068
-0.022883878146120216
-0.02285419978878979
-0.022823999576275043
-0.022793278198157834
-0.022762036355920473
-0.02273027476292972
-0.02269799414442051
-0.022665195237479334
-0.022631878791027512
-0.022598045565803977
-0.022563696334347978
-0.02252883188098144
-0.02249345300179098
-0.022457560504609845
-0.02242115520899936
-0.022384237946230293
-0.02234680955926381
-0.022308870902732272
-0.022270422842919704
-0.022231466257742014
-0.022192002036726954
-0.02215203108099378
-0.022111554303232743
-0.022070572627684127
-0.02202908699011731
-0.021987098337809263
-0.02194460762952295
-0.021901615835485472
-0.021858123937365907
-0.021814132928252843
