0.07903115199232866
1001
-0.013523665380155887
-0.013523766333652043
-0.013523802996850732
-0.013523775369690157
-0.01352368345241415
-0.013523527245572185
-0.01352330675001936
-0.01352302196691639
-0.013522672897729607
-0.01352225954423093
-0.013521781908497874
-0.013521239992913534
-0.01352063380016655
-0.013519963333251114
-0.01351922859546695
-0.013518429590419271
-0.013517566322018797
-0.013516638794481695
-0.01351564701232958
-0.013514590980389492
-0.013513470703793837
-0.013512286187980414
-0.013511037438692322
-0.013509724461977995
-0.01350834726419111
-0.013506905851990597
-0.013505400232340587
-0.01350383041251037
-0.013502196400074364
-0.013500498202912086
-0.01349873582920809
-0.013496909287451946
-0.013495018586438182
-0.013493063735266236
-0.013491044743340437
-0.013488961620369918
-0.013486814376368592
-0.01348460302165511
-0.013482327566852779
-0.013479988022889525
-0.013477584400997845
-0.013475116712714744
-0.013472584969881666
-0.013469989184644447
-0.013467329369453265
-0.013464605537062552
-0.01346181770053095
-0.013458965873221236
-0.013456050068800266
-0.013453070301238892
-0.01345002658481191
-0.013446918934097971
-0.013443747363979524
-0.01344051188964274
-0.013437212526577435
-0.01343384929057698
-0.013430422197738245
-0.013426931264461515
-0.013423376507450404
-0.013419757943711762
-0.01341607559055561
-0.01341232946559506
-0.013408519586746197
-0.013404645972228027
-0.013400708640562366
-0.01339670761057375
-0.01339264290138936
-0.013388514532438908
-0.013384322523454555
-0.013380066894470806
-0.013375747665824424
-0.013371364858154313
-0.013366918492401443
-0.013362408589808717
-0.0133578351719209
-0.01335319826058448
-0.013348497877947592
-0.013343734046459893
-0.013338906788872458
-0.013334016128237673
-0.013329062087909108
-0.013324044691541428
-0.013318963963090258
-0.013313819926812076
-0.013308612607264089
-0.013303342029304126
-0.013298008218090497
-0.013292611199081901
-0.013287150998037268
-0.01328162764101566
-0.013276041154376141
-0.013270391564777637
-0.013264678899178822
-0.013258903184837977
-0.013253064449312856
-0.013247162720460578
-0.013241198026437454
-0.013235170395698876
-0.013229079856999181
-0.013222926439391495
-0.01321671017222762
-0.013210431085157855
-0.013204089208130885
-0.01319768457139362
-0.013191217205491062
-0.013184687141266142
-0.013178094409859587
-0.013171439042709758
-0.013164721071552497
-0.013157940528421001
-0.013151097445645623
-0.013144191855853757
-0.013137223791969651
-0.013130193287214278
-0.013123100375105149
-0.013115945089456167
-0.013108727464377457
-0.013101447534275211
-0.013094105333851518
-0.013086700898104188
-0.0130792342623266
-0.01307170546210752
-0.013064114533330937
-0.013056461512175894
-0.013048746435116299
-0.01304096933892076
-0.013033130260652422
-0.013025229237668757
-0.013017266307621417
-0.013009241508456025
-0.01300115487841203
-0.012993006456022476
-0.012984796280113857
-0.012976524389805915
-0.012968190824511446
-0.012959795623936121
-0.012951338828078302
-0.012942820477228835
-0.01293424061197085
-0.012925599273179609
-0.012916896502022254
-0.012908132339957657
-0.012899306828736185
-0.012890420010399525
-0.012881471927280473
-0.012872462622002727
-0.012863392137480705
-0.012854260516919304
-0.012845067803813715
-0.012835814041949223
-0.012826499275400978
-0.012817123548533794
-0.012807686906001935
-0.012798189392748903
-0.012788631054007222
-0.012779011935298214
-0.012769332082431799
-0.012759591541506259
-0.012749790358908036
-0.012739928581311476
-0.012730006255678647
-0.01272002342925909
-0.012709980149589599
-0.012699876464493989
-0.012689712422082881
-0.012679488070753463
-0.012669203459189248
-0.012658858636359861
-0.012648453651520791
-0.01263798855421318
-0.012627463394263539
-0.012616878221783553
-0.012606233087169832
-0.012595528041103659
-0.012584763134550756
-0.012573938418761041
-0.012563053945268375
-0.012552109765890333
-0.012541105932727937
-0.01253004249816542
-0.012518919514869978
-0.0125077370357915
-0.012496495114162346
-0.012485193803497057
-0.01247383315759213
-0.012462413230525752
-0.012450934076657526
-0.012439395750628236
-0.012427798307359572
-0.012416141802053872
-0.012404426290193853
-0.012392651827542366
-0.0123808184701421
-0.012368926274315335
-0.012356975296663669
-0.012344965594067753
-0.012332897223687007
-0.012320770242959363
-0.012308584709600971
-0.012296340681605948
-0.012284038217246085
-0.012271677375070575
-0.012259258213905727
-0.0122467807928547
-0.012234245171297209
-0.012221651408889244
-0.01220899956556279
-0.01219628970152554
-0.012183521877260595
-0.012170696153526207
-0.012157812591355456
-0.012144871252055984
-0.012131872197209674
-0.012118815488672401
-0.01210570118857369
-0.01209252935931645
-0.012079300063576668
-0.012066013364303107
-0.012052669324717016
-0.012039268008311817
-0.012025809478852808
-0.01201229380037687
-0.011998721037192132
-0.011985091253877707
-0.011971404515283345
-0.011957660886529149
-0.011943860433005252
-0.011930003220371518
-0.011916089314557215
-0.011902118781760715
-0.011888091688449164
-0.011874008101358182
-0.01185986808749153
-0.011845671714120803
-0.0118314190487851
-0.01181711015929072
-0.011802745113710806
-0.01178832398038506
-0.011773846827919394
-0.011759313725185596
-0.011744724741321043
-0.011730079945728314
-0.011715379408074916
-0.011700623198292908
-0.011685811386578591
-0.01167094404339218
-0.01165602123945744
-0.011641043045761388
-0.01162600953355392
-0.011610920774347496
-0.011595776839916786
-0.011580577802298337
-0.011565323733790225
-0.011550014706951715
-0.011534650794602912
-0.011519232069824411
-0.01150375860595697
-0.011488230476601134
-0.011472647755616901
-0.01145701051712336
-0.011441318835498357
-0.011425572785378124
-0.011409772441656921
-0.011393917879486709
-0.011378009174276747
-0.01136204640169328
-0.011346029637659138
-0.011329958958353417
-0.011313834440211074
-0.011297656159922594
-0.011281424194433613
-0.011265138620944555
-0.011248799516910261
-0.011232406960039633
-0.011215961028295245
-0.01119946179989299
-0.011182909353301695
-0.011166303767242765
-0.01114964512068978
-0.011132933492868155
-0.01111616896325474
-0.011099351611577445
-0.011082481517814866
-0.011065558762195902
-0.011048583425199371
-0.011031555587553645
-0.011014475330236235
-0.010997342734473437
-0.010980157881739918
-0.010962920853758362
-0.010945631732499041
-0.01092829060017947
-0.010910897539263968
-0.010893452632463317
-0.010875955962734328
-0.010858407613279466
-0.010840807667546443
-0.010823156209227847
-0.010805453322260707
-0.010787699090826134
-0.010769893599348882
-0.010752036932496972
-0.010734129175181292
-0.010716170412555168
-0.010698160730013988
-0.010680100213194788
-0.010661988947975825
-0.0106438270204762
-0.010625614517055432
-0.010607351524313042
-0.01058903812908816
-0.010570674418459092
-0.010552260479742928
-0.0105337964004951
-0.010515282268509
-0.010496718171815531
-0.010478104198682704
-0.010459440437615219
-0.010440726977354042
-0.010421963906875987
-0.010403151315393284
-0.010384289292353164
-0.010365377927437434
-0.010346417310562048
-0.010327407531876678
-0.01030834868176429
-0.010289240850840707
-0.010270084129954199
-0.010250878610185019
-0.010231624382845002
-0.010212321539477114
-0.010192970171855012
-0.01017357037198263
-0.010154122232093724
-0.010134625844651437
-0.010115081302347862
-0.010095488698103606
-0.010075848125067337
-0.010056159676615354
-0.010036423446351136
-0.010016639528104906
-0.009996808015933169
-0.00997692900411828
-0.009957002587167998
-0.009937028859815022
-0.009917007917016551
-0.00989693985395384
-0.009876824766031727
-0.009856662748878212
-0.009836453898343967
-0.009816198310501904
-0.009795896081646716
-0.009775547308294401
-0.009755152087181848
-0.009734710515266322
-0.009714222689725039
-0.009693688707954699
-0.00967310866757102
-0.009652482666408273
-0.009631810802518815
-0.009611093174172637
-0.009590329879856882
-0.00956952101827538
-0.009548666688348197
-0.009527766989211133
-0.009506822020215288
-0.009485831880926554
-0.00946479667112517
-0.009443716490805236
-0.009422591440174249
-0.0094014216196526
-0.00938020712987313
-0.00935894807168064
-0.0093376445461314
-0.00931629665449269
-0.0092949044982423
-0.009273468179068057
-0.009251987798867357
-0.00923046345974665
-0.009208895264020975
-0.009187283314213483
-0.009165627713054918
-0.009143928563483164
-0.009122185968642742
-0.009100400031884314
-0.0090785708567642
-0.009056698547043893
-0.009034783206689545
-0.009012824939871497
-0.008990823850963767
-0.008968780044543575
-0.008946693625390812
-0.008924564698487585
-0.008902393369017688
-0.00888017974236611
-0.008857923924118542
-0.008835626020060867
-0.00881328613617867
-0.008790904378656714
-0.00876848085387846
-0.00874601566842554
-0.008723508929077268
-0.008700960742810132
-0.008678371216797263
-0.008655740458407968
-0.008633068575207183
-0.008610355674954964
-0.008587601865606012
-0.008564807255309123
-0.008541971952406684
-0.008519096065434177
-0.008496179703119631
-0.00847322297438314
-0.008450225988336309
-0.008427188854281788
-0.008404111681712697
-0.008380994580312138
-0.008357837659952674
-0.00833464103069579
-0.008311404802791399
-0.008288129086677289
-0.008264813992978608
-0.008241459632507359
-0.008218066116261842
-0.008194633555426151
-0.008171162061369629
-0.00814765174564636
-0.008124102719994624
-0.008100515096336363
-0.008076888986776668
-0.008053224503603235
-0.00802952175928582
-0.008005780866475732
-0.007982001938005282
-0.00795818508688725
-0.00793433042631435
-0.007910438069658677
-0.007886508130471214
-0.007862540722481227
-0.007838535959595789
-0.007814493955899202
-0.007790414825652455
-0.007766298683292703
-0.007742145643432706
-0.007717955820860301
-0.007693729330537835
-0.007669466287601635
-0.0076451668073614625
-0.007620831005299961
-0.007596458997072111
-0.007572050898504667
-0.007547606825595636
-0.007523126894513706
-0.007498611221597688
-0.007474059923355989
-0.0074494731164660485
-0.007424850917773763
-0.007400193444292965
-0.007375500813204848
-0.00735077314185742
-0.007326010547764937
-0.00730121314860734
-0.007276381062229731
-0.007251514406641769
-0.007226613300017132
-0.0072016778606929675
-0.007176708207169298
-0.007151704458108497
-0.0071266667323346905
-0.007101595148833224
-0.007076489826750074
-0.007051350885391294
-0.007026178444222449
-0.007000972622868041
-0.006975733541110954
-0.006950461318891865
-0.006925156076308701
-0.006899817933616044
-0.00687444701122458
-0.006849043429700511
-0.006823607309765
-0.006798138772293584
-0.006772637938315602
-0.0067471049290136285
-0.006721539865722898
-0.006695942869930716
-0.006670314063275898
-0.006644653567548187
-0.006618961504687657
-0.006593237996784174
-0.006567483166076787
-0.006541697134953154
-0.006515880025948954
-0.006490031961747318
-0.006464153065178257
-0.006438243459218044
-0.006412303266988659
-0.006386332611757203
-0.006360331616935291
-0.006334300406078494
-0.006308239102885736
-0.006282147831198714
-0.006256026715001305
-0.006229875878418981
-0.006203695445718216
-0.006177485541305909
-0.006151246289728772
-0.006124977815672751
-0.0060986802439624566
-0.006072353699560513
-0.006045998307567025
-0.006019614193218963
-0.005993201481889552
-0.005966760299087694
-0.005940290770457379
-0.005913793021777063
-0.005887267178959106
-0.005860713368049135
-0.00583413171522547
-0.0058075223467985455
-0.005780885389210249
-0.005754220969033389
-0.0057275292129710465
-0.005700810247855997
-0.005674064200650108
-0.005647291198443717
-0.005620491368455059
-0.0055936648380296395
-0.00556681173463963
-0.005539932185883277
-0.005513026319484292
-0.005486094263291236
-0.005459136145276921
-0.0054321520935378086
-0.005405142236293382
-0.005378106701885562
-0.005351045618778079
-0.005323959115555869
-0.005296847320924471
-0.005269710363709404
-0.005242548372855563
-0.005215361477426611
-0.005188149806604356
-0.0051609134896881395
-0.005133652656094228
-0.005106367435355205
-0.005079057957119341
-0.005051724351149987
-0.00502436674732495
-0.0049969852756358984
-0.004969580066187716
-0.004942151249197916
-0.004914698954995985
-0.0048872233140228065
-0.004859724456829999
-0.004832202514079326
-0.00480465761654209
-0.004777089895098456
-0.004749499480736887
-0.004721886504553489
-0.004694251097751399
-0.004666593391640173
-0.004638913517635142
-0.004611211607256795
-0.004583487792130182
-0.004555742203984238
-0.004527974974651203
-0.004500186236065971
-0.004472376120265476
-0.004444544759388056
-0.004416692285672841
-0.004388818831459105
-0.004360924529185651
-0.0043330095113901955
-0.004305073910708691
-0.004277117859874761
-0.0042491414917190246
-0.0042211449391684665
-0.004193128335245855
-0.004165091813069042
-0.00413703550585037
-0.00410895954689606
-0.004080864069605512
-0.004052749207470749
-0.004024615094075723
-0.003996461863095716
-0.003968289648296703
-0.003940098583534687
-0.003911888802755106
-0.003883660439992165
-0.003855413629368213
-0.003827148505093113
-0.0037988652014635926
-0.0037705638528626076
-0.003742244593758711
-0.00371390755870541
-0.003685552882340536
-0.003657180699385588
-0.003628791144645109
-0.0036003843530060427
-0.0035719604594370894
-0.003543519598988062
-0.003515061906789262
-0.0034865875180508208
-0.00345809656806206
-0.0034295891921908594
-0.003401065525882996
-0.0033725257046615365
-0.0033439698641261526
-0.003315398139952498
-0.003286810667891565
-0.003258207583769036
-0.0032295890234846384
-0.0032009551230115065
-0.003172306018395531
-0.0031436418457547032
-0.0031149627412784945
-0.003086268841227175
-0.003057560281931208
-0.003028837199790561
-0.0030000997312740895
-0.0029713480129188795
-0.0029425821813295894
-0.002913802373177818
-0.002885008725201448
-0.0028562013742039886
-0.002827380457053948
-0.002798546110684152
-0.0027696984720911315
-0.0027408376783344466
-0.002711963866536033
-0.0026830771738795742
-0.00265417773760983
-0.002625265695031992
-0.002596341183511025
-0.002567404340471045
-0.0025384553033946213
-0.002509494209822158
-0.002480521197351217
-0.0024515364036358893
-0.002422539966386126
-0.0023935320233670846
-0.002364512712398488
-0.0023354821713539586
-0.002306440538160353
-0.002277387950797138
-0.0022483245472957095
-0.002219250465738745
-0.0021901658442595577
-0.002161070821041421
-0.002131965534316938
-0.002102850122367357
-0.002073724723521936
-0.0020445894761572858
-0.0020154445186966975
-0.001986289989609492
-0.001957126027410377
-0.0019279527706587722
-0.0018987703579581637
-0.001869578927955426
-0.0018403786193401945
-0.0018111695708441706
-0.0017819519212405029
-0.0017527258093430907
-0.0017234913740059644
-0.0016942487541225897
-0.0016649980886252187
-0.0016357395164842497
-0.001606473176707545
-0.0015771992083397771
-0.001547917750461775
-0.0015186289421898623
-0.0014893329226751877
-0.0014600298311030688
-0.0014307198066923423
-0.0014014029886946933
-0.0013720795163939907
-0.0013427495291056255
-0.0013134131661758633
-0.001284070566981181
-0.001254721870927575
-0.0012253672174499448
-0.0011960067460114047
-0.001166640596102612
-0.0011372689072411274
-0.0011078918189707625
-0.0010785094708608786
-0.0010491220025057384
-0.0010197295535238644
-0.0009903322635573624
-0.0009609302722712397
-0.0009315237193527796
-0.0009021127445108525
-0.0008726974874752565
-0.0008432780879960489
-0.0008138546858429082
-0.0007844274208044438
-0.0007549964326875347
-0.0007255618613166738
-0.000696123846533316
-0.0006666825281951858
-0.0006372380461756313
-0.0006077905403629653
-0.0005783401506597901
-0.0005488870169823241
-0.0005194312792597714
-0.0004899730774336173
-0.00046051255145699996
-0.000431049841294011
-0.0004015850869190673
-0.0003721184283162064
-0.0003426500054784633
-0.00031317995840717244
-0.0002837084271113295
-0.00025423555160690285
-0.00022476147191618636
-0.00019528632806712848
-0.00016581026009265804
-0.00013633340803004428
-0.00010685591192020899
-0.00007737791180705044
-0.000047899547736840344
-0.00001842095975747208
0.000011057712082128405
0.00004053632773272825
0.00007001474714539703
0.00009949283027220747
0.00012897043706690262
0.00015844742748553374
0.0001879236614871473
0.0002173989990344492
0.00024687330009445644
0.0002763464246391632
0.0003058182326462255
0.00033528858409960066
0.0003647573389902433
0.00039422435731671066
0.0004236894990859064
0.00045315262431368854
0.00048261359302555066
0.000512072265257299
0.000541528501055683
0.0005709821604791088
0.0006004331035982456
0.0006298811904967548
0.0006593262812718871
0.0006887682360351994
0.0007182069149132076
0.0007476421780480213
0.0007770738855980418
0.0008065018977386154
0.0008359260746626825
0.000865346276581471
0.0008947623637251254
0.0009241741963434125
0.0009535816347063293
0.0009829845391048225
0.001012382769851422
0.0010417761872808951
0.0010711646517509393
0.0011005480236428301
0.0011299261633620733
0.001159298931339082
0.00118866618802984
0.0012180277939165503
0.0012473836095083196
0.001276733495341786
0.0013060773119818296
0.0013354149200221932
0.0013647461800861548
0.0013940709528272104
0.0014233890989296951
0.0014527004791094888
0.0014820049541146442
0.0015113023847260732
0.0015405926317581863
0.0015698755560595496
0.0015991510185135887
0.0016284188800391977
0.0016576790015914195
0.0016869312441621198
0.0017161754687806262
0.0017454115365144035
0.0017746393084696868
0.0018038586457921981
0.0018330694096677321
0.0018622714613228594
0.0018914646620255939
0.001920648873086009
0.0019498239558569496
0.0019789897717346376
0.002008146182159381
0.0020372930486161874
0.0020664302326354345
0.0020955575957935513
0.002124674999713664
0.002153782306066206
0.0021828793765696613
0.0022119660729911527
0.002241042257147125
0.002270107790903986
0.002299162536178796
0.002328206354939879
0.0023572391092075073
0.0023862606610545647
0.0024152708726071525
0.002444269606045306
0.0024732567236036064
0.0025022320875718596
0.0025311955602957247
0.002560147004177391
0.0025890862816762314
0.0026180132553094326
0.0026469277876526682
0.0026758297413407486
0.002704718979068264
0.0027335953635902344
0.002762458757722793
0.002791309024343795
0.002820146026393498
0.002848969626875189
0.0028777796888558665
0.002906576075466855
0.0029353586499044826
0.0029641272754307173
0.0029928818153738355
0.003021622133129014
0.003050348092159067
0.003079059555995018
0.0031077563882367892
0.003136438452553825
0.0031651056126857724
0.003193757732443084
0.003222394675707698
0.0032510163064336842
0.0032796224886478685
0.003308213086450491
0.003336787964015843
0.003365346985592942
0.0033938900155061303
0.00342241691815576
0.0034509275580188164
0.003479421799649563
0.0035078995076801706
0.003536360546821412
0.003564804781863233
0.003593232077675465
0.0036216422992083885
0.0036500353114934567
0.003678410979643889
0.003706769168855294
0.003735109744406377
0.00376343257165951
0.0037917375160614014
0.003820024443143752
0.00384829321852386
0.003876543707905267
0.0039047757770784217
0.003932989291921286
0.003961184118399981
0.003989360122569438
0.0040175171705740245
0.0040456551286481655
0.004073773863117006
0.004101873240397016
0.004129953126996651
0.004158013389516987
0.004186053894652307
0.004214074509190813
0.00424207510001519
0.004270055534103261
0.004298015678528641
0.00432595540046133
0.004353874567168361
0.004381773046014456
0.004409650704462609
0.004437507410074742
0.004465343030512327
0.004493157433537038
0.004520950487011332
0.004548722058899108
0.004576472017266345
0.004604200230281709
0.004631906566217163
0.00465959089344864
0.004687253080456623
0.004714892995826782
0.004742510508250616
0.004770105486526065
0.004797677799558121
0.004825227316359466
0.004852753906051102
0.004880257437862939
0.00490773778113445
0.004935194805315269
0.004962628379965837
0.004990038374758001
0.0050174246594756125
0.005044787104015206
0.00507212557838657
0.005099439952713354
0.005126730097233737
0.005153995882301005
0.00518123717838416
0.005208453856068575
0.005235645786056573
0.005262812839168056
0.005289954886341105
0.005317071798632607
0.005344163447218879
0.005371229703396243
0.005398270438581675
0.005425285524313388
0.005452274832251464
0.005479238234178439
0.005506175601999941
0.005533086807745273
0.005559971723568036
0.005586830221746729
0.005613662174685356
0.005640467454914039
0.00566724593508963
0.005693997487996271
0.005720721986546062
0.005747419303779613
0.005774089312866685
0.005800731887106771
0.005827346899929695
0.005853934224896237
0.005880493735698687
0.0059070253061615
0.00593352881024187
0.0059600041220303135
0.005986451115751294
0.0060128696657638
0.006039259646561962
0.00606562093277563
0.006091953399170963
0.006118256920651061
0.00614453137225652
0.00617077662916603
0.006196992566697
0.006223179060306125
0.006249335985589954
0.0062754632182855305
0.006301560634270967
0.006327628109566005
0.006353665520332634
0.006379672742875681
0.006405649653643393
0.006431596129227985
0.006457512046366294
0.0064833972819403314
0.00650925171297785
0.006535075216652949
0.006560867670286669
0.006586628951347545
0.006612358937452204
0.006638057506365954
0.006663724536003346
0.006689359904428775
0.006714963489857038
0.006740535170653928
0.006766074825336814
0.006791582332575193
0.006817057571191294
0.006842500420160644
0.006867910758612633
0.006893288465831116
0.006918633421254946
0.006943945504478584
0.006969224595252639
0.006994470573484479
0.007019683319238756
0.007044862712738007
0.00707000863436322
0.007095120964654386
0.007120199584311069
0.007145244374192998
0.007170255215320598
0.0071952319888755846
0.007220174576201506
0.007245082858804323
0.0072699567183529675
0.007294796036679886
0.007319600695781641
0.0073443705778194306
0.007369105565119659
0.007393805540174531
0.007418470385642539
0.0074430999843491
0.007467694219287054
0.007492252973617258
0.007516776130669085
0.007541263573941062
0.007565715187101349
0.007590130853988338
0.00761451045861117
0.007638853885150317
0.007663161017958109
0.007687431741559295
