0.11854672798849301
1001
-0.08232951509024432
-0.08238832091359131
-0.08244624596884359
-0.08250328963696599
-0.08255945130834537
-0.08261473038279725
-0.08266912626957212
-0.08272263838736181
-0.08277526616430571
-0.08282700903799675
-0.08287786645548766
-0.08292783787329658
-0.08297692275741304
-0.08302512058330369
-0.08307243083591781
-0.08311885300969281
-0.08316438660855968
-0.08320903114594827
-0.08325278614479249
-0.08329565113753538
-0.08333762566613416
-0.08337870928206503
-0.0834189015463281
-0.08345820202945185
-0.08349661031149803
-0.08353412598206585
-0.0835707486402965
-0.08360647789487743
-0.08364131336404657
-0.08367525467559624
-0.08370830146687733
-0.08374045338480297
-0.08377171008585257
-0.0838020712360751
-0.08383153651109305
-0.08386010559610567
-0.08388777818589238
-0.08391455398481601
-0.08394043270682597
-0.08396541407546138
-0.0839894978238538
-0.0840126836947304
-0.08403497144041643
-0.08405636082283797
-0.08407685161352454
-0.08409644359361132
-0.08411513655384177
-0.08413293029456965
-0.08414982462576122
-0.08416581936699735
-0.08418091434747524
-0.08419510940601041
-0.08420840439103845
-0.08422079916061644
-0.08423229358242466
-0.08424288753376791
-0.08425258090157677
-0.08426137358240898
-0.0842692654824503
-0.08427625651751573
-0.08428234661305026
-0.08428753570412971
-0.08429182373546149
-0.08429521066138501
-0.08429769644587239
-0.08429928106252862
-0.08429996449459203
-0.08429974673493433
-0.08429862778606077
-0.08429660766010999
-0.08429368637885408
-0.08428986397369814
-0.08428514048568007
-0.08427951596547009
-0.08427299047337021
-0.08426556407931349
-0.08425723686286345
-0.08424800891321306
-0.08423788032918392
-0.08422685121922507
-0.08421492170141197
-0.08420209190344502
-0.08418836196264844
-0.08417373202596866
-0.08415820224997277
-0.08414177280084678
-0.08412444385439397
-0.0841062155960329
-0.0840870882207955
-0.08406706193332494
-0.08404613694787341
-0.08402431348829986
-0.08400159178806767
-0.08397797209024195
-0.08395345464748726
-0.08392803972206454
-0.08390172758582862
-0.08387451852022508
-0.08384641281628735
-0.0838174107746336
-0.0837875127054635
-0.08375671892855488
-0.08372502977326036
-0.08369244557850372
-0.08365896669277643
-0.08362459347413387
-0.08358932629019132
-0.08355316551812032
-0.0835161115446444
-0.08347816476603513
-0.0834393255881077
-0.08339959442621668
-0.08335897170525164
-0.08331745785963238
-0.0832750533333046
-0.08323175857973485
-0.08318757406190587
-0.08314250025231157
-0.08309653763295194
-0.08304968669532804
-0.0830019479404366
-0.08295332187876464
-0.08290380903028417
-0.08285340992444644
-0.08280212510017647
-0.08274995510586712
-0.08269690049937331
-0.08264296184800608
-0.0825881397285264
-0.08253243472713913
-0.08247584743948667
-0.08241837847064272
-0.08236002843510559
-0.08230079795679184
-0.08224068766902942
-0.0821796982145511
-0.08211783024548744
-0.08205508442335989
-0.0819914614190737
-0.08192696191291073
-0.08186158659452211
-0.0817953361629211
-0.08172821132647531
-0.08166021280289944
-0.08159134131924724
-0.08152159761190403
-0.08145098242657878
-0.081379496518296
-0.08130714065138782
-0.08123391559948567
-0.08115982214551219
-0.08108486108167268
-0.0810090332094467
-0.08093233933957958
-0.08085478029207359
-0.08077635689617935
-0.08069706999038677
-0.08061692042241629
-0.08053590904920964
-0.08045403673692075
-0.08037130436090656
-0.08028771280571753
-0.08020326296508827
-0.0801179557419279
-0.08003179204831053
-0.07994477280546539
-0.07985689894376705
-0.0797681714027254
-0.07967859113097567
-0.0795881590862683
-0.07949687623545863
-0.07940474355449657
-0.07931176202841628
-0.07921793265132547
-0.0791232564263949
-0.07902773436584758
-0.07893136749094802
-0.07883415683199121
-0.07873610342829175
-0.07863720832817253
-0.07853747258895377
-0.07843689727694149
-0.07833548346741624
-0.07823323224462159
-0.07813014470175252
-0.07802622194094369
-0.0779214650732578
-0.07781587521867345
-0.07770945350607347
-0.07760220107323268
-0.07749411906680567
-0.07738520864231471
-0.07727547096413734
-0.0771649072054938
-0.07705351854843459
-0.07694130618382788
-0.07682827131134673
-0.07671441513945619
-0.07659973888540048
-0.0764842437751899
-0.0763679310435879
-0.07625080193409756
-0.07613285769894862
-0.07601409959908387
-0.07589452890414583
-0.075774146892463
-0.07565295485103639
-0.07553095407552561
-0.0754081458702351
-0.0752845315481001
-0.07516011243067278
-0.07503488984810788
-0.07490886513914873
-0.0747820396511127
-0.07465441473987705
-0.0745259917698642
-0.0743967721140273
-0.07426675715383546
-0.07413594827925908
-0.07400434688875486
-0.07387195438925098
-0.07373877219613195
-0.07360480173322359
-0.07347004443277769
-0.07333450173545675
-0.07319817509031863
-0.07306106595480101
-0.07292317579470577
-0.07278450608418341
-0.07264505830571721
-0.07250483395010744
-0.07236383451645537
-0.07222206151214733
-0.07207951645283843
-0.07193620086243657
-0.071792116273086
-0.071647264225151
-0.07150164626719935
-0.07135526395598589
-0.07120811885643577
-0.07106021254162777
-0.07091154659277747
-0.07076212259922038
-0.0706119421583949
-0.07046100687582521
-0.07030931836510428
-0.0701568782478764
-0.07000368815381997
-0.0698497497206301
-0.06969506459400096
-0.06953963442760842
-0.0693834608830921
-0.0692265456300378
-0.06906889034595963
-0.06891049671628198
-0.06875136643432163
-0.06859150120126949
-0.06843090272617262
-0.06826957272591573
-0.06810751292520303
-0.06794472505653967
-0.0677812108602133
-0.06761697208427533
-0.0674520104845224
-0.06728632782447756
-0.06711992587537136
-0.066952806416123
-0.0667849712333212
-0.06661642212120528
-0.0664471608816458
-0.06627718932412535
-0.06610650926571932
-0.06593512253107629
-0.06576303095239865
-0.06559023636942304
-0.06541674062940053
-0.06524254558707704
-0.06506765310467338
-0.06489206505186548
-0.06471578330576423
-0.06453880975089563
-0.06436114627918042
-0.06418279478991398
-0.06400375718974612
-0.0638240353926604
-0.06364363131995404
-0.06346254690021703
-0.06328078406931184
-0.06309834477035244
-0.06291523095368373
-0.06273144457686058
-0.06254698760462694
-0.0623618620088949
-0.06217606976872344
-0.0619896128702975
-0.061802493306906535
-0.06161471307892337
-0.061426274193782666
-0.061237178665959686
-0.06104742851694845
-0.06085702577524043
-0.060665972476302656
-0.06047427066255607
-0.0602819223833536
-0.060088929694958375
-0.05989529466052166
-0.059701019350060794
-0.05950610584043704
-0.059310556215333585
-0.05911437256523296
-0.058917556987394905
-0.05872011158583383
-0.058522038471296535
-0.05832333976123934
-0.05812401757980562
-0.0579240740578032
-0.057723511332681325
-0.05752233154850801
-0.05732053685594703
-0.05711812941223503
-0.0569151113811583
-0.05671148493302977
-0.056507252244665795
-0.05630241549936285
-0.05609697688687423
-0.05589093860338653
-0.05568430285149639
-0.055477071840186756
-0.05526924778480335
-0.0550608329070309
-0.054851829434869534
-0.05464223960261088
-0.05443206565081415
-0.05422130982628227
-0.05400997438203782
-0.05379806157729893
-0.05358557367745515
-0.05337251295404328
-0.053158881684722985
-0.05294468215325255
-0.052729916649464394
-0.05251458746924068
-0.05229869691448864
-0.052082247293116106
-0.05186524091900675
-0.05164768011199535
-0.05142956719784307
-0.05121090450821252
-0.05099169438064285
-0.05077193915852478
-0.050551641191075615
-0.05033080283331394
-0.05010942644603464
-0.049887514395783504
-0.04966506905483219
-0.04944209280115248
-0.04921858801839119
-0.04899455709584455
-0.04877000242843273
-0.04854492641667405
-0.048319331466659614
-0.048093219990027386
-0.047866594403936424
-0.04763945713104112
-0.04741181059946524
-0.04718365724277605
-0.04695499949995816
-0.04672583981538757
-0.04649618063880553
-0.04626602442529237
-0.046035373635241045
-0.04580423073433119
-0.0455725981935025
-0.04534047848892841
-0.045107874101989597
-0.04487478751924745
-0.04464122123241763
-0.04440717773834315
-0.04417265953896791
-0.04393766914130995
-0.04370220905743457
-0.043466281804427416
-0.04322988990436775
-0.04299303588430135
-0.04275572227621364
-0.04251795161700232
-0.04227972644845071
-0.04204104931720015
-0.04180192277472303
-0.041562349377295374
-0.0413223316859697
-0.041081872266547435
-0.04084097368955153
-0.040599638530199184
-0.040357869368374
-0.040115668788598735
-0.039873039380007295
-0.03962998373631746
-0.039386504455802905
-0.0391426041412655
-0.03889828540000741
-0.03865355084380334
-0.03840840308887264
-0.03816284475585113
-0.037916878469763333
-0.03767050685999424
-0.037423732560261304
-0.03717655820858622
-0.03692898644726683
-0.03668101992284874
-0.03643266128609704
-0.0361839131919682
-0.035934778299581305
-0.035685259272190045
-0.035435358777153876
-0.035185079485909744
-0.03493442407394345
-0.03468339522076106
-0.03443199560986026
-0.03418022792870165
-0.033928094868680106
-0.03367559912509583
-0.033422743397125726
-0.03316953038779448
-0.03291596280394561
-0.03266204335621261
-0.03240777475898992
-0.03215315973040401
-0.03189820099228412
-0.031642901270133424
-0.03138726329309967
-0.03113128979394616
-0.03087498350902244
-0.03061834717823513
-0.03036138354501859
-0.030104095356305566
-0.02984648536249793
-0.029588556317437106
-0.029330310978374897
-0.029071752105943663
-0.028812882464127176
-0.02855370482023077
-0.028294221944851983
-0.028034436611850764
-0.027774351598319993
-0.02751396968455563
-0.02725329365402715
-0.026992326293347683
-0.026731070392244188
-0.026469528743527787
-0.02620770414306381
-0.025945599389741936
-0.025683217285446192
-0.02542056063502516
-0.025157632246261857
-0.024894434929843827
-0.024630971499332903
-0.024367244771135454
-0.024103257564471976
-0.023839012701347105
-0.023574513006519495
-0.02330976130747133
-0.023044760434378694
-0.02277951322008051
-0.02251402250004902
-0.02224829111235899
-0.021982321897657624
-0.02171611769913403
-0.021449681362488884
-0.021183015735904132
-0.020916123670012367
-0.02064900801786646
-0.020381671634909015
-0.02011411737894193
-0.019846348110095703
-0.019578366690798953
-0.01931017598574787
-0.019041778861875518
-0.01877317818832113
-0.018504376836399602
-0.018235377679570692
-0.017966183593408354
-0.017696797455569836
-0.01742722214576521
-0.017157460545726363
-0.016887515539176265
-0.016617390011798173
-0.016347086851204666
-0.016076608946907038
-0.015805959190284043
-0.015535140474551321
-0.015264155694730256
-0.014993007747617144
-0.014721699531752199
-0.014450233947388525
-0.014178613896461249
-0.013906842282556195
-0.013634922010879314
-0.013362855988225186
-0.013090647122946166
-0.012818298324921368
-0.01254581250552527
-0.01227319257759699
-0.0120004414554087
-0.01172756205463492
-0.011454557292320998
-0.011181430086852176
-0.010908183357922182
-0.010634820026502225
-0.010361343014809676
-0.010087755246276704
-0.00981405964551929
-0.009540259138305751
-0.0092663566515256
-0.008992355113158105
-0.008718257452241224
-0.008444066598840005
-0.008169785484015497
-0.00789541703979339
-0.007620964199132505
-0.00734642989589365
-0.0070718170648081235
-0.0067971286414464736
-0.006522367562186825
-0.006247536764183989
-0.005972639185337501
-0.005697677764260716
-0.005422655440249032
-0.005147575153248642
-0.004872439843825168
-0.004597252453131978
-0.0043220159228790946
-0.004046733195301309
-0.0037714072131273166
-0.003496040919547585
-0.0032206372581834843
-0.002945199173055508
-0.0026697296085517776
-0.002394231509396811
-0.002118707820619697
-0.0018431614875230634
-0.0015675954556510735
-0.0012920126707584483
-0.0010164160787785334
-0.0007408086257921795
-0.0004651932579959993
-0.00018957292167092143
0.00008604943684914493
0.00036167087120904986
0.0006372884350636487
0.000912899182109599
0.0011885001661164438
0.0014640884409585417
0.0017396610606462471
0.0020152150793576063
0.002290747551469603
0.0025662555315898446
0.0028417360745881426
0.003117186235627609
0.0033926030701965306
0.003667983634139612
0.003943324983689644
0.0042186241754986155
0.004493878266669685
0.004769084314788151
0.005044239377953131
0.005319340514809113
0.005594384784577153
0.005869369247086608
0.006144290962806103
0.006419146992875574
0.006693934399137028
0.00696865024416656
0.007243291591305198
0.00751785550469073
0.00779233904928892
0.008066739290924822
0.008341053296314179
0.008615278133094777
0.008889410869857978
0.009163448576179681
0.009437388322652025
0.009711227180914349
0.00998496222368491
0.010258590524791755
0.010532109159204222
0.010805515203064263
0.01107880573371745
0.01135197782974452
0.011625028570992416
0.01189795503860555
0.012170754315056874
0.012443423484179398
0.012715959631196984
0.012988359842755747
0.013260621206955085
0.013532740813378871
0.013804715753126572
0.014076543118844253
0.014348220004755698
0.014619743506693466
0.014891110722130051
0.0151623187502087
0.015433364691774636
0.015704245649405823
0.015974958727444064
0.016245501032026186
0.016515869671114326
0.016786061754527622
0.01705607439397242
0.017325904703073818
0.01759554979740587
0.01786500679452287
0.018134272813990014
0.018403344977414016
0.018672220408474292
0.018940896232953242
0.01920936957876736
0.01947763757599769
0.019745697356920607
0.020013546056038445
0.020281180810110124
0.020548598758181696
0.02081579704161699
0.021082772804128392
0.021349523191806878
0.021616045353152948
0.02188233643910695
0.022148393603079516
0.022414214000981935
0.022679794791256806
0.022945133134908122
0.023210226195531695
0.0234750711393457
0.02373966513522068
0.02400400535470991
0.024268088972079525
0.02453191316433904
0.024795475111271198
0.025058771995462373
0.025321801002332264
0.025584559320164648
0.0258470441401368
0.026109252656349804
0.02637118206585863
0.026632829568701867
0.026894192367931898
0.027155267669644493
0.027416052683009024
0.027676544620298074
0.027936740696917237
0.02819663813143492
0.028456234145612234
0.028715525964432383
0.028974510816130537
0.029233185932223432
0.029491548547539048
0.0297495959002459
0.030007325231882747
0.030264733787388188
0.03052181881512984
0.030778577566933925
0.031035007298114658
0.03129110526750357
0.03154686873747868
0.03180229497399387
0.03205738124660823
0.03231212482851494
0.03256652299657077
0.03282057303132482
0.03307427221704795
0.03332761784176157
0.03358060719726671
0.03383323757917289
0.03408550628692721
0.034337410623843115
0.034588947897129
0.0348401154179175
0.03509091050129373
0.035341330466324296
0.03559137263608581
0.035841034337693506
0.03609031290232996
0.03633920566527338
0.03658770996592632
0.03683582314784394
0.03708354255876261
0.037330865550627916
0.03757778947962345
0.03782431170619864
0.038070429595097016
0.038316140515384775
0.03856144184047841
0.03880633094817313
0.03905080522067061
0.03929486204460725
0.0395384988110819
0.03978171291568393
0.04002450175852088
0.0402668627442463
0.040508793282087695
0.04075029078587385
0.04099135267406295
0.04123197636976962
0.041472159300792955
0.04171189889964369
0.041951192603571955
0.042190037854594235
0.042428432099521164
0.04266637278998459
0.04290385738246474
0.04314088333831764
0.043377448123802
0.043613549210106614
0.043849184073376936
0.04408435019474248
0.04431904506034371
0.044553266161358594
0.04478701099402963
0.04502027705969065
0.04525306186479362
0.045485362920934844
0.045717177744882063
0.04594850385860084
0.046179338789280974
0.046409680069362955
0.046639525236564304
0.046868871833906124
0.04709771740973899
0.04732605951776947
0.04755389571708619
0.047781223572185845
0.04800804065299923
0.048234344534917435
0.048460132798817446
0.04868540303108821
0.04891015282365639
0.04913437977401198
0.04935808148523445
0.04958125556601764
0.04980389963069588
0.050026011299269264
0.05024758819742929
0.05046862795658385
0.05068912821388292
0.05090908661224373
0.05112850080037585
0.051347368432806476
0.05156568716990529
0.05178345467790975
0.052000668628949726
0.05221732670107265
0.05243342657826821
0.05264896595049314
0.05286394251369582
0.05307835396984111
0.05329219802693475
0.05350547239904781
0.053718174806341216
0.05393030297509027
0.05414185463770868
0.05435282753277298
0.05456321940504663
0.05477302800550412
0.054982251091355044
0.05519088642606803
0.055398931779394756
0.05560638492739361
0.05581324365245361
0.05601950574331818
0.05622516899510852
0.05643023120934733
0.05663469019398231
0.05683854376340971
0.05704178973849746
0.05724442594660859
0.05744645022162449
0.05764786040396793
0.05784865434062632
0.05804882988517451
0.05824838489779799
0.05844731724531556
0.0586456248012022
0.058843305445611886
0.05904035706540012
0.05923677755414647
0.059432564812177256
0.05962771674658802
0.05982223127126568
0.060016106306910934
0.06020933978106059
0.06040192962810965
0.06059387378933325
0.06078517021290886
0.060975816853938145
0.061165811674468794
0.061355152643516424
0.061543837737086014
0.061731864938194
0.06191923223688932
0.06210593763027524
0.06229197912253071
0.062477354724931544
0.06266206245587191
0.06284610034088521
0.06302946641266562
0.0632121587110887
0.06339417528323257
0.06357551418339857
0.06375617347313252
0.06393615122124485
0.06411544550383176
0.06429405440429536
0.06447197601336453
0.064649208429115
0.06482574975698988
0.06500159810981998
0.06517675160784371
0.06535120837872738
0.06552496655758526
0.06569802428699935
0.06587037971703925
0.06604203100528204
0.06621297631683198
0.06638321382434002
0.06655274170802333
0.0667215581556849
0.06688966136273276
0.06705704953219938
0.06722372087476076
0.06738967360875564
0.06755490596020457
0.06771941616282878
0.06788320245806916
0.06804626309510492
0.06820859633087252
0.06837020043008406
0.06853107366524601
0.06869121431667768
0.0688506206725293
0.06900929102880085
0.0691672236893598
0.0693244169659594
0.06948086917825687
0.06963657865383112
0.06979154372820082
0.06994576274484209
0.07009923405520622
0.07025195601873735
0.07040392700288992
0.07055514538314617
0.07070560954303351
0.07085531787414183
0.07100426877614054
0.07115246065679594
0.07129989193198798
0.07144656102572729
0.0715924663701721
0.07173760640564496
0.07188197958064928
0.07202558435188613
0.07216841918427062
0.07231048255094827
0.07245177293331143
0.07259228882101536
0.07273202871199465
0.072870991112479
0.07300917453700932
0.07314657750845356
0.07328319855802255
0.07341903622528569
0.07355408905818646
0.07368835561305813
0.07382183445463907
0.07395452415608803
0.07408642329899952
0.074217530473419
0.07434784427785776
0.07447736331930807
0.07460608621325801
0.07473401158370628
0.07486113806317696
0.07498746429273397
0.07511298892199575
0.07523771060914966
0.07536162802096635
0.0754847398328138
0.07560704472867186
0.07572854140114602
0.0758492285514814
0.07596910488957687
0.07608816913399845
0.07620642001199349
0.07632385625950378
0.07644047662117943
0.07655627985039225
0.0766712647092488
0.0767854299686039
0.07689877440807362
0.07701129681604847
0.07712299598970625
0.07723387073502483
0.0773439198667951
0.0774531422086335
0.0775615365929947
0.07766910186118389
0.07777583686336943
0.07788174045859492
0.07798681151479156
0.07809104890879007
0.07819445152633289
0.07829701826208603
0.07839874801965069
0.0784996397115753
0.07859969225936696
0.07869890459350296
0.07879727565344226
0.07889480438763681
0.07899148975354296
0.07908733071763213
0.07918232625540243
0.07927647535138926
0.07936977699917627
0.07946223020140605
0.07955383396979092
0.07964458732512342
0.07973448929728674
0.07982353892526514
0.07991173525715418
0.079999077350171
0.08008556427066425
0.08017119509412415
0.08025596890519246
0.08033988479767205
0.08042294187453675
0.08050513924794096
0.08058647603922896
0.0806669513789445
0.08074656440683999
0.08082531427188573
0.08090320013227903
0.08098022115545306
0.08105637651808599
0.08113166540610958
0.08120608701471801
0.08127964054837643
0.0813523252208295
0.08142414025510969
0.08149508488354572
0.08156515834777077
0.08163435989873037
0.08170268879669071
0.08177014431124632
0.08183672572132801
0.08190243231521045
0.08196726339051992
0.08203121825424177
0.08209429622272772
0.08215649662170331
0.08221781878627508
0.08227826206093766
0.08233782579958063
0.08239650936549575
0.0824543121313835
0.08251123347935987
0.08256727280096292
0.08262242949715942
0.08267670297835107
0.08273009266438096
0.08278259798453966
0.08283421837757139
0.08288495329167998
0.08293480218453475
0.08298376452327642
0.08303183978452267
0.08307902745437375
0.08312532702841811
0.08317073801173763
0.08321525991891299
0.08325889227402883
0.0833016346106789
0.08334348647197093
0.08338444741053162
0.08342451698851139
0.08346369477758904
0.08350198035897631
0.08353937332342244
0.08357587327121849
0.08361147981220156
0.08364619256575904
0.08368001116083275
0.08371293523592264
0.08374496443909095
0.08377609842796581
0.08380633686974494
0.08383567944119921
0.08386412582867601
0.08389167572810284
0.08391832884499029
0.08394408489443529
0.08396894360112422
