0.11246740860446772
1001
-0.03014939887551367
-0.0303585639939285
-0.030567436962966824
-0.030776015773123614
-0.030984298417724418
-0.03119228289294459
-0.03139996719782854
-0.031607349334309066
-0.0318144273072265
-0.03202119912434793
-0.03222766279638636
-0.032433816337019854
-0.03263965776291061
-0.03284518509372409
-0.033050396352148
-0.03325528956391139
-0.03345986275780358
-0.03366411396569314
-0.033868041222546844
-0.03407164256644854
-0.03427491603861805
-0.03447785968342997
-0.034680471548432554
-0.034882749684366395
-0.03508469214518326
-0.03528629698806479
-0.035487562273441145
-0.03568848606500973
-0.035889066429753744
-0.036089301437960845
-0.03628918916324165
-0.03648872768254833
-0.03668791507619305
-0.03688674942786648
-0.03708522882465616
-0.037283351357065016
-0.0374811151190296
-0.037678518207938515
-0.037875558724650676
-0.038072234773513604
-0.03826854446238161
-0.03846448590263405
-0.03866005720919349
-0.03885525650054379
-0.03905008189874826
-0.03924453152946767
-0.03943860352197833
-0.03963229600919007
-0.039825607127664184
-0.040018535017631335
-0.04021107782300955
-0.04040323369142189
-0.04059500077421447
-0.04078637722647411
-0.04097736120704613
-0.04116795087855201
-0.04135814440740718
-0.04154793996383851
-0.041737335721902045
-0.04192632985950045
-0.042114920558400645
-0.042303106004251224
-0.04249088438659992
-0.04267825389891107
-0.04286521273858289
-0.04305175910696493
-0.043237891209375316
-0.04342360725511799
-0.043608905457500007
-0.04379378403384866
-0.04397824120552865
-0.04416227519795919
-0.044345884240631135
-0.04452906656712387
-0.04471182041512246
-0.0448941440264345
-0.04507603564700707
-0.045257493526943623
-0.04543851592052074
-0.04561910108620506
-0.04579924728666987
-0.045978952788811936
-0.046158215863768115
-0.046337034786932046
-0.04651540783797066
-0.04669333330084081
-0.046870809463805695
-0.04704783461945139
-0.04722440706470325
-0.047400525100842285
-0.04757618703352155
-0.04775139117278232
-0.0479261358330705
-0.04810041933325274
-0.048274239996632655
-0.0484475961509669
-0.04862048612848131
-0.048792908265886926
-0.048964860904396
-0.049136342389737915
-0.04930735107217517
-0.04947788530651918
-0.049647943452146126
-0.049817523873012755
-0.04998662493767212
-0.05015524501928924
-0.05032338249565673
-0.05049103574921053
-0.050658203167045314
-0.05082488314093008
-0.050991074067323644
-0.051156774347389994
-0.05132198238701374
-0.05148669659681542
-0.05165091539216673
-0.051814637193205906
-0.05197786042485281
-0.052140583516824095
-0.052302804903648366
-0.05246452302468115
-0.052625736324120015
-0.05278644325101945
-0.05294664225930585
-0.05310633180779232
-0.05326551036019354
-0.05342417638514059
-0.05358232835619557
-0.05373996475186638
-0.05389708405562134
-0.054053684755903726
-0.05420976534614634
-0.05436532432478606
-0.05452036019527821
-0.05467487146611096
-0.054828856650819706
-0.05498231426800139
-0.05513524284132869
-0.05528764089956425
-0.055439506976574834
-0.05559083961134547
-0.0557416373479934
-0.05589189873578222
-0.05604162232913569
-0.0561908066876518
-0.0563394503761165
-0.05648755196451752
-0.05663511002805827
-0.05678212314717128
-0.05692858990753213
-0.057074508900072866
-0.057219878720995675
-0.05736469797178628
-0.05750896525922755
-0.05765267919541269
-0.05779583839775877
-0.05793844148902
-0.05808048709730085
-0.0582219738560694
-0.058362900404170415
-0.05850326538583847
-0.058643067450710934
-0.058782305253841045
-0.05892097745571077
-0.0590590827222437
-0.05919661972481799
-0.059333587140279
-0.05946998365095208
-0.059605807944655254
-0.05974105871471187
-0.0598757346599631
-0.06000983448478052
-0.060143356899078536
-0.0602763006183268
-0.06040866436356258
-0.0605404468614031
-0.06067164684405772
-0.060802263049340124
-0.060932294220680576
-0.06106173910713786
-0.06119059646341142
-0.061318865049853316
-0.061446543632480116
-0.061573630982984844
-0.06170012587874866
-0.061826027102852794
-0.0619513334440901
-0.06207604369697681
-0.06220015666176405
-0.06232367114444951
-0.062446585956788744
-0.06256889991630678
-0.06269061184630936
-0.06281172057589439
-0.06293222493996309
-0.06305212377923121
-0.06317141594024034
-0.06329010027536873
-0.06340817564284258
-0.06352564090674695
-0.0636424949370366
-0.06375873660954696
-0.06387436480600492
-0.06398937841403958
-0.06410377632719294
-0.06421755744493057
-0.06433072067265219
-0.06444326492170219
-0.0645551891093801
-0.06466649215895104
-0.06477717299965602
-0.06488723056672228
-0.0649966638013736
-0.0651054716508403
-0.06521365306836956
-0.0653212070132354
-0.0654281324507487
-0.06553442835226711
-0.06564009369520508
-0.06574512746304358
-0.06584952864533984
-0.06595329623773728
-0.06605642924197494
-0.06615892666589718
-0.06626078752346327
-0.06636201083475678
-0.06646259562599513
-0.06656254092953877
-0.06666184578390072
-0.06676050923375566
-0.06685853032994912
-0.06695590812950677
-0.06705264169564323
-0.06714873009777135
-0.06724417241151102
-0.06733896771869805
-0.06743311510739304
-0.06752661367189022
-0.06761946251272602
-0.06771166073668781
-0.06780320745682258
-0.06789410179244523
-0.06798434286914731
-0.06807392981880524
-0.06816286177958875
-0.06825113789596916
-0.06833875731872763
-0.06842571920496326
-0.06851202271810129
-0.06859766702790107
-0.06868265131046407
-0.0687669747482419
-0.06885063653004393
-0.06893363585104548
-0.06901597191279515
-0.06909764392322275
-0.0691786510966469
-0.06925899265378253
-0.06933866782174838
-0.06941767583407446
-0.06949601593070945
-0.06957368735802787
-0.06965068936883763
-0.06972702122238686
-0.06980268218437129
-0.0698776715269412
-0.06995198852870846
-0.07002563247475346
-0.07009860265663204
-0.07017089837238212
-0.07024251892653077
-0.07031346363010063
-0.07038373180061659
-0.07045332276211248
-0.07052223584513741
-0.07059047038676239
-0.0706580257305865
-0.07072490122674338
-0.07079109623190741
-0.07085661010929992
-0.07092144222869522
-0.07098559196642686
-0.07104905870539341
-0.07111184183506457
-0.07117394075148699
-0.07123535485728999
-0.07129608356169145
-0.0713561262805034
-0.07141548243613768
-0.0714741514576115
-0.0715321327805529
-0.07158942584720619
-0.07164603010643732
-0.07170194501373925
-0.07175717003123705
-0.07181170462769321
-0.07186554827851266
-0.07191870046574783
-0.07197116067810373
-0.07202292841094274
-0.0720740031662895
-0.07212438445283575
-0.07217407178594505
-0.07222306468765735
-0.07227136268669372
-0.0723189653184608
-0.0723658721250553
-0.07241208265526834
-0.07245759646458996
-0.07250241311521317
-0.0725465321760384
-0.07258995322267742
-0.07263267583745757
-0.07267469960942573
-0.0727160241343523
-0.07275664901473505
-0.07279657385980301
-0.0728357982855201
-0.072874321914589
-0.07291214437645463
-0.07294926530730783
-0.07298568435008872
-0.07302140115449035
-0.07305641537696184
-0.07309072668071181
-0.07312433473571162
-0.07315723921869849
-0.07318943981317873
-0.07322093620943057
-0.07325172810450738
-0.0732818152022404
-0.07331119721324175
-0.07333987385490706
-0.07336784485141824
-0.07339510993374625
-0.07342166883965347
-0.07344752131369646
-0.07347266710722822
-0.07349710597840069
-0.07352083769216708
-0.07354386202028408
-0.07356617874131405
-0.07358778764062725
-0.07360868851040377
-0.07362888114963564
-0.07364836536412872
-0.07366714096650452
-0.0736852077762021
-0.07370256561947977
-0.07371921432941671
-0.07373515374591467
-0.07375038371569936
-0.07376490409232214
-0.07377871473616127
-0.07379181551442326
-0.07380420630114423
-0.07381588697719109
-0.0738268574302626
-0.0738371175548906
-0.07384666725244092
-0.0738555064311144
-0.07386363500594761
-0.07387105289881396
-0.07387776003842415
-0.07388375636032705
-0.07388904180691028
-0.07389361632740066
-0.07389747987786487
-0.07390063242120977
-0.0739030739271827
-0.07390480437237194
-0.07390582374020684
-0.07390613202095787
-0.07390572921173694
-0.07390461531649728
-0.07390279034603343
-0.07390025431798113
-0.07389700725681717
-0.07389304919385915
-0.07388838016726523
-0.0738830002220336
-0.07387690941000227
-0.07387010778984837
-0.07386259542708776
-0.0738543723940742
-0.07384543876999893
-0.0738357946408896
-0.07382544009960969
-0.0738143752458575
-0.07380260018616515
-0.0737901150338977
-0.07377691990925186
-0.07376301493925513
-0.07374840025776423
-0.0737330760054641
-0.07371704232986628
-0.07370029938530781
-0.0736828473329495
-0.07366468634077442
-0.07364581658358636
-0.07362623824300811
-0.07360595150747971
-0.0735849565722566
-0.07356325363940784
-0.07354084291781406
-0.07351772462316551
-0.07349389897796003
-0.07346936621150074
-0.07344412655989403
-0.07341818026604721
-0.07339152757966615
-0.07336416875725285
-0.07333610406210311
-0.07330733376430383
-0.07327785814073057
-0.07324767747504474
-0.07321679205769097
-0.07318520218589428
-0.07315290816365719
-0.07311991030175688
-0.07308620891774215
-0.07305180433593036
-0.07301669688740431
-0.07298088691000902
-0.07294437474834864
-0.07290716075378288
-0.0728692452844239
-0.0728306287051326
-0.07279131138751534
-0.07275129370992024
-0.07271057605743361
-0.07266915882187613
-0.07262704240179918
-0.072584227202481
-0.07254071363592282
-0.07249650212084473
-0.07245159308268186
-0.07240598695358018
-0.07235968417239239
-0.07231268518467361
-0.07226499044267722
-0.07221660040535038
-0.07216751553832977
-0.07211773631393686
-0.07206726321117377
-0.07201609671571814
-0.071964237319919
-0.07191168552279152
-0.07185844183001266
-0.07180450675391604
-0.07174988081348704
-0.07169456453435785
-0.07163855844880247
-0.07158186309573143
-0.07152447902068682
-0.07146640677583681
-0.07140764691997051
-0.07134820001849254
-0.07128806664341762
-0.07122724737336492
-0.07116574279355271
-0.07110355349579262
-0.0710406800784839
-0.07097712314660778
-0.07091288331172158
-0.07084796119195277
-0.07078235741199321
-0.07071607260309289
-0.07064910740305405
-0.070581462456225
-0.07051313841349388
-0.07044413593228241
-0.0703744556765396
-0.07030409831673531
-0.07023306452985385
-0.07016135499938746
-0.07008897041532966
-0.07001591147416876
-0.069942178878881
-0.06986777333892392
-0.06979269557022941
-0.06971694629519694
-0.06964052624268652
-0.06956343614801179
-0.0694856767529328
-0.06940724880564897
-0.06932815306079193
-0.06924839027941818
-0.0691679612290018
-0.06908686668342706
-0.06900510742298095
-0.06892268423434575
-0.06883959791059141
-0.06875584925116786
-0.06867143906189747
-0.06858636815496717
-0.06850063734892063
-0.06841424746865057
-0.06832719934539053
-0.0682394938167071
-0.06815113172649179
-0.06806211392495295
-0.06797244126860748
-0.06788211462027272
-0.06779113484905808
-0.06769950283035664
-0.06760721944583692
-0.0675142855834341
-0.06742070213734169
-0.06732647000800296
-0.06723159010210204
-0.06713606333255549
-0.06703989061850328
-0.06694307288530009
-0.06684561106450633
-0.06674750609387926
-0.06664875891736387
-0.06654937048508384
-0.06644934175333246
-0.06634867368456329
-0.06624736724738109
-0.06614542341653233
-0.06604284317289585
-0.0659396275034736
-0.06583577740138079
-0.06573129386583666
-0.06562617790215479
-0.06552043052173334
-0.06541405274204533
-0.06530704558662896
-0.0651994100850776
-0.0650911472730301
-0.06498225819216064
-0.06487274389016875
-0.0647626054207693
-0.06465184384368228
-0.06454046022462263
-0.06442845563529011
-0.06431583115335869
-0.06420258786246653
-0.06408872685220533
-0.06397424921810993
-0.06385915606164769
-0.06374344849020804
-0.06362712761709172
-0.06351019456150006
-0.0633926504485243
-0.06327449640913461
-0.06315573358016939
-0.06303636310432426
-0.062916386130141
-0.06279580381199663
-0.06267461731009216
-0.06255282779044154
-0.06243043642486039
-0.06230744439095478
-0.06218385287210978
-0.0620596630574782
-0.06193487614196918
-0.06180949332623644
-0.06168351581666709
-0.06155694482536973
-0.06142978157016294
-0.06130202727456349
-0.061173683167774655
-0.06104475048467432
-0.06091523046580311
-0.06078512435735245
-0.060654433411152585
-0.06052315888466055
-0.06039130204094807
-0.06025886414868936
-0.060125846482149053
-0.059992250321169734
-0.05985807695115983
-0.05972332766308105
-0.05958800375343618
-0.05945210652425641
-0.05931563728308895
-0.05917859734298439
-0.059040988022484045
-0.05890281064560733
-0.058764066541838904
-0.05862475704611612
-0.0584848834988159
-0.05834444724574198
-0.05820344963811202
-0.058061892032544464
-0.05791977579104559
-0.05777710228099629
-0.05763387287513919
-0.05749008895156507
-0.05734575189369981
-0.05720086309029117
-0.05705542393539517
-0.05690943582836298
-0.05676290017382712
-0.05661581838168827
-0.05646819186710155
-0.05632002205046281
-0.056171310357395206
-0.05602205821873531
-0.055872267070519295
-0.05572193835396935
-0.05557107351547961
-0.05541967400660224
-0.055267741284033646
-0.05511527680960029
-0.05496228205024467
-0.054808758478011296
-0.05465470757003234
-0.054500130808513646
-0.05434502968072027
-0.05418940567896234
-0.054033260300580525
-0.0538765950479319
-0.05371941142837516
-0.05356171095425628
-0.05340349514289403
-0.05324476551656526
-0.05308552360249034
-0.052925770932818396
-0.05276550904461263
-0.05260473947983553
-0.05244346378533388
-0.052281683512824154
-0.05211940021887734
-0.05195661546490419
-0.05179333081713988
-0.05162954784662932
-0.051465268129211754
-0.051300493245505674
-0.05113522478089374
-0.05096946432550735
-0.05080321347421139
-0.05063647382658898
-0.050469246986926036
-0.050301534564195734
-0.05013333817204317
-0.04996465942876976
-0.049795499957317683
-0.04962586138525436
-0.049455745344756545
-0.04928515347259497
-0.04911408741011831
-0.048942548803237465
-0.04877053930240982
-0.04859806056262336
-0.048425114243380495
-0.048251702008682514
-0.048077825527013215
-0.04790348647132299
-0.04772868651901281
-0.047553427351917935
-0.04737771065629174
-0.04720153812278971
-0.04702491144645295
-0.046847832326691874
-0.04667030246727003
-0.04649232357628753
-0.04631389736616475
-0.04613502555362577
-0.045955709859681865
-0.04577595200961497
-0.04559575373296111
-0.04541511676349367
-0.04523404283920681
-0.04505253370229874
-0.044870591099154825
-0.04468821678033095
-0.04450541250053662
-0.044322180018618
-0.04413852109754111
-0.04395443750437484
-0.043769931010273835
-0.04358500339046161
-0.0433996564242134
-0.043213891894839034
-0.0430277115896657
-0.04284111730002102
-0.04265411082121548
-0.042466693952525364
-0.04227886849717539
-0.04209063626232137
-0.041901999059032774
-0.04171295870227534
-0.04152351701089369
-0.04133367580759374
-0.041143436918925094
-0.04095280217526363
-0.04076177341079384
-0.04057035246349111
-0.040378541175104046
-0.04018634139113696
-0.03999375496083174
-0.03980078373715041
-0.03960742957675718
-0.03941369434000047
-0.03921957989089513
-0.039025088097104525
-0.03883022082992244
-0.03863497996425527
-0.03843936737860385
-0.03824338495504528
-0.03804703457921509
-0.037850318140288886
-0.03765323753096417
-0.03745579464744228
-0.037257991389410106
-0.03705982966002166
-0.03686131136587998
-0.03666243841701857
-0.0364632127268832
-0.03626363621231345
-0.03606371079352417
-0.03586343839408716
-0.03566282094091261
-0.03546186036423043
-0.0352605585975719
-0.03505891757775091
-0.03485693924484527
-0.03465462554217833
-0.03445197841630007
-0.03424899981696829
-0.034045691697129975
-0.0338420560129026
-0.03363809472355507
-0.033433809791489105
-0.03322920318222021
-0.03302427686435885
-0.032819032809591434
-0.03261347299266134
-0.03240759939135007
-0.03220141398645802
-0.03199491876178551
-0.031788115704113704
-0.03158100680318565
-0.031373594051686715
-0.031165879445225832
-0.03095786498231612
-0.030749552664355636
-0.030540944495608232
-0.030332042483184184
-0.030122848637020763
-0.029913364969863274
-0.029703593497245325
-0.029493536237469472
-0.029283195211588033
-0.02907257244338347
-0.028861669959348857
-0.02865048978866857
-0.02843903396319867
-0.028227304517447233
-0.028015303488555066
-0.02780303291627579
-0.027590494842956375
-0.027377691313517614
-0.027164624375434133
-0.02695129607871499
-0.026737708475883786
-0.026523863621958927
-0.026309763574433945
-0.026095410393257662
-0.02588080614081425
-0.02566595288190357
-0.025450852683721277
-0.025235507615838697
-0.025019919750183337
-0.02480409116101857
-0.024588023924923822
-0.024371720120774654
-0.024155181829722674
-0.02393841113517553
-0.023721410122776843
-0.023504180880386253
-0.02328672549805916
-0.023069046068026833
-0.022851144684675966
-0.02263302344452887
-0.022414684446223153
-0.022196129790491403
-0.021977361580141182
-0.021758381920034712
-0.021539192917068545
-0.02131979668015344
-0.021100195320194005
-0.0208803909500683
-0.020660385684607672
-0.020440181640576323
-0.02021978093665089
-0.019999185693400146
-0.01977839803326459
-0.019557420080536046
-0.019336253961337046
-0.019114901803600686
-0.018893365737049802
-0.018671647893176806
-0.01844975040522299
-0.018227675408158027
-0.018005425038659376
-0.01778300143509191
-0.017560406737487152
-0.017337643087522864
-0.017114712628502168
-0.016891617505333262
-0.016668359864508486
-0.016444941854083805
-0.016221365623658213
-0.01599763332435301
-0.0157737471087909
-0.015549709131075574
-0.015325521546770901
-0.015101186512880012
-0.014876706187824777
-0.014652082731424841
-0.01442731830487713
-0.01420241507073474
-0.013977375192886332
-0.013752200836535167
-0.013526894168178368
-0.01330145735558618
-0.013075892567780776
-0.012850201975015874
-0.012624387748755364
-0.012398452061652751
-0.012172397087530155
-0.011946225001357254
-0.011719937979230655
-0.011493538198352703
-0.011267027837010545
-0.011040409074555427
-0.010813684091381429
-0.010586855068904616
-0.01035992418954202
-0.010132893636690678
-0.00990576559470659
-0.00967854224888373
-0.009451225785433075
-0.009223818391461452
-0.008996322254950494
-0.00876873956473574
-0.008541072510485375
-0.008313323282679367
-0.008085494072588259
-0.007857587072252108
-0.007629604474459373
-0.00740154847272595
-0.007173421261273833
-0.006945225035010266
-0.006716961989506386
-0.006488634320976253
-0.006260244226255807
-0.006031793902781361
-0.005803285548568895
-0.005574721362192594
-0.005346103542763829
-0.005117434289910037
-0.004888715803753479
-0.004659950284890124
-0.00443113993436834
-0.004202286953667993
-0.0039733935446789265
-0.003744461909680037
-0.003515494251318077
-0.0032864927725862144
-0.003057459676803117
-0.0028283971675916396
-0.0025993074488575396
-0.002370192724768471
-0.0021410551997325497
-0.0019118970783773613
-0.0016827205655286159
-0.0014535278661888995
-0.0012243211855166118
-0.000995102728804669
-0.0007658747014591584
-0.00053663930897838
-0.00030739875693144326
-0.00007815525093703825
0.0001510890033576697
0.00038033180029830704
0.0006095709342446288
0.0008388041995915465
0.0010680293907904387
0.001297244302370487
0.0015264467289596514
0.0017556344653061051
0.0019848053062993145
0.0022139570469913656
0.0024430874826180432
0.002672194408620248
0.0029012756206649366
0.003130328914666605
0.003359352086808256
0.003588342933562782
0.003817299251714116
0.004046218838378334
0.004275099491024972
0.004503939007498141
0.004732735186037748
0.004961485825300747
0.00519018872438216
0.005418841682836382
0.005647442500698249
0.005875988978504397
0.006104478917314183
0.006332910118730938
0.006561280384923256
0.006789587518645921
0.0070178293232610765
0.0072460036027596104
0.007474108161781914
0.00770214080563931
0.007930099340335032
0.008157981572585304
0.008385785309840587
0.008613508360306419
0.008841148532964728
0.009068703637594922
0.009296171484794776
0.0095235498860017
0.009750836653513619
0.009978029600510186
0.010205126541073568
0.010432125290209898
0.010659023663869838
0.010885819478969924
0.011112510553413451
0.011339094706111403
0.01156556975700351
0.011791933527079248
0.012018183838398755
0.012244318514113756
0.012470335378488642
0.012696232256921304
0.012922006975963962
0.013147657363344339
0.013373181247986194
0.01359857646003063
0.013823840830856613
0.014048972193102086
0.014273968380684617
0.014498827228822512
0.01472354657405523
0.014948124254264599
0.015172558108695505
0.01539684597797648
0.015620985704140809
0.015844975130646935
0.016068812102399663
0.016292494465770347
0.016516020068617937
0.01673938676030976
0.01696259239174204
0.01718563481536061
0.017408511885181638
0.01763122145681207
0.017853761387470638
0.018076129536008064
0.018298323762927886
0.018520341930407188
0.018742181902316763
0.01896384154424208
0.019185318723503472
0.01940661130917683
0.01962771717211421
0.01984863418496416
0.020069360222192138
0.020289893160101224
0.02051023087685214
0.020730371252484166
0.020950312168934972
0.02117005151006173
0.021389587161660614
0.02160891701148787
0.021828038949279628
0.022046950866772573
0.022265650657724033
0.022484136217932337
0.02270240544525687
0.022920456239638523
0.02313828650311991
0.02335589413986517
0.023573277056180883
0.02379043316053528
0.024007360363579176
0.024224056578165492
0.024440519719369763
0.024656747704509777
0.02487273845316625
0.02508848988720203
0.025303999930782778
0.025519266510396422
0.025734287554873638
0.025949060995407263
0.02616358476557253
0.02637785680134689
0.026591875041129642
0.02680563742576221
0.027019141898547424
0.027232386405269846
0.02744536889421506
