0.09422945045239188
1001
0.02473260814146275
0.02480016025379399
0.02486754491208366
0.02493476166108136
0.02500181004667052
0.025068689615871463
0.02513539991684449
0.025201940498892888
0.025268310912466063
0.02533451070916249
0.0254005394417328
0.025466396664082767
0.02553208193127641
0.02559759479953886
0.02566293482625951
0.02572810156999488
0.025793094590471716
0.02585791344858989
0.025922557706425375
0.02598702692723327
0.026051320675450667
0.02611543851669966
0.026179380017790257
0.026243144746723325
0.026306732272693478
0.02637014216609203
0.02643337399850989
0.026496427342740426
0.026559301772782422
0.026621996863842878
0.026684512192339936
0.02674684733590576
0.026809001873389315
0.02687097538485931
0.026932767451606963
0.026994377656148878
0.02705580558222984
0.02711705081482565
0.027178112940145924
0.02723899154563689
0.027299686219984177
0.027360196553115616
0.027420522136203957
0.02748066256166972
0.02754061742318387
0.027600386315670612
0.027659968835310127
0.027719364579541272
0.027778573147064348
0.027837594137843764
0.0278964271531108
0.027955071795366233
0.028013527668383095
0.0280717943772093
0.028129871528170355
0.02818775872887199
0.028245455588202833
0.028302961716337033
0.028360276724736927
0.02841740022615564
0.02847433183463972
0.028531071165531732
0.02858761783547289
0.028643971462405597
0.028700131665576088
0.028756098065536955
0.028811870284149763
0.028867447944587555
0.028922830671337423
0.028978018090203072
0.029033009828307303
0.029087805514094556
0.029142404777333458
0.029196807249119255
0.02925101256187637
0.029305020349360847
0.029358830246662863
0.029412441890209143
0.029465854917765506
0.02951906896843921
0.029572083682681462
0.02962489870228983
0.029677513670410688
0.029729928231541556
0.029782142031533593
0.02983415471759395
0.02988596593828815
0.029937575343542466
0.029988982584646325
0.03004018731425459
0.03009118918639
0.03014198785644544
0.0301925829811863
0.03024297421875279
0.03029316122866225
0.030343143671811477
0.030392921210478964
0.03044249350832724
0.03049186023040512
0.030541021043149933
0.030589975614389874
0.030638723613346144
0.03068726471063525
0.03073559857827122
0.030783724889667796
0.030831643319640684
0.030879353544409727
0.03092685524160109
0.030974148090249443
0.031021231770800163
0.031068105965111434
0.031114770356456458
0.03116122462952554
0.031207468470428313
0.03125350156669571
0.03129932360728224
0.031344934282567974
0.031390333284360694
0.03143552030589796
0.03148049504184918
0.03152525718831772
0.03156980644284285
0.03161414250440192
0.031658265073412316
0.0317021738517335
0.03174586854266903
0.03178934885096858
0.03183261448282988
0.03187566514590082
0.031918500549281276
0.03196112040352518
0.03200352442064247
0.03204571231410099
0.032087683798828474
0.032129438591214435
0.032170976409112095
0.03221229697184033
0.0322534000001855
0.0322942852164034
0.0323349523442211
0.032375401108838825
0.03241563123693181
0.032455642456652146
0.03249543449763061
0.03253500709097855
0.0325743599692896
0.032613492866641586
0.03265240551859826
0.032691097662211115
0.032729569036021186
0.03276781938006074
0.03280584843585513
0.03284365594642446
0.032881241656285386
0.032918605311452805
0.03295574665944159
0.03299266544926827
0.03302936143145277
0.03306583435802006
0.033102083982501855
0.03313811005993829
0.03317391234687949
0.03320949060138738
0.03324484458303715
0.03327997405291898
0.03331487877363966
0.033349558509324105
0.03338401302561707
0.03341824208968464
0.033452245470215844
0.03348602293742422
0.03351957426304934
0.03355289922035843
0.0335859975841478
0.033618869130744404
0.0336515136380074
0.033683930885329595
0.03371612065363897
0.03374808272540012
0.033779816884615774
0.03381132291682823
0.0338426006091208
0.03387364975011926
0.03390447012999327
0.03393506154045781
0.03396542377477457
0.033995556627753346
0.03402545989575344
0.03405513337668504
0.034084576870010576
0.034113790176746074
0.03414277309946248
0.03417152544228709
0.034200047010904705
0.03422833761255911
0.034256397056054336
0.03428422515175581
0.03431182171159189
0.03433918654905491
0.03436631947920257
0.03439322031865912
0.03441988888561666
0.034446324999836304
0.03447252848264945
0.03449849915695896
0.03452423684724037
0.03454974137954305
0.03457501258149144
0.03460005028228614
0.03462485431270513
0.03464942450510485
0.034673760693421415
0.03469786271317164
0.03472173040145425
0.0347453635969509
0.034768762139927314
0.034791925872234335
0.03481485463730904
0.03483754828017573
0.03486000664744705
0.03488222958732496
0.03490421694960182
0.03492596858566136
0.03494748434847969
0.034968764092626343
0.0349898076742652
0.03501061495115544
0.03503118578265264
0.03505152002970955
0.03507161755487715
0.035091478222305524
0.03511110189774481
0.03513048844854609
0.03514963774366229
0.03516854965364906
0.03518722405066565
0.03520566080847583
0.03522385980244861
0.03524182090955922
0.03525954400838989
0.035277028979130653
0.03529427570358014
0.03531128406514648
0.03532805394884793
0.03534458524131381
0.03536087783078516
0.035376931607115546
0.0353927464617718
0.03540832228783471
0.035423658979999814
0.03543875643457808
0.03545361454949656
0.035468233224299164
0.03548261236014728
0.03549675185982045
0.03551065162771706
0.03552431156985497
0.0355377315938721
0.03555091160902711
0.035563851526200035
0.035576551257892816
0.03558901071822996
0.03560122982295903
0.03561320848945132
0.03562494663670236
0.03563644418533247
0.03564770105758728
0.03565871717733828
0.03566949247008334
0.03568002686294716
0.03569032028468186
0.03570037266566734
0.03571018393791188
0.03571975403505246
0.03572908289235536
0.03573817044671646
0.03574701663666173
0.0357556214023477
0.035763984685561724
0.03577210642972254
0.03577998657988047
0.03578762508271798
0.03579502188654992
0.03580217694132386
0.035809090198620525
0.035815761611654076
0.03582219113527235
0.035828378725957295
0.035834324341825194
0.03584002794262692
0.03584548948974829
0.03585070894621027
0.03585568627666923
0.03586042144741716
0.03586491442638199
0.03586916518312768
0.03587317368885453
0.03587693991639931
0.035880463840235466
0.03588374543647334
0.03588678468286021
0.035889581558780574
0.03589213604525621
0.03589444812494632
0.03589651778214767
0.035898345002794645
0.0358999297744594
0.035901272086351944
0.03590237192932012
0.03590322929584984
0.03590384418006494
0.035904216577727334
0.035904346486237054
0.035904233904632224
0.03590387883358904
0.03590328127542185
0.03590244123408305
0.03590135871516315
0.035900033725890616
0.03589846627513195
0.03589665637339153
0.03589460403281161
0.03589230926717217
0.035889772091890884
0.035886992524022984
0.03588397058226116
0.035880706286935404
0.03587719966001292
0.03587345072509792
0.03586945950743153
0.03586522603389155
0.03586075033299232
0.0358560324348845
0.03585107237135492
0.03584587017582625
0.03584042588335692
0.03583473953064078
0.03582881115600688
0.03582264079941922
0.03581622850247648
0.035809574308411724
0.0358026782620921
0.035795540410018596
0.03578816080032564
0.035780539482780864
0.035772676508784663
0.03576457193136995
0.03575622580520173
0.03574763818657676
0.035738809133423206
0.03572973870530012
0.03572042696339721
0.035710873970534275
0.0357010797911609
0.03569104449135594
0.0356807681388271
0.035670250802910475
0.03565949255457012
0.03564849346639751
0.03563725361261105
0.03562577306905565
0.03561405191320212
0.035602090224146704
0.035589888082610516
0.035577445570939024
0.03556476277310147
0.03555183977469032
0.03553867666292063
0.03552527352662956
0.03551163045627568
0.03549774754393839
0.03548362488331733
0.03546926256973168
0.03545466070011959
0.03543981937303747
0.03542473868865932
0.03540941874877613
0.035393859656795104
0.03537806151773897
0.03536202443824535
0.035345748526565954
0.03532923389256587
0.03531248064772285
0.03529548890512652
0.03527825877947766
0.03526079038708736
0.03524308384587632
0.035225139275373976
0.035206956796717724
0.03518853653265213
0.03516987860752806
0.03515098314730184
0.03513185027953443
0.03511248013339055
0.03509287283963779
0.035073028530645756
0.03505294734038516
0.035032629404426946
0.03501207485994127
0.034991283845696726
0.034970256502059274
0.0349489929709914
0.03492749339605105
0.034905757922390736
0.03488378669675655
0.03486157986748714
0.03483913758451271
0.03481645999935404
0.03479354726512144
0.034770399536513695
0.03474701696981708
0.034723399722904245
0.03469954795523313
0.03467546182784601
0.03465114150336826
0.03462658714600733
0.03460179892155163
0.03457677699736941
0.03455152154240762
0.03452603272719077
0.034500310723819774
0.034474355705970794
0.034448167848894075
0.03442174732941273
0.03439509432592159
0.03436820901838594
0.034341091588340394
0.034313742218887555
0.03428616109469686
0.03425834840200328
0.034230304328606145
0.03420202906386775
0.034173522798712185
0.034144785725623995
0.03411581803864687
0.03408661993338239
0.03405719160698862
0.034027533258178845
0.033997645087220196
0.033967527295932304
0.03393718008768597
0.03390660366740169
0.03387579824154841
0.03384476401814202
0.033813501206743986
0.03378201001845996
0.03375029066593828
0.033718343363368666
0.0336861683264806
0.03365376577254202
0.03362113592035773
0.033588278990268054
0.033555195204147216
0.033521884785401926
0.03348834795896983
0.033454584951318
0.033420595990441414
0.03338638130586142
0.03335194112862416
0.03331727569129901
0.033282385227977065
0.03324726997426944
0.033211930167305816
0.03317636604573274
0.033140577849712076
0.033104565820919314
0.03306833020254197
0.033031871239278005
0.03299518917733404
0.03295828426442382
0.03292115674976647
0.03288380688408483
0.03284623491960372
0.032808441110048374
0.03277042571064248
0.03273218897810674
0.0326937311706569
0.03265505254800215
0.03261615337134331
0.03257703390337107
0.032537694408264255
0.032498135151687944
0.032458356400791775
0.032418358424208114
0.03237814149205019
0.03233770587591035
0.03229705184885815
0.032256179685438556
0.03221508966167006
0.03217378205504286
0.032132257144516924
0.03209051521052014
0.03204855653494645
0.032006381401153854
0.03196399009396262
0.031921382899653246
0.03187856010596457
0.03183552200209188
0.03179226887868486
0.031748801027845684
0.031705118743127064
0.031661222319530176
0.0316171120535028
0.031572788242937196
0.03152825118716814
0.031483501186970936
0.031438538544559295
0.03139336356358341
0.03134797654912777
0.031302377807709246
0.03125656764727487
0.031210546377199895
0.031164314308285576
0.031117871752757188
0.031071219024261833
0.03102435643786633
0.03097728431005514
0.030930002958728175
0.030882512703198646
0.030834813864190996
0.030786906763838582
0.030738791725681617
0.030690469074664963
0.030641939137135893
0.03059320224084193
0.030544258714928607
0.03049510888993725
0.030445753097802765
0.03039619167185134
0.030346424946798258
0.03029645325874563
0.03024627694518004
0.030195896344970368
0.03014531179836546
0.03009452364699183
0.030043532233851318
0.029992337903318827
0.029940941001139993
0.029889341874428783
0.029837540871665243
0.029785538342693072
0.02973333463871729
0.02968093011230186
0.029628325117367293
0.029575520009188293
0.029522515144391314
0.029469310880952167
0.029415907578193623
0.029362305596782927
0.029308505298729446
0.029254507047382163
0.02920031120742721
0.029145918144885475
0.029091328227110018
0.029036541822783746
0.028981559301916746
0.028926381035843936
0.028871007397222453
0.028815438760029174
0.02875967549955821
0.028703717992418328
0.028647566616530454
0.028591221751125075
0.02853468377673968
0.028477953075216243
0.02842103002969858
0.028363915024629774
0.02830660844574964
0.028249110680091997
0.028191422115982197
0.02813354314303434
0.028075474152148828
0.02801721553550958
0.02795876768658141
0.027900131000107416
0.027841305872106255
0.027782292699869548
0.0277230918819591
0.027663703818204276
0.027604128909699276
0.02754436755880039
0.027484420169123374
0.027424287145540606
0.027363968894178456
0.02730346582241447
0.027242778338874642
0.02718190685343067
0.027120851777197166
0.02705961352252887
0.02699819250301791
0.02693658913349093
0.026874803830006365
0.02681283700985161
0.02675068909154016
0.026688360494808817
0.026625851640614866
0.026563162951133208
0.026500294849753508
0.026437247761077327
0.02637402211091532
0.02631061832628426
0.026247036835404206
0.026183278067695614
0.02611934245377642
0.026055230425459146
0.025990942415747956
0.025926478858835762
0.025861840190101296
0.0257970268461061
0.02573203926459167
0.025666877884476438
0.025601543145852827
0.025536035489984274
0.02547035535930225
0.025404503197403273
0.025338479449045884
0.025272284560147726
0.02520591897778241
0.025139383150176612
0.025072677526706937
0.025005802557896948
0.02493875869541419
0.024871546392066943
0.024804166101801358
0.024736618279698273
0.024668903381970194
0.024601021865958198
0.02453297419012884
0.024464760814071056
0.024396382198493077
0.024327838805219253
0.024259131097187032
0.024190259538443754
0.024121224594143557
0.024052026730544202
0.02398266641500395
0.023913144115978415
0.02384346030301732
0.023773615446761473
0.02370361001893944
0.023633444492364424
0.02356311934093108
0.02349263503961229
0.023421992064455974
0.023351190892581863
0.023280232002178238
0.02320911587249879
0.023137842983859302
0.02306641381763443
0.022994828856254465
0.022923088583202064
0.02285119348300897
0.02277914404125276
0.02270694074455354
0.022634584080570692
0.022562074537999563
0.02248941260656814
0.022416598777033763
0.02234363354117986
0.022270517391812496
0.022197250822757187
0.022123834328855466
0.022050268405961592
0.02197655355093915
0.021902690261657778
0.021828679036989717
0.02175452037680648
0.021680214781975467
0.02160576275435661
0.021531164796798917
0.02145642141313715
0.021381533108188393
0.02130650038774861
0.021231323758589285
0.021156003728453932
0.021080540806054707
0.02100493550106903
0.020929188324135973
0.020853299786853005
0.020777270401772414
0.02070110068239784
0.020624791143180925
0.020548342299517675
0.02047175466774511
0.0203950287651377
0.020318165109903915
0.020241164221182686
0.020164026619039932
0.020086752824465034
0.020009343359367295
0.019931798746572454
0.01985411950981911
0.019776306173755226
0.01969835926393458
0.019620279306813173
0.019542066829745713
0.019463722360982035
0.01938524642966353
0.01930663956581961
0.019227902300364055
0.019149035165091526
0.019070038692673836
0.018990913416656475
0.018911659871454982
0.018832278592351277
0.01875277011549008
0.01867313497787532
0.018593373717366444
0.018513486872674855
0.018433474983360208
0.01835333858982683
0.018273078233319962
0.01819269445592224
0.01811218780054992
0.018031558810949325
0.01795080803169304
0.017869936008176313
0.01778894328661337
0.01770783041403368
0.017626597938278334
0.017545246407996266
0.017463776372640596
0.017382188382464917
0.01730048298851953
0.017218660742647766
0.017136722197482298
0.0170546679064413
0.016972498423724766
0.016890214304310824
0.016807816103951868
0.016725304379170913
0.016642679687257775
0.01655994258626529
0.016477093635005623
0.016394133393046417
0.01631106242070705
0.016227881279054845
0.016144590529901276
0.016061190735798172
0.015977682460033886
0.01589406626662956
0.0158103427203353
0.015726512386626285
0.015642575831699028
0.015558533622467516
0.015474386326559416
0.015390134512312154
0.015305778748769209
0.015221319605676136
0.015136757653476798
0.015052093463309508
0.014967327607003115
0.014882460657073224
0.014797493186718294
0.014712425769815674
0.0146272589809179
0.014541993395248668
0.014456629588699046
0.01437116813782353
0.014285609619836154
0.014199954612606584
0.01411420369465624
0.014028357445154405
0.013942416443914236
0.01385638127138897
0.013770252508667844
0.013684030737472293
0.013597716540152011
0.013511310499680958
0.013424813199653435
0.0133382252242802
0.013251547158384482
0.013164779587398012
0.013077923097357063
0.012990978274898575
0.012903945707256101
0.01281682598225587
0.01272961968831279
0.012642327414426559
0.01255494975017762
0.012467487285723168
0.012379940611793176
0.012292310319686403
0.012204597001266476
0.012116801248957757
0.012028923655741416
0.011940964815151474
0.011852925321270684
0.011764805768726579
0.011676606752687474
0.01158832886885839
0.011499972713477103
0.011411538883310037
0.01132302797564827
0.011234440588303547
0.011145777319604143
0.0110570387683909
0.010968225534013132
0.010879338216324651
0.01079037741567961
0.010701343732928538
0.01061223776941419
0.0105230601269676
0.010433811407903969
0.010344492215018541
0.010255103151582564
0.010165644821339236
0.010076117828499645
0.009986522777738668
0.009896860274190823
0.009807130923446265
0.009717335331546664
0.009627474104981106
0.00953754785068202
0.009447557176021089
0.009357502688805043
0.009267384997271689
0.009177204710085712
0.009086962436334653
0.008996658785524685
0.008906294367576539
0.008815869792821486
0.00872538567199698
0.008634842616242812
0.008544241237096762
0.008453582146490583
0.008362865956745826
0.008272093280569725
0.008181264731051005
0.008090380921655881
0.007999442466223753
0.007908449978963084
0.007817404074447335
0.007726305367610787
0.007635154473744384
0.007543952008491469
0.007452698587843825
0.007361394828137332
0.007270041346047969
0.0071786387585874335
0.007087187683099221
0.006995688737254276
0.006904142539046881
0.006812549706790495
0.00672091085911353
0.006629226614955278
0.006537497593561561
0.006445724414480686
0.006353907697559262
0.006262048062937898
0.006170146131047117
0.006078202522603159
0.005986217858603697
0.0058941927603238095
0.00580212784931156
0.005710023747383998
0.005617881076622894
0.005525700459370462
0.005433482518225303
0.005341227876038053
0.005248937155907259
0.0051566109811751505
0.005064249975423409
0.004971854762469045
0.004879425966360042
0.00478696421137126
0.0046944701220001115
0.004601944322962481
0.004509387439188419
0.004416800095817909
0.004324182918196645
0.004231536531871845
0.004138861562588086
0.004046158636282914
0.003953428379082726
0.0038606714172985386
0.0037678883774217215
0.003675079886119776
0.0035822465702321366
0.0034893890567659156
0.003396507972891639
0.0033036039459390107
0.0032106776033927085
0.0031177295728882165
0.003024760482207419
0.0029317709592744444
0.002838761632151456
0.0027457331290343607
0.0026526860782486207
0.002559621108244939
0.0024665388475950544
0.00237343992498749
0.0022803249692232904
0.0021871946092118354
0.0020940494739665324
0.0020008901926005726
0.0019077173943226617
0.0018145317084328322
0.0017213337643181912
0.0016281241914485741
0.001534903619372424
0.001441672677712426
0.0013484319961612997
0.0012551822044776111
0.001161923932481367
0.0010686578100499015
0.0009753844671135471
0.0008821045336514515
0.0007888186396872207
0.0006955274152847351
0.0006022314905438565
0.0005089314955962492
0.00041562806060099777
0.0003223218157404535
0.00022901339121591673
0.0001357034172434569
0.00004239252404955867
-0.000050918658133082106
-0.00014422949906979773
-0.00023753936852822244
-0.0003308476362826312
-0.00042415367211806637
-0.000517456845834594
-0.000610756527251702
-0.0007040520862124414
-0.0007973428925876867
-0.0008906283162804982
-0.000983907727230183
-0.0010771804954167635
-0.0011704459908650445
-0.0012637035836490036
-0.0013569526438960504
-0.0014501925417911472
-0.0015434226475811506
-0.0016366423315790953
-0.001729850964168445
-0.0018230479158072438
-0.0019162325570324455
-0.0020094042584641804
-0.002102562390809987
-0.002195706324869041
-0.0022888354315364445
-0.0023819490818074037
-0.0024750466467815878
-0.002568127497667257
-0.002661191005785596
-0.0027542365425749617
-0.0028472634795950586
-0.002940271188531247
-0.0030332590411987206
-0.003126226409546844
-0.003219172665663336
-0.0033120971817784733
-0.003404999330269426
-0.003497878483664427
-0.0035907340146470283
-0.003683565296060366
-0.0037763717009113057
-0.0038691526023747953
-0.003961907373798047
-0.004054635388704725
-0.004147336020799249
-0.004240008643970995
-0.0043326526322985184
-0.004425267360053809
-0.00451785220170643
-0.004610406531927893
-0.004702929725595712
-0.004795421157797794
-0.00488788020383653
-0.004980306239233066
-0.005072698639731546
-0.005165056781303199
-0.005257380040150791
-0.00534966779271261
-0.005441919415666814
-0.005534134285935544
-0.005626311780689217
-0.005718451277350727
-0.005810552153599552
-0.0059026137873760655
-0.005994635556885768
-0.0060866168406032714
-0.0061785570172767585
-0.006270455465932011
-0.006362311565876725
-0.0064541246967045685
-0.006545894238299433
-0.006637619570839658
-0.0067293000748022145
-0.006820935130966828
-0.006912524120420215
-0.007004066424560179
-0.007095561425099927
-0.007187008504072156
-0.007278407043833218
-0.007369756427067351
-0.0074610560367908
-0.0075523052563559664
-0.007643503469455646
-0.007734650060127136
