0.17022094275270788
1001
-0.003749226565963834
-0.0036163195282783215
-0.0034833327027364164
-0.0033502690206231715
-0.0032171314149179965
-0.0030839228202299922
-0.0029506461727332586
-0.0028173044101022005
-0.0026839004714467336
-0.0025504372972475287
-0.002416917829291186
-0.002283345010605395
-0.0021497217853940526
-0.002016051098972374
-0.0018823358977019672
-0.0017485791289258824
-0.0016147837409036614
-0.0014809526827463306
-0.001347088904351408
-0.001213195356337873
-0.0010792749899811317
-0.0009453307571479582
-0.0008113656102314408
-0.0006773825020858853
-0.0005433843859617441
-0.00040937421544050094
-0.00027535494436958764
-0.00014132952679726438
-7.300916907490763e-6
0.00012672793104516152
0.00026075406280065414
0.00039477452415858294
0.0005287863610433113
0.000662786619569072
0.000796772346105088
0.0009307405873406604
0.001064688390350297
0.0011986128026587638
0.0013325108723061944
0.0014663796479131455
0.0016002161787456554
0.0017340175147802753
0.0018677807067691103
0.002001502806304825
0.002135180865885609
0.0022688119389801843
0.002402393080092726
0.0025359213448277987
0.0026693937899552444
0.0028028074734750856
0.002936159454682347
0.003069446794231884
0.0032026665542031723
0.0033358157981650664
0.0034688915912405287
0.003601891000171312
0.003734811093382619
0.003867648941047725
0.004000401615152551
0.004133066189560206
0.004265639740075484
0.004398119344509318
0.004530502082743199
0.004662785036793534
0.004794965290875958
0.004927039931469626
0.005059006047381408
0.005190860729810078
0.005322601072410412
0.005454224171357262
0.005585727125409555
0.005717107035974257
0.0058483610071702365
0.005979486145892121
0.00611047956187406
0.006241338367753423
0.006372059679134443
0.006502640614651812
0.006633078296034179
0.006763369848167586
0.006893512399158855
0.007023503080398881
0.0071533390266258655
0.007283017375988465
0.007412535270108889
0.0075418898541458855
0.007671078276857676
0.0078000976906648
0.007928945251712883
0.008057618119935312
0.008186113459115853
0.008314428436951151
0.00844256022511316
0.008570505999311497
0.008698262939355675
0.008825828229217288
0.008953199057092064
0.009080372615461841
0.009207346101156467
0.009334116715415574
0.009460681663950263
0.009587038157004707
0.00971318340941764
0.009839114640683726
0.009964829075014892
0.01009032394140145
0.010215596473673245
0.010340643910560558
0.010465463495755015
0.010590052477970307
0.010714408111002882
0.010838527653792415
0.010962408370482284
0.01108604753047982
0.011209442408516526
0.011332590284708155
0.011455488444614617
0.011578134179299855
0.011700524785391537
0.011822657565140633
0.011944529826480888
0.012066138883088169
0.012187482054439654
0.012308556665872933
0.012429360048644955
0.012549889539990845
0.012670142483182606
0.012790116227587661
0.01290980812872732
0.01302921554833501
0.013148335854414458
0.013267166421297707
0.013385704629702984
0.013503947866792428
0.013621893526229679
0.013739539008237336
0.01385688171965427
0.013973919073992733
0.014090648491495435
0.014207067399192357
0.014323173230957472
0.014438963427565328
0.01455443543674743
0.014669586713248497
0.014784414718882598
0.014898916922589064
0.015013090800488267
0.015126933835937283
0.015240443519585348
0.015353617349429157
0.015466452830868036
0.015578947476758885
0.015691098807471052
0.015802904350940943
0.015914361642726537
0.016025468226061684
0.016136221651910268
0.016246619479020202
0.01635665927397719
0.016466338611258437
0.01657565507328601
0.016684606250480228
0.01679318974131272
0.016901403152359325
0.01700924409835293
0.01711671020223598
0.01722379909521288
0.017330508416802236
0.017436835814888852
0.017542778945775585
0.01764833547423501
0.017753503073560876
0.01785827942561941
0.017962662220900382
0.01806664915856804
0.018170237946511812
0.018273426301396813
0.018376211948714204
0.018478592622831275
0.018580566067041452
0.018682130033613964
0.018783282283843437
0.018884020588099223
0.01898434272587453
0.019084246485835385
0.019183729665869356
0.019282790073134125
0.019381425524105746
0.019479633844626868
0.019577412869954586
0.019674760444808183
0.01977167442341662
0.01986815266956585
0.01996419305664588
0.020059793467697682
0.020154951795459796
0.02024966594241484
0.020343933820835672
0.020437753352831475
0.020531122470393504
0.0206240391154407
0.020716501239865036
0.02080850680557666
0.020900053784548817
0.020991140158862567
0.02108176392075122
0.02117192307264465
0.021261615627213255
0.021350839607411822
0.02143959304652304
0.02152787398820093
0.02161568048651389
0.021703010605987602
0.02178986242164774
0.02187623401906234
0.021962123494384003
0.022047528954391903
0.022132448516533454
0.022216880308965865
0.022300822470597344
0.02238427315112815
0.02246723051109136
0.022549692721893423
0.022631657965854472
0.02271312443624833
0.022794090337342435
0.022874553884437317
0.022954513303905997
0.023033966833233062
0.0231129127210535
0.023191349227191328
0.023269274622697924
0.023346687189890133
0.023423585222388153
0.023499967025153105
0.02357583091452444
0.02365117521825702
0.02372599827555795
0.023800298437123266
0.02387407406517418
0.023947323533493263
0.02402004522746025
0.024092237544087635
0.024163898892056
0.024235027691749084
0.02430562237528863
0.024375681386568884
0.024445203181290946
0.024514186226996786
0.02458262900310303
0.024650530000934433
0.024717887723757225
0.024784700686811996
0.02485096741734646
0.02491668645464796
0.024981856350075594
0.025046475667092182
0.025110542981295926
0.025174056880451805
0.025237015964522668
0.02529941884570015
0.02536126414843523
0.02542255050946853
0.025483276577860387
0.025543441015020634
0.025603042494738087
0.02566207970320977
0.025720551339069895
0.025778456113418537
0.025835792749850022
0.02589255998448109
0.02594875656597873
0.026004381255587773
0.026059432827158172
0.026113910067172067
0.026167811774770514
0.026221136761779902
0.02627388385273825
0.026326051884920987
0.026377639708366703
0.026428646185902398
0.026479070193168582
0.026528910618644087
0.026578166363670493
0.02662683634247643
0.026674919482201433
0.026722414722919634
0.02676932101766309
0.02681563733244491
0.026861362646282007
0.026906495951217566
0.026951036252343342
0.026994982567821534
0.027038333928906425
0.027081089379965773
0.027123247978501807
0.027164808795172083
0.02720577091380988
0.02724613343144447
0.027285895458320972
0.027325056117919966
0.027363614546976823
0.027401569895500758
0.0274389213267935
0.027475668017467796
0.027511809157465508
0.027547343950075506
0.027582271611951207
0.02761659137312785
0.027650302477039458
0.027683404180535515
0.027715895753897334
0.027747776480854178
0.027779045658599004
0.02780970259780397
0.027839746622635636
0.027869177070769843
0.02789799329340632
0.02792619465528299
0.02795378053468995
0.02798075032348318
0.028007103427097987
0.028032839264562053
0.028057957268508252
0.028082456885187172
0.028106337574479327
0.028129598809907022
0.028152240078646005
0.028174260881536715
0.02819566073309534
0.02821643916152448
0.02823659570872355
0.028256129930298877
0.02827504139557353
0.028293329687596735
0.028310994403153152
0.028328035152771682
0.028344451560734122
0.028360243265083386
0.028375409917631513
0.02838995118396735
0.028403866743463894
0.028417156289285372
0.02842981952839401
0.028441856181556473
0.028453265983350053
0.028464048682168456
0.028474204040227442
0.02848373183356995
0.028492631852071137
0.028500903899442948
0.028508547793238467
0.028515563364855914
0.028521950459542388
0.028527708936397275
0.028532838668375318
0.028537339542289465
0.028541211458813318
0.02854445433248337
0.02854706809170085
0.028549052678733297
0.02855040804971586
0.02855113417465226
0.02855123103741543
0.028550698635747877
0.02854953698126175
0.028547746099438557
0.02854532602962861
0.028542276825050186
0.028538598552788307
0.028534291293793288
0.028529355142878948
0.028523790208720513
0.028517596613852246
0.028510774494664694
0.02850332400140174
0.028495245298157255
0.028486538562871477
0.028477203987327115
0.028467241777145103
0.02845665215178007
0.0284454353445155
0.028433591602458598
0.028421121186534837
0.028408024371482203
0.02839430144584515
0.028379952711968238
0.028364978485989446
0.02834937909783322
0.028333154891203235
0.028316306223574755
0.028298833466186783
0.028280737004033885
0.028262017235857716
0.028242674574138184
0.028222709445084395
0.02820212228862526
0.028180913558399766
0.028159083721747035
0.02813663325969595
0.028113562666954608
0.02808987245189938
0.02806556313656375
0.028040635256626752
0.028015089361401204
0.027988926013821577
0.02796214579043161
0.027934749281371598
0.02790673709036533
0.027878109834706875
0.027848868145246904
0.027819012666378803
0.027788544056024506
0.02775746298561993
0.02772577014010021
0.02769346621788462
0.02766055193086114
0.0276270280043708
0.027592895177191656
0.027558154201522536
0.027522805842966458
0.027486850880513725
0.027450290106524815
0.027413124326712827
0.027375354360125826
0.027336981039128693
0.027298005209384846
0.027258427729837578
0.027218249472691112
0.027177471323391406
0.027136094180606595
0.027094118956207225
0.027051546575246128
0.027008377975938053
0.02696461410963895
0.026920255940825047
0.026875304447071556
0.02682976061903116
0.02678362546041213
0.026736899987956253
0.026689585231416374
0.02664168223353375
0.02659319205001503
0.02654411574950897
0.02649445441358296
0.026444209136699072
0.026393381026190026
0.02634197120223476
0.02628998079783369
0.026237410958783815
0.02618426284365341
0.026130537623756524
0.026076236483127128
0.026021360618493018
0.025965911239249496
0.025909889567432634
0.02585329683769241
0.025796134297265415
0.02573840320594745
0.025680104836065712
0.025621240472450728
0.025561811412408098
0.025501818965689843
0.025441264454465585
0.025380149213293342
0.025318474589090197
0.02525624194110253
0.025193452640876125
0.025130108072225866
0.025066209631205323
0.025001758726075903
0.024936756777275877
0.02487120521738901
0.024805105491113043
0.024738459055227792
0.024671267378563073
0.024603531941966385
0.02453525423827012
0.0244664357722588
0.02439707806063587
0.024327182631990227
0.024256751026762564
0.024185784797211445
0.024114285507379013
0.024042254733056587
0.023969694061749917
0.023896605092644175
0.023822989436568683
0.023748848715961522
0.023674184564833587
0.023598998628732756
0.02352329256470753
0.02344706804127047
0.023370326738361532
0.023293070347310957
0.023215300570802004
0.02313701912283346
0.02305822772868181
0.022978928124863254
0.0228991220590954
0.022818811290258745
0.022737997588357962
0.02265668273448282
0.022574868520768943
0.022492556750358307
0.022409749237359573
0.022326447806807967
0.022242654294625155
0.022158370547578767
0.02207359842324164
0.021988339789950944
0.021902596526766925
0.02181637052343159
0.02172966368032694
0.02164247790843319
0.02155481512928658
0.02146667727493702
0.02137806628790559
0.021288984121141604
0.02119943273797966
0.021109414112096332
0.021018930227466655
0.020927983078320424
0.020836574669098235
0.02074470701440725
0.020652382138976917
0.020559602077614206
0.020466368875158857
0.020372684586438254
0.020278551276222148
0.020183971019177186
0.02008894589982114
0.01999347801247695
0.019897569461226637
0.01980122235986485
0.019704438831852286
0.01960722101026896
0.01950957103776711
0.01941149106652398
0.019312983258194416
0.01921404978386327
0.01911469282399736
0.01901491456839765
0.01891471721615082
0.018814102975580865
0.01871307406420042
0.01861163270866181
0.0185097811447081
0.01840752161712372
0.01830485637968502
0.01820178769511062
0.018098317835011476
0.017994449079840866
0.017890183718844096
0.01778552405000809
0.01768047238001066
0.01757503102416977
0.017469202306392394
0.017362988559123372
0.01725639212329399
0.017149415348270355
0.01704206059180162
0.016934330219968048
0.016826226607128857
0.01671775213586985
0.0166089091969509
0.016499700189253366
0.016390127519727005
0.016280193603337163
0.0161699008630114
0.01605925172958607
0.01594824864175288
0.01583689404600501
0.015725190396583214
0.015613140155421803
0.015500745792094277
0.015388009783758979
0.015274934615104445
0.015161522778294651
0.015047776772914127
0.014933699105912796
0.014819292291550745
0.014704558851342834
0.0145895013140031
0.014474122215388978
0.014358424098445554
0.014242409513149338
0.01412608101645215
0.014009441172224763
0.013892492551200411
0.013775237730918053
0.013657679295665618
0.013539819836423102
0.013421661950805306
0.013303208243004763
0.013184461323734171
0.013065423810168997
0.012946098325889662
0.012826487500823843
0.012706593971188434
0.01258642037943144
0.012465969374173746
0.012345243610150724
0.012224245748153803
0.012102978454971722
0.011981444403331784
0.011859646271840952
0.011737586744926871
0.011615268512778552
0.011492694271287268
0.011369866721986963
0.011246788571994815
0.011123462533951547
0.010999891325961577
0.01087607767153325
0.010752024299518692
0.010627733944053627
0.010503209344497257
0.010378453245371783
0.010253468396301955
0.010128257551954432
0.010002823471977148
0.009877168920938338
0.0097512966682658
0.00962520948818567
0.009498910159661408
0.00937240146633248
0.009245686196453039
0.009118767142830428
0.008991647102763727
0.00886432887798189
0.008736815274582284
0.008609109102968587
0.00848121317778893
0.008353130317873977
0.008224863346174565
0.008096415089699705
0.007967788379454182
0.007838986050376091
0.007710010941274465
0.007580865894766611
0.0074515537572156
0.007322077378667401
0.007192439612788024
0.0070626433168008125
0.006932691351423286
0.006802586580804167
0.006672331872460322
0.006541930097213342
0.006411384129126548
0.006280696845441431
0.006149871126514331
0.0060189098557529635
0.005887815919552791
0.005756592207233426
0.005625241610975104
0.005493767025754668
0.005362171349281976
0.0052304574819359425
0.005098628326700628
0.004966686789101279
0.004834635777140273
0.0047024782012329465
0.00457021697414357
0.004437855010921197
0.004305395228835146
0.0041728405473109645
0.004040193887866039
0.003907458174045039
0.0037746363313556726
0.0036417312872041576
0.0035087459708306123
0.003375683313244642
0.0032425462471605167
0.003109337706932795
0.0029760606284915145
0.002842717949277399
0.002709312608177268
0.0025758475454592334
0.0024423257027078133
0.002308750022759179
0.00217512344963622
0.002041448928483742
0.0019077294055034927
0.0017739678278892374
0.00164016714376184
0.001506330302104237
0.0013724602526964372
0.0012385599460505111
0.001104632333345636
0.000970680366362984
0.0008367069974206194
0.0007027151793084673
0.0005687078652233452
0.0004346880087036907
0.00030065856356454164
0.00016662248383246143
0.000032582723680407315
-0.00010145776263738438
-0.00023549602085056238
-0.00036952909673760204
-0.0005035540361911779
-0.0006375678852829956
-0.0007715676903291883
-0.000905550497955133
-0.0010395133551607107
-0.0011734533093854605
-0.0013073674085733369
-0.00144125270123822
-0.0015751062365285812
-0.0017089250642927285
-0.0018427062351438189
-0.0019764468005247352
-0.0021101438127732472
-0.0022437943251868587
-0.002377395392087765
-0.002510944068887827
-0.0026444374121534562
-0.0027778724796704937
-0.0029112463305089806
-0.003044556025088092
-0.003177798625240874
-0.003310971194278954
-0.0034440707970573997
-0.003577094500039232
-0.003710039371360256
-0.0038429024808935897
-0.003975680900314203
-0.004108371703163561
-0.004240971964914082
-0.004373478763033532
-0.004505889177049592
-0.004638200288614011
-0.004770409181567195
-0.004902512942002231
-0.005034508658329171
-0.0051663934213393905
-0.005298164324269451
-0.005429818462865369
-0.005561352935446399
-0.005692764842969296
-0.005824051289091953
-0.005955209380237313
-0.0060862362256572
-0.006217128937495996
-0.006347884630854219
-0.006478500423852288
-0.006608973437693832
-0.006739300796729315
-0.006869479628519274
-0.006999507063897656
-0.007129380237035222
-0.007259096285502488
-0.007388652350332939
-0.0075180455760859655
-0.007647273110909901
-0.007776332106604838
-0.007905219718685262
-0.008033933106443037
-0.00816246943300972
-0.008290825865419271
-0.008418999574670443
-0.00854698773578906
-0.00867478752789049
-0.008802396134241526
-0.008929810742322644
-0.009057028543890115
-0.00918404673503757
-0.00931086251625807
-0.009437473092505708
-0.009563875673257241
-0.00969006747257355
-0.00981604570916105
-0.009941807606433088
-0.010067350392571004
-0.010192671300585298
-0.010317767568376622
-0.010442636438796631
-0.010567275159708693
-0.01069168098404873
-0.010815851169885505
-0.010939782980481382
-0.011063473684352277
-0.011186920555328122
-0.011310120872612905
-0.011433071920844563
-0.011555770990154859
-0.011678215376229154
-0.011800402380365959
-0.011922329309536456
-0.012043993476443821
-0.012165392199582455
-0.01228652280329712
-0.012407382617841845
-0.012527968979438848
-0.012648279230337175
-0.012768310718871393
-0.012888060799519839
-0.013007526832963103
-0.013126706186142189
-0.01324559623231633
-0.013364194351121255
-0.013482497928626628
-0.013600504357393708
-0.013718211036533106
-0.013835615371761608
-0.013952714775459828
-0.014069506666728968
-0.014185988471447744
-0.01430215762232924
-0.014418011558977322
-0.014533547727943236
-0.014648763582781717
-0.014763656584107264
-0.014878224199649988
-0.014992463904311571
-0.015106373180220753
-0.015219949516788895
-0.01533319041076541
-0.015446093366292806
-0.0155586558949617
-0.015670875515865754
-0.015782749755656276
-0.015894276148596738
-0.016005452236617247
-0.016116275569368486
-0.016226743704275952
-0.016336854206593664
-0.01644660464945782
-0.01655599261394038
-0.016665015689102287
-0.016773671472046663
-0.01688195756797173
-0.016989871590223547
-0.01709741116034883
-0.017204573908147076
-0.017311357471722997
-0.017417759497538564
-0.017523777640464748
-0.017629409563833402
-0.017734652939488556
-0.01783950544783797
-0.017943964777904043
-0.018048028627374788
-0.018151694702654673
-0.018254960718915136
-0.018357824400144895
-0.018460283479200146
-0.018562335697854506
-0.018663978806848874
-0.018765210565940823
-0.018866028743954197
-0.018966431118828148
-0.01906641547766613
-0.01916597961678471
-0.019265121341762042
-0.01936383846748646
-0.01946212881820431
-0.01955999022756815
-0.01965742053868445
-0.019754417604161075
-0.01985097928615469
-0.01994710345641776
-0.020042787996345568
-0.020138030797022893
-0.020232829759270436
-0.02032718279369114
-0.02042108782071625
-0.020514542770651057
-0.02060754558372065
-0.020700094210115164
-0.020792186610035127
-0.020883820753736272
-0.020974994621574306
-0.021065706204049506
-0.021155953501850944
-0.02124573452590053
-0.021335047297396853
-0.021423889847858927
-0.021512260219169382
-0.021600156463617733
-0.02168757664394327
-0.02177451883337783
-0.021860981115688172
-0.021946961585218253
-0.022032458346931204
-0.02211746951645114
-0.02220199322010465
-0.022286027594962086
-0.022369570788878773
-0.022452620960535564
-0.022535176279479634
-0.02261723492616475
-0.022698795091991335
-0.022779854979346446
-0.022860412801643307
-0.022940466783360664
-0.023020015160081987
-0.02309905617853432
-0.023177588096626952
-0.023255609183489755
-0.023333117719511392
-0.023410111996377228
-0.0234865903171069
-0.023562550996091784
-0.02363799235913216
-0.02371291274347406
-0.02378731049784593
-0.02386118398249508
-0.02393453156922375
-0.024007351641425
-0.024079642594118388
-0.02415140283398537
-0.024222630779404324
-0.02429332486048545
-0.024363483519105368
-0.024433105208941513
-0.024502188395506136
-0.02457073155618018
-0.024638733180246817
-0.024706191768924742
-0.02477310583540121
-0.02483947390486479
-0.024905294514537935
-0.024970566213709154
-0.025035287563765
-0.02509945713822175
-0.02516307352275698
-0.025226135315240563
-0.02528864112576563
-0.025350589576679298
-0.02541197930261288
-0.025472808950512116
-0.02553307717966689
-0.02559278266174084
-0.02565192408080066
-0.02571050013334498
-0.025768509528333237
-0.025825950987214057
-0.025882823243953475
-0.02593912504506277
-0.02599485514962614
-0.0260500123293281
-0.02610459536848044
-0.026158603064049112
-0.02621203422568072
-0.026264887675728713
-0.026317162249279453
-0.026368856794177723
-0.026419970171052326
-0.02647050125334096
-0.026520448927315258
-0.02656981209210522
-0.02661858965972351
-0.02666678055508945
-0.026714383716052677
-0.026761398093416575
-0.02680782265096139
-0.026853656365467098
-0.026898898226735926
-0.026943547237614655
-0.026987602414016515
-0.02703106278494296
-0.027073927392505037
-0.027116195291944516
-0.027157865551654677
-0.02719893725320086
-0.027239409491340738
-0.027279281374044194
-0.027318552022513078
-0.027357220571200512
-0.02739528616782997
-0.027432747973414086
-0.027469605162273137
-0.027505856922053214
-0.027541502453744184
-0.027576540971697268
-0.02761097170364233
-0.027644793890704962
-0.02767800678742313
-0.027710609661763683
-0.02774260179513842
-0.02777398248242
-0.02780475103195742
-0.02783490676559128
-0.027864449018668743
-0.027893377140058156
-0.02792169049216344
-0.02794938845093812
-0.027976470405899064
-0.028002935760139982
-0.028028783930344525
-0.028054014346799203
-0.028078626453405874
-0.028102619707694083
-0.02812599358083295
-0.028148747557642823
-0.028170881136606717
-0.028192393829881254
-0.028213285163307497
-0.028233554676421396
