0.1763002621367332
1001
0.013950132535661026
0.01401553023285638
0.014080596654645993
0.01414533026244611
0.014209729525541092
0.01427379292111964
0.014337518934310753
0.014400906058219623
0.01446395279396321
0.014526657650705708
0.014589019145693808
0.014651035804291742
0.014712706160016183
0.014774028754570892
0.014835002137881229
0.01489562486812843
0.014955895511783706
0.015015812643642152
0.015075374846856426
0.015134580712970278
0.01519342884195185
0.015251917842226782
0.015310046330711109
0.015367812932843998
0.015425216282620217
0.015482255022622455
0.015538927804053438
0.015595233286767792
0.01565117013930376
0.015706737038914672
0.01576193267160024
0.01581675573213762
0.015871204924112297
0.01592527895994869
0.01597897656094068
0.01603229645728178
0.016085237388095197
0.01613779810146365
0.016189977354458943
0.016241773913171404
0.016293186552739043
0.0163442140573765
0.01639485522040382
0.01644510884427499
0.01649497374060624
0.01654444873020415
0.01659353264309356
0.0166422243185452
0.016690522605103168
0.016738426360612152
0.016785934452244425
0.01683304575652665
0.01687975915936646
0.016926073556078763
0.016971987851411924
0.0170175009595736
0.017062611804256476
0.017107319318663675
0.017151622445534014
0.017195520137166992
0.017239011355447573
0.01728209507187072
0.017324770267565747
0.01736703593332039
0.01740889106960467
0.017450334686594553
0.017491365804195337
0.017531983452064852
0.017572186669636378
0.017611974506141374
0.017651346020631974
0.01769030028200323
0.01772883636901512
0.017766953370314344
0.017804650384455892
0.01784192651992434
0.017878780895154933
0.01791521263855445
0.01795122088852179
0.017986804793468387
0.01802196351183831
0.018056696212128187
0.018091002072906866
0.018124880282834818
0.018158330040683374
0.01819135055535362
0.018223941045895153
0.018256100741524502
0.018287828881643403
0.018319124715856745
0.018349987503990348
0.01838041651610845
0.018410411032530983
0.018439970343850576
0.018469093750949343
0.018497780565015425
0.018526030107559262
0.018553841710429637
0.0185812147158295
0.018608148476331528
0.01863464235489339
0.01866069572487286
0.018686307970042632
0.018711478484604863
0.01873620667320554
0.018760491950948525
0.018784333743409418
0.018807731486649108
0.01883068462722716
0.018853192622214847
0.018875254939208035
0.018896871056339762
0.01891804046229257
0.0189387626563106
0.018959037148211455
0.018978863458397763
0.01899824111786856
0.019017169668230333
0.019035648661707913
0.019053677661155025
0.019071256240064643
0.019088383982579085
0.019105060483499848
0.019121285348297178
0.01913705819311941
0.019152378644802053
0.019167246340876593
0.019181660929579118
0.019195622069858576
0.019209129431384885
0.019222182694556732
0.01923478155050913
0.019246925701120736
0.01925861485902089
0.019269848747596418
0.019280627100998177
0.01929094966414735
0.01930081619274146
0.019310226453260183
0.019319180222970828
0.01932767728993365
0.01933571745300685
0.019343300521851313
0.019350426316935135
0.01935709466953787
0.019363305421754524
0.019369058426499258
0.019374353547508924
0.019379190659346245
0.019383569647402815
0.019387490407901775
0.019390952847900322
0.01939395688529186
0.01939650244880797
0.019398589478020103
0.01940021792334098
0.01940138774602581
0.019402098918173176
0.019402351422725728
0.019402145253470542
0.019401480415039335
0.0194003569229083
0.01939877480339777
0.0193967340936716
0.019394234841736288
0.01939127710643983
0.019387860957470367
0.019383986475354494
0.019379653751455384
0.019374862887970634
0.019369613997929854
0.01936390720519197
0.019357742644442334
0.01935112046118952
0.019344040811761897
0.01933650386330392
0.01932850979377221
0.01932005879193131
0.01931115105734927
0.0193017868003929
0.019291966242222784
0.01928168961478811
0.019270957160821143
0.019259769133831497
0.01924812579810015
0.019236027428673187
0.019223474311355324
0.019210466742703134
0.019197005030018036
0.01918308949133904
0.019168720455435228
0.019153898261797985
0.01913862326063297
0.019122895812851846
0.019106716290063743
0.019090085074566474
0.019073002559337495
0.019055469148024647
0.019037485254936554
0.01901905130503291
0.01900016773391434
0.01898083498781219
0.018961053523577933
0.018940823808672364
0.01892014632115459
0.018899021549670693
0.018877449993442184
0.018855432162254222
0.018832968576443537
0.018810059766886152
0.018786706274984827
0.01876290865265625
0.018738667462317997
0.018713983276875245
0.018688856679707225
0.018663288264653424
0.01863727863599954
0.018610828408463224
0.018583938207179535
0.01855660866768614
0.018528840435908328
0.018500634168143702
0.018471990531046714
0.018442910201612827
0.01841339386716261
0.018383442225325404
0.018353055984022877
0.018322235861452266
0.018290982586069426
0.018259296896571568
0.018227179541879832
0.018194631281121552
0.01816165288361235
0.01812824512883792
0.018094408806435584
0.01806014471617566
0.01802545366794255
0.017990336481715555
0.017954793987549556
0.017918827025555324
0.017882436445879692
0.017845623108685472
0.017808387884131076
0.017770731652349984
0.017732655303429917
0.017694159737391794
0.017655245864168473
0.017615914603583204
0.017576166885327926
0.017536003648941253
0.017495425843786282
0.017454434429028123
0.01741303037361126
0.01737121465623663
0.017328988265338463
0.017286352199060943
0.017243307465234583
0.017199855081352442
0.017155996074546008
0.01711173148156097
0.017067062348732683
0.017021989731961423
0.016976514696687445
0.016930638317865777
0.016884361679940823
0.016837685876820694
0.01679061201185138
0.01674314119779066
0.016695274556781763
0.01664701322032688
0.01659835832926038
0.016549311033721852
0.016499872493128943
0.01645004387614987
0.01639982636067587
0.016349221133793317
0.016298229391755653
0.016246852339955122
0.016195091192894237
0.016142947174157145
0.016090421516380595
0.016037515461224866
0.015984230259344406
0.015930567170358227
0.015876527462820172
0.015822112414188887
0.015767323310797634
0.015712161447823877
0.015656628129258665
0.015600724667875803
0.015544452385200804
0.015487812611479647
0.015430806685647351
0.01537343595529629
0.015315701776644344
0.015257605514502831
0.015199148542244254
0.01514033224176981
0.01508115800347673
0.015021627226225423
0.014961741317306359
0.01490150169240685
0.014840909775577534
0.014779966999198738
0.01471867480394661
0.014657034638759033
0.0145950479608014
0.014532716235432138
0.014470040936168086
0.01440702354464963
0.014343665550605707
0.014279968451818555
0.014215933754088323
0.014151562971197448
0.014086857624874868
0.014021819244760078
0.013956449368366935
0.013890749541047293
0.01382472131595452
0.013758366254006718
0.01369168592384986
0.013624681901820666
0.013557355771909406
0.013489709125722341
0.013421743562444185
0.013353460688800273
0.013284862119018553
0.013215949474791433
0.013146724385237432
0.013077188486862693
0.01300734342352226
0.012937190846381216
0.012866732413875672
0.012795969791673516
0.012724904652635064
0.0126535386767735
0.012581873551215162
0.012509910970159634
0.012437652634839697
0.012365100253481124
0.01229225554126229
0.012219120220273608
0.012145696019476805
0.012071984674664072
0.01199798792841701
0.01192370753006543
0.011849145235645987
0.011774302807860702
0.011699182016035214
0.011623784636077019
0.011548112450433443
0.011472167248049529
0.011395950824325693
0.011319464981075321
0.011242711526482178
0.0111656922750576
0.011088409047597633
0.011010863671139985
0.010933057978920835
0.010854993810331455
0.01077667301087476
0.010698097432121665
0.010619268931667298
0.010540189373087074
0.010460860625892665
0.010381284565487786
0.010301463073123827
0.010221398035855422
0.010141091346495806
0.010060544903572064
0.009979760611280246
0.009898740379440352
0.009817486123451189
0.009735999764245036
0.009654283228242312
0.009572338447305933
0.00949016735869573
0.009407771905022566
0.009325154034202454
0.009242315699410504
0.009159258859034715
0.0090759854766297
0.008992497520870241
0.008908796965504784
0.008824885789308706
0.008740765976037582
0.008656439514380285
0.008571908397911936
0.008487174625046794
0.008402240198990989
0.008317107127695197
0.008231777423807126
0.00814625310462393
0.008060536192044564
0.007974628712521937
0.007888532697014974
0.007802250180940679
0.007715783204125957
0.007629133810759385
0.007542304049342903
0.00745529597264334
0.007368111637643969
0.007280753105495773
0.00719322244146877
0.0071055217149031775
0.007017652999160461
0.00692961837157436
0.006841419913401701
0.00675305970977329
0.006664539849644521
0.0065758624257460496
0.006487029534534256
0.006398043276141769
0.006308905754327711
0.006219619076428001
0.006130185353305562
0.006040606699300375
0.005950885232179482
0.005861023073086975
0.005771022346493752
0.0056808851801473745
0.005590613705021736
0.005500210055266645
0.005409676368157416
0.0053190147840442865
0.005228227446301868
0.005137316501278423
0.00504628409824515
0.0049551323893453555
0.004863863529543585
0.004772479676574626
0.00468098299089255
0.004589375635619633
0.0044976597764951375
0.0044058375818242
0.004313911222426516
0.004221882871584996
0.004129754704994482
0.004037528900710149
0.003945207639096149
0.003852793102774003
0.0037602874765709855
0.0036676929474685235
0.0035750117045503893
0.0034822459389510846
0.0033893978438038707
0.0032964696141890635
0.0032034634470820516
0.0031103815413013737
0.0030172260974567692
0.002923999317897017
0.0028307034066580882
0.002737340569410814
0.002643913013408875
0.0025504229474365525
0.002456872581756549
0.0023632641280576785
0.0022695997994026016
0.002175881810175551
0.0020821123760298606
0.0019882937138357305
0.0018944280416276459
0.0018005175785521012
0.0017065645448149905
0.0016125711616292151
0.0015185396511621311
0.0014244722364829788
0.0013303711415103955
0.001236238590959748
0.0011420768102906184
0.0010478880256541236
0.0009536744638403062
0.000859438352225525
0.0007651819187196912
0.0006709073917137055
0.0005766170000266884
0.00048231297285333883
0.0003879975397112231
0.00029367293038799557
0.0001993413748888012
0.0001050051033834232
0.000010666346153642963
-0.00008367266645952637
-0.00017800970410855932
-0.00027234253649217747
-0.0003666689334080426
-0.00046098666480550766
-0.0005552935008383276
-0.0006495872119174195
-0.0007438655687635299
-0.0008381263424599345
-0.0009323673045052112
-0.0010265862268658483
-0.0011207808820289608
-0.001214949043054939
-0.0013090884836301315
-0.0014031969781194635
-0.001497272301619006
-0.0015913122300086895
-0.0016853145400047944
-0.0017792770092125586
-0.001873197416178708
-0.001967073540443985
-0.002060903162595663
-0.0021546840643199847
-0.002248414028454637
-0.002342090839041147
-0.002435712281377329
-0.002529276142069584
-0.002622780209085227
-0.0027162222718048685
-0.002809600121074611
-0.0029029115492582927
-0.002996154350289671
-0.0030893263197246095
-0.0031824252547932065
-0.00327544895445182
-0.0033683952194351733
-0.0034612618523083
-0.003554046657518528
-0.0036467474414473753
-0.0037393620124624182
-0.00383188818096914
-0.0039243237594626095
-0.004016666562579323
-0.004108914407148766
-0.004201065112245115
-0.004293116499238739
-0.004385066391847705
-0.0044769126161893205
-0.00456865300083142
-0.004660285376843788
-0.004751807577849367
-0.004843217440075562
-0.004934512802405319
-0.005025691506428261
-0.005116751396491744
-0.005207690319751732
-0.005298506126223825
-0.005389196668833979
-0.00547975980346933
-0.005570193389028888
-0.005660495287474128
-0.00575066336387954
-0.005840695486483139
-0.005930589526736882
-0.006020343359356911
-0.006109954862373878
-0.006199421917183084
-0.006288742408594554
-0.00637791422488311
-0.006466935257838214
-0.006555803402813893
-0.006644516558778426
-0.006733072628364084
-0.006821469517916687
-0.006909705137545069
-0.00699777740117057
-0.007085684226576295
-0.007173423535456384
-0.007260993253465091
-0.007348391310265931
-0.007435615639580517
-0.007522664179237464
-0.007609534871221158
-0.007696225661720385
-0.007782734501176951
-0.007869059344334007
-0.00795519815028459
-0.008041148882519715
-0.00812690950897662
-0.008212478002086732
-0.00829785233882371
-0.008383030500751206
-0.008468010474070557
-0.008552790249668492
-0.008637367823164559
-0.00872174119495854
-0.008805908370277707
-0.008889867359224039
-0.008973616176821223
-0.009057152843061581
-0.009140475382952927
-0.009223581826565196
-0.009306470209077112
-0.009389138570822533
-0.009471584957336862
-0.00955380741940326
-0.009635804013098668
-0.00971757279983984
-0.009799111846429114
-0.009880419225100167
-0.009961493013563569
-0.010042331295052243
-0.010122932158366765
-0.010203293697920593
-0.010283414013785071
-0.010363291211734377
-0.010442923403290297
-0.01052230870576691
-0.010601445242315032
-0.01068033114196665
-0.010758964539679143
-0.010837343576379376
-0.010915466399007655
-0.0109933311605615
-0.011070936020139418
-0.011148279142984273
-0.011225358700526841
-0.011302172870428905
-0.011378719836626383
-0.011454997789372317
-0.011531004925279583
-0.011606739447363606
-0.011682199565084723
-0.011757383494390707
-0.011832289457758747
-0.011906915684237632
-0.011981260409489542
-0.012055321875831741
-0.012129098332278243
-0.012202588034581055
-0.012275789245271576
-0.012348700233701557
-0.0124213192760841
-0.012493644655534347
-0.012565674662110114
-0.012637407592852338
-0.012708841751825262
-0.012779975450156631
-0.01285080700607752
-0.01292133474496223
-0.012991556999367722
-0.013061472109073186
-0.013131078421119206
-0.013200374289846838
-0.013269358076936598
-0.013338028151447103
-0.01340638288985371
-0.013474420676086823
-0.013542139901570202
-0.0136095389652589
-0.013676616273677153
-0.013743370240956069
-0.013809799288871114
-0.01387590184687943
-0.013941676352156965
-0.014007121249635395
-0.01407223499203894
-0.014137016039920921
-0.014201462861700142
-0.014265573933697146
-0.014329347740170195
-0.014392782773351155
-0.014455877533481081
-0.01451863052884574
-0.01458104027581081
-0.014643105298857064
-0.014704824130615132
-0.014766195311900274
-0.014827217391746887
-0.014887888927442744
-0.014948208484563187
-0.015008174637004953
-0.01506778596701998
-0.015127041065248844
-0.015185938530754178
-0.015244476971053694
-0.015302655002153167
-0.015360471248579154
-0.01541792434341147
-0.015475012928315593
-0.015531735653574665
-0.01558809117812153
-0.015644078169570308
-0.01569969530424804
-0.015754941267225847
-0.015809814752350132
-0.015864314462273363
-0.01591843910848484
-0.015972187411341106
-0.01602555810009618
-0.016078549912931703
-0.01613116159698663
-0.01618339190838697
-0.016235239612275135
-0.01628670348283916
-0.01633778230334168
-0.01638847486614867
-0.01643877997275806
-0.016488696433828002
-0.016538223069205056
-0.016587358707952044
-0.016636102188375735
-0.016684452358054356
-0.016732408073864793
-0.01677996820200965
-0.016827131618044038
-0.016873897206902154
-0.016920263862923675
-0.01696623048987987
-0.01701179600099953
-0.017056959318994664
-0.017101719376085983
-0.01714607511402812
-0.01719002548413465
-0.017233569447302952
-0.017276705974038627
-0.01731943404448004
-0.01736175264842225
-0.01740366078534102
-0.01744515746441641
-0.01748624170455621
-0.017526912534419174
-0.017567168992437914
-0.017607010126841738
-0.01764643499567904
-0.01768544266683966
-0.017724032218076873
-0.01776220273702922
-0.017799953321242068
-0.017837283078188933
-0.01787419112529262
-0.01791067658994606
-0.017946738609532956
-0.01798237633144816
-0.01801758891311786
-0.018052375522019482
-0.018086735335701362
-0.018120667541802242
-0.01815417133807042
-0.018187245932382745
-0.018219890542763347
-0.01825210439740212
-0.01828388673467299
-0.018315236803151863
-0.018346153861634476
-0.018376637179153863
-0.018406686034997653
-0.01843629971872512
-0.018465477530183964
-0.018494218779526894
-0.01852252278722788
-0.018550388884098296
-0.018577816411302694
-0.018604804720374395
-0.018631353173230808
-0.018657461142188532
-0.01868312800997821
-0.01870835316975908
-0.01873313602513338
-0.018757475990160383
-0.01878137248937032
-0.01880482495777795
-0.018827832840895894
-0.018850395594747812
-0.018872512685881204
-0.018894183591380054
-0.01891540779887718
-0.018936184806566368
-0.0189565141232142
-0.018976395268171728
-0.018995827771385775
-0.01901481117341008
-0.019033345025416176
-0.019051428889203966
-0.019069062337212124
-0.019086244952528166
-0.019102976328898333
-0.01911925607073719
-0.019135083793136984
-0.019150459121876722
-0.019165381693431065
-0.019179851154978878
-0.019193867164411595
-0.01920742939034131
-0.01922053751210859
-0.019233191219790096
-0.01924539021420588
-0.019257134206926464
-0.019268422920279665
-0.019279256087357168
-0.019289633452020824
-0.019299554768908714
-0.019309019803440953
-0.01931802833182522
-0.01932658014106208
-0.019334675028949987
-0.019342312804090107
-0.019349493285890782
-0.019356216304571877
-0.01936248170116872
-0.019368289327535936
-0.019373639046350866
-0.01937853073111689
-0.019382964266166387
-0.01938693954666346
-0.019390456478606436
-0.019393514978830066
-0.01939611497500753
-0.019398256405652105
-0.01939993922011865
-0.01940116337860478
-0.01940192885215183
-0.019402235622645533
-0.019402083682816443
-0.019401473036240117
-0.019400403697337018
-0.01939887569137218
-0.019396889054454643
-0.019394443833536536
-0.019391540086412012
-0.01938817788171589
-0.019384357298922014
-0.019380078428341354
-0.019375341371119924
-0.01937014623923634
-0.01936449315549921
-0.019358382253544224
-0.01935181367783097
-0.01934478758363954
-0.019337304137066875
-0.0193293635150228
-0.019320965905225886
-0.019312111506198965
-0.01930280052726448
-0.01929303318853951
-0.019282809720930588
-0.01927213036612821
-0.019260995376601156
-0.019249405015590505
-0.019237359557103425
-0.01922485928590666
-0.019211904497519836
-0.019198495498208477
-0.01918463260497672
-0.019170316145559883
-0.01915554645841665
-0.019140323892721137
-0.019124648808354586
-0.019108521575896868
-0.01909194257661777
-0.019074912202467896
-0.019057430856069472
-0.019039498950706803
-0.01902111691031648
-0.019002285169477415
-0.018983004173400504
-0.018963274377918126
-0.018943096249473403
-0.01892247026510912
-0.018901396912456445
-0.018879876689723473
-0.01885791010568336
-0.018835497679662326
-0.01881263994152744
-0.018789337431673964
-0.018765590701012712
-0.018741400310956922
-0.018716766833409046
-0.018691690850747216
-0.018666172955811453
-0.018640213751889678
-0.018613813852703436
-0.018586973882393384
-0.01855969447550455
-0.018531976276971323
-0.018503819942102196
-0.018475226136564285
-0.018446195536367605
-0.018416728827849047
-0.01838682670765619
-0.01835648988273081
-0.018325719070292196
-0.018294514997820165
-0.01826287840303783
-0.01823081003389428
-0.01819831064854673
-0.018165381015342746
-0.01813202191280199
-0.01809823412959785
-0.018064018464538773
-0.01802937572654941
-0.017994306734651484
-0.017958812317944384
-0.017922893315585615
-0.017886550576770938
-0.017849784960714318
-0.017812597336627548
-0.017774988583699757
-0.017736959591076632
-0.01769851125783933
-0.0176596444929833
-0.017620360215396723
-0.017580659353838856
-0.017540542846918025
-0.017500011643069423
-0.017459066700532766
-0.01741770898732954
-0.017375939481240166
-0.017333759169780895
-0.01729116905018046
-0.01724817012935644
-0.01720476342389152
-0.017160949960009438
-0.01711673077355072
-0.017072106909948162
-0.017027079424202195
-0.016981649380855834
-0.016935817853969626
-0.016889585927096124
-0.01684295469325439
-0.016795925254904136
-0.01674849872391954
-0.016700676221563116
-0.01665245887845914
-0.016603847834566875
-0.01655484423915369
-0.016505449250767856
-0.016455664037211177
-0.016405489775511334
-0.016354927651894086
-0.016303978861755275
-0.016252644609632484
-0.01620092610917655
-0.016148824583122993
-0.016096341263262957
-0.016043477390414215
-0.015990234214391715
-0.015936612993978163
-0.01588261499689413
-0.01582824149976817
-0.01577349378810661
-0.015718373156263166
-0.015662880907408312
-0.015607018353498477
-0.015550786815245124
-0.015494187622083344
-0.01543722211214059
-0.015379891632204934
-0.015322197537693314
-0.015264141192619405
-0.015205723969561394
-0.015146947249629611
-0.015087812422433752
-0.015028320886050085
-0.014968474046988405
-0.014908273320158804
-0.014847720128838096
-0.014786815904636347
-0.014725562087462897
-0.014663960125492368
-0.014602011475130391
-0.014539717600979246
-0.014477079975803145
-0.014414100080493472
-0.014350779404033731
-0.014287119443464426
-0.014223121703847581
-0.014158787698231128
-0.014094118947613275
-0.014029116980906408
-0.013963783334901003
-0.013898119554229336
-0.013832127191328846
-0.013765807806405564
-0.013699162967397118
-0.013632194249935734
-0.013564903237310962
-0.013497291520432225
-0.01342936069779123
-0.013361112375424186
-0.013292548166873783
-0.01322366969315111
-0.013154478582697275
-0.013084976471344925
-0.0130151650022796
-0.01294504582600083
-0.012874620600283162
-0.012803890990136943
-0.012732858667768942
-0.012661525312542828
-0.01258989261093951
-0.012517962256517181
-0.01244573594987132
-0.01237321539859453
-0.012300402317236071
-0.012227298427261434
-0.012153905457011503
-0.01208022514166186
-0.012006259223181612
-0.011932009450292299
-0.011857477578426513
-0.011782665369686428
-0.011707574592802077
-0.01163220702308958
-0.01155656444240919
-0.011480648639123105
-0.011404461408053262
-0.011328004550438819
-0.01125127987389366
