0.16718128306069527
1001
-0.019124264662621456
-0.018994825632802942
-0.01886498269099085
-0.01873473859788172
-0.01860409612270098
-0.01847305804314405
-0.018341627145317292
-0.01820980622367877
-0.01807759808097881
-0.017945005528200456
-0.017812031384499633
-0.01767867847714528
-0.017544949641459168
-0.017410847720755653
-0.017276375566281203
-0.01714153603715379
-0.017006332000302084
-0.016870766330404498
-0.016734841909828057
-0.016598561628567137
-0.016461928384181992
-0.016324945081737156
-0.016187614633739664
-0.016049939960077145
-0.015911923987955722
-0.015773569651837776
-0.015634879893379548
-0.015495857661368618
-0.015356505911661171
-0.01521682760711917
-0.01507682571754734
-0.014936503219630071
-0.014795863096868065
-0.014654908339514943
-0.014513641944513647
-0.014372066915432715
-0.014230186262402448
-0.014088003002050865
-0.013945520157439597
-0.013802740757999594
-0.013659667839466727
-0.013516304443817224
-0.01337265361920299
-0.013228718419886827
-0.013084501906177461
-0.012940007144364492
-0.01279523720665319
-0.012650195171099183
-0.012504884121542994
-0.012359307147544494
-0.012213467344317195
-0.012067367812662455
-0.011921011658903535
-0.011774401994819553
-0.011627541937579342
-0.011480434609675143
-0.01133308313885624
-0.01118549065806244
-0.011037660305357478
-0.010889595223862285
-0.010741298561688152
-0.01059277347186982
-0.01044402311229842
-0.010295050645654323
-0.010145859239339947
-0.009996452065412331
-0.009846832300515761
-0.009697003125814199
-0.009546967726923655
-0.00939672929384443
-0.00924629102089335
-0.009095656106635775
-0.00894482775381764
-0.008793809169297362
-0.008642603563977632
-0.008491214152737157
-0.008339644154362304
-0.008187896791478673
-0.00803597529048257
-0.0078838828814724
-0.007731622798180025
-0.007579198277901948
-0.0074266125614305565
-0.007273868892985165
-0.007120970520143051
-0.006967920693770431
-0.006814722667953292
-0.006661379699928258
-0.006507895050013301
-0.00635427198153844
-0.006200513760776344
-0.00604662365687291
-0.005892604941777711
-0.005738460890174488
-0.005584194779411484
-0.00542980988943177
-0.005275309502703514
-0.0051206969041502045
-0.004965975381080784
-0.0048111482231197635
-0.004656218722137297
-0.004501190172179168
-0.004346065869396774
-0.004190849111977019
-0.004035543200072228
-0.003880151435729958
-0.003724677122822781
-0.0035691235669780635
-0.0034134940755076717
-0.00325779195733766
-0.003102020522937915
-0.002946183084251756
-0.00279028295462556
-0.002634323448738273
-0.002478307882530959
-0.0023222395731362895
-0.002166121838808015
-0.002009957998850437
-0.0018537513735478084
-0.001697505284093743
-0.0015412230525206298
-0.0013849080016289663
-0.0012285634549167423
-0.0010721927365087548
-0.0009157991710859543
-0.0007593860838147358
-0.0006029568002762674
-0.0004465146463957671
-0.0002900629483717992
-0.00013360503260553233
0.000022855774369956494
0.00017931614596039842
0.00033577275558109506
0.0004922222767276249
0.0006486613830465669
0.000805086748406231
0.0009614950469673756
0.001117882953253895
0.0012742471422235572
0.0014305842893386788
0.001586891070636806
0.0017431641628013958
0.0018994002432324538
0.0020555959901172116
0.0022117480825007076
0.002367853200356434
0.00252390802465689
0.0026799092374441623
0.0028358535219005026
0.0029917375624187582
0.003147558044672963
0.003303311655688738
0.003458995083913761
0.003614605019288148
0.003770138153314864
0.003925591179130016
0.004080960791573206
0.004236243687257776
0.004391436564641043
0.004546536124094502
0.004701539067973969
0.00485644210068971
0.005011241928776469
0.005165935260963548
0.005320518808244721
0.0054749892839482004
0.005629343403806512
0.005783577886026303
0.005937689451358116
0.006091674823166143
0.006245530727497832
0.006399253893153574
0.006552841051756141
0.0067062889378202905
0.0068595942888221035
0.007012753845268413
0.007165764350766032
0.007318622552091077
0.007471325199258045
0.007623869045588975
0.00777625084778243
0.0079284673659825
0.00808051536384763
0.008232391608619459
0.00838409287119156
0.00853561592617806
0.00868695755198224
0.008838114530865013
0.008989083649013362
0.00913986169660863
0.00929044546789476
0.009440831761246547
0.009591017379237537
0.009740999128708162
0.009890773820833565
0.010040338271191385
0.010189689299829458
0.010338823731333492
0.01048773839489448
0.010636430124376182
0.010784895758382415
0.01093313214032426
0.011081136118487192
0.011228904546098081
0.011376434281392083
0.011523722187679457
0.011670765133412201
0.011817559992250712
0.011964103643130195
0.012110392970327021
0.012256424863524996
0.012402196217881484
0.012547703934093364
0.012692944918463029
0.012837916082964055
0.012982614345306894
0.013127036629004428
0.013271179863437331
0.013415040983919406
0.013558616931762711
0.013701904654342543
0.013844901105162444
0.013987603243918867
0.014130008036565894
0.014272112455379685
0.014413913479022876
0.014555408092608801
0.0146965932877656
0.014837466062700191
0.014978023422262047
0.015118262378006928
0.015258179948260366
0.01539777315818111
0.015537039039824285
0.015675974632204628
0.01581457698135929
0.015952843140410747
0.016090770169629398
0.016228355136496127
0.016365595115764527
0.016502487189523202
0.0166390284472578
0.01677521598591283
0.0169110469099534
0.01704651833142682
0.017181627370023957
0.017316371153140473
0.01745074681593794
0.017584751501404684
0.01771838236041659
0.01785163655179761
0.01798451124238022
0.01811700360706566
0.01824911082888391
0.018380830099053717
0.01851215861704216
0.018643093590624327
0.01877363223594259
0.018903771777565803
0.019033509448548355
0.019162842490488947
0.019291768153589243
0.01942028369671236
0.019548386387441122
0.019676073502136147
0.019803342325993775
0.01993019015310376
0.02005661428650682
0.020182612038251956
0.020308180729453614
0.02043331769034865
0.020558020260353024
0.02068228578811848
0.020806111631588766
0.02092949515805597
0.021052433744216344
0.021174924776226175
0.02129696564975729
0.021418553770052497
0.02153968655198067
0.02166036142009175
0.021780575808671508
0.021900327161796115
0.02201961293338636
0.022138430587261934
0.022256777597195288
0.02237465144696529
0.0224920496304108
0.022608969651483898
0.02272540902430298
0.022841365273205613
0.0229568359328011
0.023071818548023017
0.023186310674181265
0.02330030987701417
0.02341381373274018
0.023526819828109356
0.023639325760454747
0.023751329137743454
0.023862827578627458
0.023973818712494255
0.024084300179517286
0.024194269630706054
0.024303724727956146
0.024412663144098797
0.024521082562950568
0.024628980679362405
0.024736355199268745
0.024843203839736254
0.024949524329012363
0.025055314406573607
0.0251605718231736
0.02526529434089094
0.025369479733176742
0.025473125784901983
0.025576230292404585
0.025678791063536273
0.025780805917709215
0.025882272685942304
0.025983189210907344
0.02608355334697487
0.026183362960259818
0.02628261592866678
0.02638131014193523
0.026479443501684394
0.02657701392145775
0.026674019326767474
0.02677045765513852
0.026866326856152523
0.026961624891491235
0.02705634973498005
0.027150499372630955
0.0272440718026854
0.02733706503565683
0.027429477094372982
0.027521306014017935
0.027612549842173914
0.027703206638862672
0.02779327447658692
0.027882751440371126
0.027971635627802346
0.028059925149070655
0.028147618127009222
0.028234712697134335
0.028321207007685038
0.028407099219662404
0.028492387506868715
0.028577070055946244
0.02866114506641584
0.02874461075071517
0.028827465334236756
0.02890970705536567
0.028991334165517014
0.029072344929173072
0.029152737623920223
0.02923251054048555
0.029311661982773195
0.029390190267900386
0.029468093726233213
0.0295453707014222
0.029622019550437407
0.029698038643603455
0.029773426364634092
0.029848181110666606
0.02992230129229594
0.029995785333608357
0.030068631672215042
0.03014083875928534
0.030212405059579554
0.030283329051481754
0.030353609227031966
0.030423244091958356
0.030492232165708896
0.03056057198148294
0.030628262086262317
0.03069530104084228
0.030761687419862065
0.030827419811835236
0.030892496819179657
0.030956917058247192
0.03102067915935317
0.031083781766805478
0.031146223538933388
0.031208003148116028
0.03126911928081069
0.031329570637580725
0.03138935593312313
0.03144847389629592
0.031506923270145135
0.03156470281193156
0.03162181129315714
0.03167824749959109
0.03173401023129575
0.03178909830265207
0.03184351054238479
0.03189724579358735
0.03195030291374654
0.0320026807747667
0.032054378262993795
0.032105394279239
0.03215572773880214
0.03220537757149472
0.03225434272166266
0.03230262214820876
0.03235021482461486
0.03239711973896358
0.032443335893959924
0.032488862306952415
0.032533698009954
0.032577842049662714
0.032621293487481766
0.032664051399539665
0.03270611487670978
0.032747483024629674
0.032788154963720124
0.03282812982920383
0.03286740677112378
0.0329059849543613
0.0329438635586539
0.0329810417786126
0.03301751882373909
0.03305329391844259
0.03308836630205625
0.03312273522885336
0.03315639996806324
0.03318935980388672
0.033221614035511354
0.0332531619771264
0.03328400295793727
0.03331413632217993
0.033343561429134694
0.033372277653140006
0.03340028438360557
0.03342758102502549
0.033454166996990824
0.03348004173420192
0.03350520468648055
0.03352965531878143
0.03355339311120374
0.03357641755900211
0.03359872817259738
0.03362032447758695
0.03364120601475494
0.03366137234008189
0.03368082302475423
0.033699557655173414
0.033717575832964655
0.03373487717498544
0.03375146131333365
0.033767327895355415
0.033782476583652576
0.03379690705608983
0.03381061900580167
0.033823612141198826
0.03383588618597449
0.033847440879110166
0.03385827597488129
0.033868391242862346
0.03387778646793187
0.033886461450276954
0.03389441600539748
0.03390164996411014
0.033908163172551894
0.03391395549218335
0.03391902679979166
0.03392337698749315
0.0339270059627356
0.033929913648300225
0.03393209998230331
0.03393356491819751
0.03393430842477289
0.033934330486157495
0.03393363110181778
0.03393221028655858
0.03393006807052276
0.03392720449919065
0.03392361963337903
0.0339193135492398
0.03391428633825846
0.03390853810725203
0.033902068978366895
0.033894879089076194
0.03388696859217681
0.03387833765578619
0.033868986463338774
0.03385891521358205
0.03384812412057237
0.03383661341367037
0.03382438333753611
0.03381143415212386
0.03379776613267658
0.03378337956972005
0.0337682747690567
0.03375245205175916
0.03373591175416332
0.033718654227861286
0.03370067983969384
0.03368198897174266
0.03366258202132223
0.03364245940097132
0.033621621538444245
0.03360006887670181
0.03357780187390185
0.03355482100338947
0.03353112675368703
0.033506719628483735
0.03348160014662492
0.03345576884210101
0.03342922626403619
0.033401972976676714
0.033374009559378914
0.03334533660659688
0.03331595472786981
0.03328586454780906
0.03325506670608489
0.03322356185741279
0.033191350671539645
0.033158433833229424
0.03312481204224867
0.0330904860133516
0.03305545647626492
0.03301972417567229
0.03298328987119847
0.032946154337393285
0.03290831836371497
0.03286978275451357
0.0328305483290137
0.03279061592129722
0.032749986380285444
0.03270866056972109
0.032666639368149966
0.03262392366890229
0.03258051438007357
0.03253641242450548
0.032491618739766095
0.03244613427813007
0.03239996000655828
0.03235309690667737
0.03230554597475878
0.03225730822169765
0.03220838467299129
0.032158776368717355
0.03210848436351179
0.03205750972654635
0.03200585354150588
0.03195351690656532
0.03190050093436627
0.03184680675199346
0.03179243550095061
0.031737388337136345
0.03168166643081953
0.03162527096661435
0.031568203143455195
0.03151046417457116
0.031452055287460194
0.031392977723863055
0.03133323273973694
0.03127282160522867
0.031211745604647786
0.031150006036439224
0.031087604213155647
0.031024541461429654
0.030960819121945458
0.030896438549410425
0.030831401112526316
0.030765708193960132
0.030699361190314717
0.030632361512099096
0.030564710583698463
0.030496409843343925
0.030427460743081884
0.0303578647487432
0.030287623339912
0.03021673800989423
0.030145210265685934
0.03007304162794115
0.030000233630939642
0.02992678782255425
0.029852705764218022
0.029777989030890906
0.02970263921102638
0.02962665790653767
0.029550046732763628
0.029472807318434407
0.02939494130563687
0.02931645034977967
0.029237336119558047
0.029157600296918305
0.02907724457702212
0.02899627066821043
0.028914680291967233
0.028832475182882837
0.028749657088617108
0.02866622776986223
0.02858218900030528
0.02849754256659057
0.02841229026828166
0.028326433917822986
0.028239975340501478
0.028152916374407675
0.028065258870396594
0.027977004692048515
0.027888155715629272
0.02779871383005035
0.027708680936828732
0.027618058950046532
0.027526849796310243
0.027435055414709808
0.027342677756777345
0.027249718786445703
0.0271561804800067
0.02706206482606909
0.026967373825516287
0.02687210949146383
0.026776273849216606
0.026679868936225766
0.026582896802045362
0.02648535950828887
0.02638725912858529
0.02628859774853509
0.026189377465665787
0.026089600389387527
0.025989268640948048
0.025888384353387698
0.02578694967149403
0.025684966751756227
0.02558243776231924
0.025479364882937717
0.02537575030492963
0.025271596231129706
0.025166904875842597
0.025061678464795772
0.024955919235092206
0.024849629435162866
0.024742811324718846
0.024635467174703368
0.02452759926724347
0.02441920989560148
0.024310301364126322
0.02420087598820444
0.024090936094210653
0.023980484019458594
0.02386952211215115
0.023758052731330432
0.023646078246827643
0.02353360103921274
0.023420623499743738
0.02330714803031594
0.023193177043410885
0.023078712962044983
0.022963758219718088
0.022848315260361667
0.022732386538286898
0.02261597451813251
0.022499081674812307
0.02238171049346263
0.022263863469389467
0.02214554310801549
0.022026751924826622
0.021907492445318717
0.02178776720494379
0.021667578749056136
0.0215469296328582
0.02142582242134627
0.02130425968925592
0.021182244021007282
0.021059778010650086
0.020936864261808606
0.020813505387626118
0.020689704010709558
0.020565462763073496
0.020440784286084472
0.020315671230404706
0.020190126255935692
0.02006415203176173
0.019937751236093086
0.019810926556209165
0.019683680688401373
0.01955601633791567
0.01942793621889517
0.019299443054322418
0.019170539575961376
0.01904122852429961
0.018911512648489764
0.018781394706291202
0.0186508774640115
0.01851996369644737
0.0183886561868259
0.01825695772674531
0.018124871116115562
0.017992399163098874
0.01785954468405001
0.01772631050345636
0.017592699453878
0.017458714375887356
0.01732435811800883
0.017189633536658318
0.017054543496082396
0.016919090868297477
0.016783278533028682
0.016647109377648767
0.016510586297116547
0.016373712193915473
0.016236489977991878
0.016098922566693086
0.01596101288470547
0.015822763863992197
0.015684178443730958
0.015545259570251446
0.01540601019697261
0.01526643328434011
0.015126531799763112
0.014986308717551368
0.014845767018851952
0.01470490969158589
0.014563739730384535
0.014422260136526008
0.014280473917871335
0.014138384088800604
0.013995993670148636
0.013853305689141072
0.01371032317932978
0.013567049180528444
0.013423486738747973
0.013279638906131657
0.013135508740890338
0.012991099307237432
0.012846413675323541
0.012701454921171612
0.012556226126611145
0.012410730379212857
0.01226497077222301
0.012118950404497586
0.011972672380436563
0.011826139809917719
0.011679355808230651
0.011532323496010488
0.01138504599917156
0.01123752644884093
0.011089767981291838
0.01094177373787701
0.010793546864961884
0.010645090513857714
0.010496407840754564
0.010347502006654205
0.010198376177302945
0.010049033523124274
0.009899477219151466
0.009749710444960182
0.009599736384600642
0.00944955822653025
0.009299179163545454
0.009148602392714138
0.008997831115307544
0.008846868536732265
0.00869571786646194
0.008544382317969201
0.008392865108657353
0.0082411694597918
0.008089298596431753
0.00793725574736153
0.007785044145021914
0.0076326670254415405
0.007480127628168022
0.0073274291961991245
0.00717457497591373
0.007021568217002849
0.006868412172400615
0.0067151100982149785
0.006561665253658669
0.00640808090097974
0.006254360305392269
0.006100506735006967
0.005946523460761642
0.00579241375635174
0.005638180898160655
0.005483828165190099
0.005329358838990432
0.005174776203590845
0.005020083545429596
0.004865284153284051
0.004710381318200887
0.004555378333426019
0.00440027849433456
0.004245085098360907
0.004089801444928492
0.003934430835379775
0.0037789765729058984
0.003623441962476569
0.0034678303107697293
0.003312144926101314
0.00315638911835495
0.0030005661989113627
0.0028446794805783516
0.0026887322775199745
0.0025327279051863332
0.0023766696802430365
0.0022205609205006257
0.002064404944844081
0.0019082050731622803
0.0017519646262773292
0.001595686925874117
0.001439375294429539
0.0012830330551419462
0.0011266635318604534
0.0009702700490143544
0.0008138559315422777
0.0006574245048217118
0.0005009790945981098
0.0003445230269142966
0.00018805962803977475
0.000031592224399919204
-0.00012487585749471354
-0.00028134129111909194
-0.0004378007500043527
-0.0005942509078086814
-0.000750688438387932
-0.0009071100158664141
-0.0010635123147074738
-0.0012198920097843437
-0.00137624577645063
-0.001532570290611271
-0.0016888622287930058
-0.0018451182682150712
-0.0020013350868599714
-0.0021575093635438592
-0.0023136377779873684
-0.00246971701088609
-0.002625743743981187
-0.0027817146601299254
-0.0029376264433761657
-0.0030934757790209285
-0.003249259353692811
-0.003404973855418463
-0.0035606159736929575
-0.003716182399550272
-0.0038716698256334504
-0.0040270749462651126
-0.004182394457517654
-0.004337625057283441
-0.004492763445345139
-0.00464780632344573
-0.0048027503953587325
-0.004957592366958265
-0.005112328946288992
-0.005266956843636247
-0.00542147277159593
-0.005575873445144328
-0.005730155581708001
-0.005884315901233678
-0.0060383511262577065
-0.006192257981976083
-0.006346033196313802
-0.006499673499994604
-0.006653175626610298
-0.006806536312690402
-0.006959752297771347
-0.007112820324466011
-0.007265737138532733
-0.007418499488944626
-0.0075711041279587195
-0.007723547811184888
-0.007875827297654967
-0.00802793934989156
-0.008179880733976911
-0.008331648219621665
-0.008483238580233471
-0.008634648592985676
-0.008785875038885779
-0.008936914702843973
-0.009087764373741258
-0.00923842084449807
-0.009388880912141987
-0.00953914137787641
-0.009689199047148041
-0.009839050729715072
-0.009988693239715013
-0.010138123395732267
-0.010287338020866007
-0.010436333942797379
-0.010585107993857285
-0.010733657011093639
-0.010881977836338402
-0.01103006731627501
-0.011177922302505212
-0.011325539651616078
-0.011472916225246951
-0.011620048890155837
-0.011766934518286405
-0.011913569986834295
-0.012059952178313437
-0.012206077980622496
-0.01235194428711099
-0.012497547996645235
-0.01264288601367436
-0.012787955248296111
-0.012932752616322589
-0.013077275039345722
-0.013221519444802822
-0.013365482766041797
-0.013509161942386312
-0.013652553919201123
-0.013795655647956734
-0.013938464086294379
-0.01408097619809059
-0.014223188953521738
-0.014365099329128751
-0.014506704307880813
-0.014648000879240107
-0.014788986039225432
-0.014929656790476177
-0.015070010142316166
-0.015210043110816994
-0.01534975271886169
-0.015489135996208016
-0.015628189979551284
-0.015766911712587813
-0.01590529824607742
-0.016043346637906394
-0.016181053953149824
-0.01631841726413408
-0.01645543365049917
-0.016592100199260586
-0.016728414004871486
-0.01686437216928426
-0.01699997180201229
-0.017135210020191364
-0.01727008394864085
-0.01740459071992507
-0.017538727474413936
-0.017672491360343993
-0.01780587953387909
-0.01793888915917057
-0.01807151740841781
-0.0182037614619282
-0.01833561850817713
-0.018467085743867843
-0.018598160373990844
-0.018728839611883614
-0.018859120679289545
-0.018989000806417113
-0.019118477231998898
-0.01924754720335012
-0.019376207976427286
-0.01950445681588638
-0.01963229099514116
-0.0197597077964211
-0.019886704510829026
-0.020013278438398986
-0.02013942688815338
-0.020265147178160227
-0.020390436635590363
-0.020515292596774048
-0.020639712407257673
-0.020763693421860328
-0.020887233004729774
-0.02101032852939873
-0.021132977378840484
-0.021255176945524753
-0.02137692463147303
-0.021498217848313704
-0.021619054017337307
-0.021739430569551122
-0.021859344945733987
-0.02197879459649055
-0.022097776982305577
-0.022216289573597888
-0.02233432985077413
-0.022451895304282418
-0.02256898343466556
-0.022685591752614337
-0.022801717779020347
-0.02291735904502869
-0.023032513092090503
-0.0231471774720152
-0.02326134974702261
-0.023375027489794618
-0.023488208283526966
-0.023600889721980534
-0.023713069409532477
-0.023824744961227256
-0.02393591400282721
-0.02404657417086315
-0.024156723112684558
-0.02426635848650953
-0.024375477961474757
-0.024484079217684872
-0.02459215994626185
-0.02469971784939422
-0.024806750640385664
-0.02491325604370384
-0.02501923179502868
-0.025124675641300487
-0.025229585340767993
-0.0253339586630358
-0.025437793389111986
-0.02554108731145518
-0.0256438382340215
-0.025746043972311304
-0.025847702353415547
-0.02594881121606207
