0.18845890090478376
1001
0.0034570635537183973
0.0034217745977977946
0.003386393292075841
0.0033509205921451613
0.003315357456067015
0.003279704844345435
0.003243963719901277
0.003208135048046218
0.0031722197964566827
0.003136218935147715
0.003100133436446775
0.0030639642749674787
0.0030277124275832792
0.0029913788734010826
0.0029549645937348027
0.002918470572078862
0.0028818977940816256
0.0028452472475187823
0.0028085199222666673
0.0027717168102755286
0.0027348389055427335
0.0026978872040859256
0.0026608627039161237
0.002623766405010764
0.002586599309286699
0.0025493624205731313
0.002512056744584504
0.00247468328889334
0.002437243062903027
0.002399737077820554
0.0023621663466292025
0.002324531884061188
0.0022868347065702474
0.0022490758323041953
0.002211256281077417
0.0021733770743433286
0.0021354392351667886
0.002097443788196466
0.0020593917596371616
0.002021284177222101
0.001983122070185165
0.001944906469233098
0.0019066384065176687
0.0018683189156077926
0.001829949031461614
0.001791529790398555
0.0017530622300713226
0.001714547389437887
0.001675986308733417
0.0016373800294421815
0.0015987295942694242
0.0015600360471131995
0.0015213004330361741
0.0014825237982374073
0.0014437071900240848
0.001404851656783238
0.0013659582479534247
0.0013270280139963848
0.0012880620063686664
0.0012490612774932288
0.0012100268807310151
0.001170959870352499
0.0011318613015092126
0.0010927322302052465
0.0010535737132687233
0.001014386808323259
0.0009751725737593897
0.000935932068705989
0.000896666353001661
0.0008573764871661097
0.0008180635323714981
0.0007787285504137863
0.0007393726036840476
0.0006999967551397757
0.0006606020682761764
0.0006211896070974377
0.0005817604360879928
0.0005423156201837678
0.0005028562247434179
0.0004633833155195487
0.0004238979586299363
0.00038440122052872157
0.00034489416797761125
0.0003053778680170615
0.00026585338793745926
0.00022632179525028972
0.00018678415765930448
0.0001472415430316822
0.00010769501936918233
0.00006814565477930275
0.00002859451744642102
-0.000010957324397047456
-0.000050508802499515535
-0.0000900588486190656
-0.00012960639455231922
-0.00016915037216327377
-0.00020868971341216823
-0.00024822335038432377
-0.0002877502153189924
-0.0003272692406381957
-0.00036677935897556446
-0.000406279503205171
-0.0004457686064703441
-0.0004852456022124996
-0.0005247094241999389
-0.0005641590065566568
-0.0006035932837911241
-0.0006430111908250746
-0.0006824116630222748
-0.0007217936362172756
-0.0007611560467441599
-0.0008004978314652762
-0.0008398179277999517
-0.0008791152737531972
-0.0009183888079443917
-0.0009576374696359501
-0.0009968601987619815
-0.001036055935956915
-0.0010752236225841233
-0.0011143622007645105
-0.0011534706134050962
-0.001192547804227559
-0.0012315927177967774
-0.0012706042995493346
-0.0013095814958220039
-0.0013485232538802121
-0.001387428521946476
-0.0014262962492288082
-0.0014651253859491095
-0.0015039148833715188
-0.00154266369383074
-0.0015813707707603539
-0.001620035068721067
-0.0016586555434289748
-0.001697231151783751
-0.0017357608518968341
-0.0017742436031195658
-0.0018126783660713111
-0.001851064102667514
-0.0018893997761477658
-0.001927684351103784
-0.001965916793507398
-0.0020040960707384766
-0.0020422211516128172
-0.0020802910064100055
-0.002118304606901227
-0.0021562609263770455
-0.002194158939675131
-0.0022319976232079643
-0.0022697759549904686
-0.002307492914667633
-0.0023451474835420607
-0.0023827386446015
-0.0024202653825463037
-0.002457726683816865
-0.002495121536620992
-0.0025324489309612314
-0.002569707858662173
-0.0026068973133976576
-0.002644016290717974
-0.002681063788076994
-0.002718038804859246
-0.0027549403424069526
-0.0027917674040469948
-0.0028285189951178496
-0.002865194122996451
-0.002901791797125004
-0.002938311029037736
-0.002974750832387619
-0.0030111102229729847
-0.0030473882187641394
-0.0030835838399298644
-0.0031196961088639057
-0.003155724050211372
-0.0031916666908950813
-0.0032275230601418537
-0.003263292189508727
-0.0032989731129091228
-0.003334564866638934
-0.003370066489402578
-0.00340547702233894
-0.0034407955090472887
-0.0034760209956131104
-0.003511152530633877
-0.0035461891652447423
-0.0035811299531441757
-0.0036159739506195316
-0.0036507202165725304
-0.0036853678125446944
-0.003719915802742681
-0.003754363254063579
-0.003788709236120107
-0.0038229528212657443
-0.003857093084619796
-0.003891129104092366
-0.003925059960409283
-0.003958884737136921
-0.00399260252070695
-0.004026212400441033
-0.00405971346857541
-0.0040931048202854274
-0.004126385553709983
-0.004159554769975881
-0.004192611573222117
-0.004225555070624078
-0.00425838437241767
-0.004291098591923334
-0.004323696845570022
-0.004356178252919041
-0.004388541936687861
-0.004420787022773795
-0.00445291264027762
-0.004484917921527104
-0.004516802002100445
-0.004548564020849616
-0.004580203119923637
-0.00461171844479174
-0.00464310914426646
-0.004674374370526627
-0.004705513279140268
-0.004736525029087419
-0.0047674087827828445
-0.004798163706098662
-0.004828788968386878
-0.004859283742501822
-0.004889647204822507
-0.004919878535274847
-0.004949976917353847
-0.004979941538145639
-0.0050097715883494435
-0.005039466262299433
-0.005069024757986508
-0.005098446277079944
-0.005127730024948967
-0.005156875210684225
-0.0051858810471191435
-0.0052147467508512025
-0.005243471542263079
-0.005272054645543732
-0.005300495288709346
-0.005328792703624186
-0.005356946126021357
-0.005384954795523437
-0.005412817955663033
-0.005440534853903203
-0.005468104741657792
-0.005495526874311659
-0.005522800511240781
-0.005549924915832268
-0.005576899355504263
-0.00560372310172573
-0.005630395430036132
-0.005656915620065012
-0.005683282955551437
-0.005709496724363369
-0.005735556218516879
-0.005761460734195295
-0.005787209571768198
-0.005812802035810333
-0.005838237435120396
-0.005863515082739691
-0.0058886342959707195
-0.005913594396395585
-0.005938394709894347
-0.005963034566663227
-0.005987513301232697
-0.006011830252485459
-0.0060359847636743125
-0.006059976182439885
-0.006083803860828261
-0.00610746715530849
-0.006130965426789965
-0.006154298040639693
-0.0061774643666994335
-0.006200463779302727
-0.006223295657291794
-0.0062459593840343205
-0.006268454347440118
-0.006290779939977646
-0.006312935558690436
-0.006334920605213377
-0.0063567344857888815
-0.006378376611282931
-0.006399846397200979
-0.00642114326370375
-0.006442266635622902
-0.006463215942476571
-0.006483990618484766
-0.00650459010258468
-0.00652501383844582
-0.006545261274485045
-0.006565331863881484
-0.0065852250645912856
-0.006604940339362279
-0.00662447715574847
-0.0066438349861244455
-0.006663013307699613
-0.006682011602532334
-0.006700829357543898
-0.006719466064532416
-0.006737921220186517
-0.006756194326098961
-0.006774284888780112
-0.006792192419671246
-0.006809916435157775
-0.006827456456582296
-0.006844812010257524
-0.006861982627479101
-0.006878967844538247
-0.006895767202734286
-0.00691238024838705
-0.006928806532849118
-0.006945045612517956
-0.006961097048847893
-0.0069769604083619605
-0.006992635262663616
-0.007008121188448318
-0.0070234177675149384
-0.007038524586777096
-0.007053441238274288
-0.007068167319182927
-0.0070827024318272196
-0.007097046183689903
-0.007111198187422862
-0.007125158060857593
-0.007138925427015511
-0.007152499914118152
-0.00716588115559722
-0.00717906879010447
-0.007192062461521492
-0.007204861818969324
-0.007217466516817919
-0.007229876214695513
-0.007242090577497785
-0.0072541092753969395
-0.007265931983850599
-0.007277558383610588
-0.0072889881607315354
-0.007300221006579385
-0.007311256617839712
-0.007322094696525924
-0.007332734949987316
-0.007343177090916972
-0.007353420837359529
-0.0073634659127188
-0.007373312045765235
-0.007382958970643261
-0.007392406426878457
-0.007401654159384594
-0.00741070191847053
-0.007419549459846952
-0.00742819654463298
-0.007436642939362616
-0.007444888415991053
-0.0074529327519008435
-0.0074607757299079034
-0.007468417138267393
-0.007475856770679423
-0.0074830944262946385
-0.007490129909719651
-0.0074969630310222956
-0.007503593605736792
-0.0075100214548687065
-0.007516246404899798
-0.007522268287792703
-0.007528086940995485
-0.007533702207446011
-0.0075391139355762025
-0.007544321979316143
-0.007549326198097999
-0.007554126456859853
-0.007558722626049316
-0.0075631145816270505
-0.007567302205070126
-0.007571285383375205
-0.007575064009061608
-0.007578637980174212
-0.007582007200286217
-0.007585171578501737
-0.007588131029458262
-0.0075908854733289744
-0.007593434835824895
-0.007595779048196888
-0.007597918047237531
-0.007599851775282822
-0.007601580180213727
-0.0076031032154576
-0.007604420839989435
-0.007605533018332986
-0.007606439720561709
-0.007607140922299584
-0.0076076366047217805
-0.0076079267545551485
-0.007608011364078587
-0.007607890431123266
-0.00760756395907266
-0.007607031956862486
-0.007606294438980438
-0.0076053514254658125
-0.007604202941908966
-0.007602849019450616
-0.007601289694781013
-0.007599525010138941
-0.0075975550133105816
-0.0075953797576282225
-0.00759299930196882
-0.007590413710752406
-0.007587623053940351
-0.007584627407033476
-0.00758142685107001
-0.007578021472623407
-0.007574411363800003
-0.007570596622236535
-0.007566577351097499
-0.007562353659072361
-0.007557925660372634
-0.007553293474728783
-0.007548457227386996
-0.0075434170491057995
-0.007538173076152521
-0.007532725450299631
-0.0075270743188208845
-0.007521219834487362
-0.007515162155563344
-0.007508901445802022
-0.0075024378744410975
-0.007495771616198188
-0.007488902851266125
-0.007481831765308078
-0.007474558549452543
-0.007467083400288187
-0.00745940651985852
-0.0074515281156564625
-0.007443448400618714
-0.007435167593120026
-0.007426685916967288
-0.00741800360139349
-0.007409120881051531
-0.007400037996007873
-0.007390755191736056
-0.00738127271911009
-0.007371590834397653
-0.007361709799253177
-0.007351629880710787
-0.007341351351177073
-0.007330874488423754
-0.007320199575580153
-0.00730932690112557
-0.0072982567588814684
-0.007286989448003552
-0.007275525272973684
-0.0072638645435916605
-0.007252007574966838
-0.007239954687509627
-0.007227706206922837
-0.007215262464192876
-0.0072026237955808165
-0.007189790542613295
-0.007176763052073312
-0.007163541675990842
-0.007150126771633344
-0.007136518701496089
-0.007122717833292395
-0.0071087245399436665
-0.007094539199569341
-0.007080162195476668
-0.0070655939161503485
-0.007050834755242064
-0.007035885111559807
-0.007020745389057146
-0.007005415996822283
-0.006989897349067022
-0.006974189865115574
-0.006958293969393233
-0.0069422100914149
-0.006925938665773498
-0.006909480132128216
-0.006892834935192647
-0.0068760035247227595
-0.006858986355504768
-0.006841783887342827
-0.006824396585046633
-0.006806824918418839
-0.006789069362242395
-0.006771130396267707
-0.006753008505199669
-0.006734704178684592
-0.0067162179112969615
-0.006697550202526077
-0.006678701556762567
-0.0066596724832847665
-0.0066404634962449385
-0.0066210751146554185
-0.006601507862374562
-0.00658176226809262
-0.006561838865317432
-0.006541738192360036
-0.006521460792320119
-0.006501007213071342
-0.006480378007246549
-0.0064595737322228255
-0.006438594950106458
-0.006417442227717741
-0.006396116136575653
-0.006374617252882452
-0.0063529461575080725
-0.006331103435974455
-0.006309089678439731
-0.006286905479682267
-0.0062645514390846126
-0.006242028160617295
-0.0062193362528225144
-0.0061964763287977
-0.006173449006178953
-0.006150254907124353
-0.006126894658297163
-0.006103368890848888
-0.006079678240402238
-0.006055823347033945
-0.006031804855257497
-0.006007623414005684
-0.005983279676613108
-0.005958774300798524
-0.005934107948647056
-0.005909281286592336
-0.00588429498539848
-0.005859149720141977
-0.005833846170193465
-0.0058083850191993506
-0.0057827669550633695
-0.005756992669927988
-0.005731062860155706
-0.00570497822631025
-0.005678739473137651
-0.005652347309547202
-0.005625802448592305
-0.00559910560745121
-0.005572257507407653
-0.005545258873831353
-0.005518110436158431
-0.005490812927871694
-0.005463367086480835
-0.005435773653502496
-0.005408033374440239
-0.005380146998764429
-0.0053521152798919405
-0.0053239389751658615
-0.0052956188458349925
-0.005267155657033287
-0.005238550177759224
-0.005209803180854971
-0.005180915442985549
-0.005151887744617848
-0.005122720869999517
-0.005093415607137823
-0.005063972747778309
-0.005034393087383464
-0.005004677425111183
-0.004974826563793209
-0.004944841309913437
-0.0049147224735861285
-0.004884470868534029
-0.004854087312066377
-0.004823572625056826
-0.004792927631921294
-0.004762153160595654
-0.004731250042513399
-0.004700219112583171
-0.004669061209166194
-0.004637777174053651
-0.004606367852443913
-0.004574834092919752
-0.004543176747425377
-0.004511396671243417
-0.004479494722971852
-0.004447471764500785
-0.004415328660989182
-0.00438306628084149
-0.004350685495684171
-0.004318187180342174
-0.004285572212815272
-0.004252841474254386
-0.0042199958489377324
-0.0041870362242469915
-0.004153963490643278
-0.0041207785416431265
-0.004087482273794338
-0.004054075586651758
-0.0040205593827529855
-0.003986934567593983
-0.003953202049604614
-0.003919362740124112
-0.003885417553376463
-0.003851367406445682
-0.0038172132192510803
-0.0037829559145223703
-0.00374859641777478
-0.003714135657284018
-0.003679574564061206
-0.003644914071827761
-0.003610155116990113
-0.0035752986386144436
-0.0035403455784013206
-0.003505296880660245
-0.003470153492284142
-0.0034349163627237973
-0.003399586443962188
-0.0033641646904887805
-0.0033286520592737305
-0.0032930495097420417
-0.00325735800374765
-0.0032215785055474374
-0.003185711981775165
-0.003149759401415393
-0.0031137217357772823
-0.0030775999584683436
-0.0030413950453681807
-0.0030051079746020756
-0.002968739726514604
-0.002932291283643118
-0.0028957636306912262
-0.002859157754502218
-0.0028224746440323276
-0.0027857152903241
-0.0027488806864795594
-0.0027119718276334146
-0.0026749897109261686
-0.0026379353354771765
-0.0026008097023576594
-0.002563613814563653
-0.002526348676988917
-0.0024890152963977933
-0.0024516146813980105
-0.0024141478424134183
-0.00237661579165671
-0.002339019543102072
-0.0023013601124577897
-0.002263638517138806
-0.00222585577623926
-0.002188012910504922
-0.002150110942305624
-0.0021121508956076715
-0.0020741337959461485
-0.002036060670397238
-0.0019979325475504525
-0.001959750457480848
-0.0019215154317212303
-0.0018832285032342492
-0.0018448907063845104
-0.0018065030769106375
-0.0017680666518972818
-0.0017295824697471161
-0.0016910515701527673
-0.001652474994068739
-0.0016138537836833003
-0.0015751889823903146
-0.0015364816347610503
-0.001497732786515987
-0.0014589434844965482
-0.0014201147766368036
-0.001381247711935209
-0.0013423433404262154
-0.0013034027131519313
-0.0012644268821337176
-0.0012254169003437878
-0.0011863738216767394
-0.0011472987009210848
-0.0011081925937307662
-0.0010690565565966482
-0.0010298916468179352
-0.0009906989224736573
-0.0009514794423940704
-0.0009122342661320297
-0.0008729644539344024
-0.0008336710667133886
-0.0007943551660178863
-0.0007550178140048291
-0.0007156600734104256
-0.0006762830075215408
-0.0006368876801469009
-0.0005974751555883761
-0.0005580464986122589
-0.000518602774420438
-0.000479145048621688
-0.00043967438720282116
-0.00040019185649995477
-0.00036069852316964076
-0.000321195454160097
-0.00028168371668236083
-0.00024216437818146272
-0.00020263850630759036
-0.00016310716888724664
-0.00012357143389440367
-0.00008403236942166084
-0.00004449104365136708
-4.9485248267801785e-6
0.000034594118776789444
0.00007413581888085403
0.00011367550723257914
0.00015321211563367913
0.00019274457596922778
0.00023227182023656943
0.0002717927805741338
0.00031130638929027283
0.00035081157889214486
0.00039030728211452516
0.00042979243194864576
0.00046926596167101253
0.0005087268048722322
0.0005481738954858186
0.0005876061678169837
0.0006270225565714513
0.0006664219968842066
0.0007058034243482903
0.0007451657750435069
0.0007845079855652322
0.0008238289930530939
0.0008631277352196982
0.0009024031503793359
0.0009416541774766414
0.0009808797561152857
0.0010200788265865863
0.001059250329898174
0.0010983932078025866
0.001137506402825855
0.0011765888582960442
0.001215639518371853
0.0012546573280711125
0.0012936412332992594
0.00133259018087786
0.0013715031185730208
0.0014103789951238458
0.0014492167602708197
0.0014880153647841724
0.00152677376049225
0.0015654909003098066
0.0016041657382662952
0.0016427972295341379
0.0016813843304569424
0.0017199259985777116
0.0017584211926669675
0.0017968688727509063
0.0018352680001395055
0.0018736175374545554
0.0019119164486577093
0.001950163699078449
0.001988358255442057
0.0020264990858975137
0.002064585160045385
0.002102615448965653
0.0021405889252455097
0.002178504563007123
0.002216361337935328
0.0022541582273053204
0.0022918942100102996
0.0023295682665890015
0.002367179379253298
0.002404726531915643
0.0024422087102165513
0.002479624901552
0.0025169740951007805
0.002554255281851803
0.0025914674546313413
0.0026286096081302784
0.002665680738931215
0.0027026798455356323
0.0027396059283909075
0.002776457989917323
0.0028132350345350275
0.0028499360686909296
0.0028865601008855294
0.002923106141699702
0.0029595732038214437
0.0029959603020725434
0.00303226645343516
0.0030684906770784308
0.003104631994384932
0.003140689428977148
0.0031766620067438054
0.0032125487558662125
0.00324834870684452
0.0032840608925239177
0.003319684348120735
0.003355218111248509
0.0033906612219440093
0.003426012722693152
0.0034612716584568573
0.0034964370766968757
0.0035315080274015047
0.003566483563111255
0.003601362738944454
0.003636144612622746
0.0036708282444965832
0.0037054126975705993
0.003739897037528898
0.003774280332760324
0.0038085616543836226
0.00384274007627253
0.0038768146750807787
0.0039107845302670695
0.00394464872411992
0.003978406341782479
0.004012056471277206
0.00404559820353052
0.004079030632397384
0.004112352854685768
0.0041455639701810446
0.004178663081670298
0.0042116492949665785
0.004244521718933063
0.004277279465507119
0.004309921649724298
0.004342447389742247
0.004374855806864516
0.004407146025564305
0.0044393171735081435
0.004471368381579409
0.004503298783901844
0.004535107517862913
0.0045667937241371465
0.0045983565467093285
0.004629795132897609
0.004661108633376604
0.0046922962022002464
0.004723356996824711
0.004754290178131155
0.004785094910448375
0.004815770361575395
0.004846315702803957
0.004876730108940865
0.004907012758330333
0.004937162832876168
0.004967179518063848
0.004997062002982535
0.005026809480346984
0.0050564211465193775
0.005085896201530986
0.005115233849103826
0.005144433296672125
0.005173493755403797
0.00520241444022168
0.005231194569824799
0.005259833366709445
0.005288330057190193
0.005316683871420799
0.005344894043414979
0.00537295981106715
0.005400880416172971
0.005428655104449833
0.005456283125557262
0.005483763733117171
0.005511096184734015
0.005538279742014871
0.005565313670589355
0.005592197240129506
0.005618929724369465
0.005645510401125123
0.0056719385523136346
0.005698213463972792
0.005724334426280346
0.005750300733573159
0.005776111684366275
0.0058017665813718715
0.005827264731518087
0.005852605445967762
0.005877788040137033
0.005902811833713845
0.005927676150676302
0.0059523803193109424
0.005976923672230898
0.006001305546393918
0.006025525283120277
0.0060495822281105395
0.006073475731463302
0.006097205147692693
0.006120769835745841
0.0061441691590201795
0.006167402485380645
0.0061904691871767625
0.006213368641259585
0.006236100228998549
0.0062586633362981805
0.0062810573536146806
0.0063032816759723736
0.006325335702980089
0.006347218838847364
0.006368930492400526
0.006390470077098677
0.006411837011049536
0.006433030717025161
0.006454050622477537
0.006474896159554047
0.006495566765112821
0.006516061880737929
0.006536380952754481
0.0065565234322435785
0.006576488775057166
0.0065962764418326944
0.006615885898007708
0.006635316613834297
0.0066545680643933895
0.006673639729608951
0.006692531094262021
0.006711241648004631
0.0067297708853736
0.006748118305804193
0.006766283413643623
0.006784265718164455
0.006802064733577875
0.0068196799790467885
0.006837110978698831
0.006854357261639209
0.006871418361963427
0.006888293818769883
0.006904983176172306
0.006921485983312073
0.006937801794370397
0.006953930168580368
0.006969870670238857
0.006985622868718278
0.007001186338478257
0.007016560659077087
0.00703174541518309
0.007046740196585869
0.007061544598207362
0.0070761582201127856
0.007090580667521468
0.007104811550817468
0.0071188504855601385
0.007132697092494493
0.007146350997561458
0.007159811831907983
0.00717307923189699
0.0071861528391172075
0.007199032300392851
0.007211717267793174
0.007224207398641844
0.007236502355526215
0.007248601806306451
0.007260505424124479
0.007272212887412834
0.007283723879903341
0.00729503809063565
0.007306155213965657
0.007317074949573739
0.007327797002472882
0.0073383210830166475
0.007348646906906991
0.007358774195201949
0.007368702674323161
0.007378432076063287
0.007387962137593225
0.007397292601469225
0.007406423215639844
0.007415353733452752
0.007424083913661391
0.00743261352043151
0.007440942323347507
0.007449070097418673
0.007456996623085279
0.007464721686224481
0.007472245078156123
0.007479566595648371
0.0074866860409231965
0.007493603221661732
0.007500317951009454
0.007506830047581238
0.0075131393354662505
0.007519245644232711
0.007525148808932495
0.007530848670105586
0.007536345073784378
0.00754163787149784
0.007546726920275534
0.00755161208265147
0.007556293226667818
0.00756077022587847
0.0075650429593524665
0.007569111311677262
0.007572975172961825
0.007576634438839626
0.0075800890104714535
0.007583338794548079
0.007586383703292775
0.007589223654463693
0.007591858571356089
0.007594288382804375
0.00759651302318407
0.007598532432413546
0.0076003465559556695
0.007601955344819272
0.007603358755560452
0.007604556750283788
0.007605549296643324
0.007606336367843465
0.007606917942639695
0.007607294005339144
0.007607464545801023
0.0076074295594369
0.007607189047210796
0.0076067430156392
