0.06991217291629075
1001
-0.0010532775972599425
-0.0010654378787198996
-0.001077594164601224
-0.0010897464098078814
-0.0011018945692590318
-0.0011140385978891932
-0.001126178450648407
-0.001138314082502406
-0.0011504454484327683
-0.0011625725034370934
-0.00117469520252916
-0.0011868135007390905
-0.0011989273531135176
-0.0012110367147157462
-0.0012231415406259185
-0.0012352417859411763
-0.0012473374057758303
-0.001259428355261515
-0.0012715145895473615
-0.001283596063800155
-0.001295672733204504
-0.001307744552962997
-0.0013198114782963734
-0.0013318734644436816
-0.0013439304666624464
-0.00135598244022883
-0.0013680293404377964
-0.001380071122603274
-0.001392107742058322
-0.0014041391541552873
-0.0014161653142659744
-0.0014281861777818055
-0.0014402017001139817
-0.0014522118366936507
-0.0014642165429720655
-0.0014762157744207488
-0.0014882094865316584
-0.0015001976348173443
-0.0015121801748111151
-0.0015241570620672035
-0.001536128252160921
-0.001548093700688828
-0.001560053363268892
-0.0015720071955406512
-0.0015839551531653773
-0.0015958971918262363
-0.001607833267228453
-0.0016197633350994703
-0.0016316873511891129
-0.0016436052712697495
-0.0016555170511364545
-0.0016674226466071689
-0.0016793220135228615
-0.0016912151077476938
-0.001703101885169179
-0.001714982301698344
-0.0017268563132698902
-0.0017387238758423559
-0.0017505849453982771
-0.0017624394779443507
-0.0017742874295115924
-0.0017861287561554988
-0.0017979634139562103
-0.0018097913590186692
-0.0018216125474727822
-0.0018334269354735827
-0.0018452344792013872
-0.00185703513486196
-0.0018688288586866711
-0.001880615606932659
-0.001892395335882987
-0.0019041680018468097
-0.0019159335611595263
-0.0019276919701829473
-0.0019394431853054467
-0.0019511871629421325
-0.001962923859534995
-0.001974653231553075
-0.0019863752354926205
-0.0019980898278772435
-0.002009796965258086
-0.002021496604213974
-0.0020331887013515784
-0.0020448732133055737
-0.0020565500967387996
-0.002068219308342416
-0.002079880804836066
-0.0020915345429680307
-0.0021031804795153923
-0.0021148185712841897
-0.002126448775109578
-0.002138071047855986
-0.002149685346417276
-0.0021612916277169015
-0.002172889848708068
-0.0021844799663738833
-0.0021960619377275233
-0.002207635719812388
-0.0022192012697022584
-0.0022307585445014533
-0.0022423075013449883
-0.002253848097398732
-0.002265380289859566
-0.0022769040359555386
-0.002288419292946025
-0.0022999260181218815
-0.0023114241688056056
-0.0023229137023514923
-0.0023343945761457865
-0.002345866747606845
-0.002357330174185291
-0.0023687848133641717
-0.00238023062265911
-0.002391667559618467
-0.0024030955818234944
-0.002414514646888491
-0.0024259247124609608
-0.002437325736221764
-0.0024487176758852766
-0.002460100489199545
-0.002471474133946441
-0.002482838567941818
-0.002494193749035666
-0.002505539635112264
-0.0025168761840903397
-0.0025282033539232194
-0.002539521102598987
-0.002550829388140636
-0.0025621281686062252
-0.0025734174020890324
-0.0025846970467177078
-0.0025959670606564306
-0.002607227402105064
-0.0026184780292993
-0.0026297189005108253
-0.002640949974047469
-0.0026521712082533547
-0.0026633825615090564
-0.0026745839922317524
-0.002685775458875379
-0.0026969569199307743
-0.002708128333925847
-0.0027192896594257173
-0.0027304408550328724
-0.00274158187938732
-0.0027527126911667415
-0.0027638332490866426
-0.0027749435119005044
-0.0027860434383999385
-0.0027971329874148386
-0.0028082121178135276
-0.0028192807885029122
-0.0028303389584286402
-0.0028413865865752398
-0.002852423631966283
-0.0028634500536645255
-0.0028744658107720685
-0.0028854708624304983
-0.0028964651678210487
-0.0029074486861647418
-0.0029184213767225443
-0.002929383198795514
-0.0029403341117249515
-0.0029512740748925525
-0.002962203047720554
-0.0029731209896718845
-0.0029840278602503156
-0.002994923619000609
-0.003005808225508668
-0.003016681639401688
-0.003027543820348299
-0.003038394728058719
-0.0030492343222849063
-0.0030600625628206994
-0.0030708794095019726
-0.0030816848222067796
-0.003092478760855506
-0.0031032611854110155
-0.003114032055878792
-0.0031247913323071
-0.003135538974787119
-0.003146274943453097
-0.0031569991984824993
-0.0031677117000961513
-0.0031784124085583905
-0.003189101284177207
-0.003199778287304394
-0.003210443378335696
-0.0032210965177109497
-0.003231737665914236
-0.0032423667834740213
-0.003252983830963306
-0.0032635887689997684
-0.0032741815582459136
-0.003284762159409215
-0.0032953305332422585
-0.0033058866405428953
-0.0033164304421543804
-0.003326961898965512
-0.0033374809719107935
-0.0033479876219705586
-0.0033584818101711268
-0.0033689634975849446
-0.0033794326453307293
-0.0033898892145736155
-0.0034003331665252903
-0.003410764462444149
-0.0034211830636354276
-0.003431588931451352
-0.003441982027291281
-0.0034523623126018433
-0.003462729748877087
-0.003473084297658619
-0.0034834259205357467
-0.0034937545791456225
-0.0035040702351733814
-0.0035143728503522864
-0.003524662386463871
-0.0035349388053380762
-0.003545202068853397
-0.0035554521389370183
-0.0035656889775649626
-0.0035759125467622194
-0.0035861228086028984
-0.003596319725210365
-0.003606503258757376
-0.0036166733714662245
-0.0036268300256088824
-0.0036369731835071313
-0.003647102807532711
-0.003657218860107453
-0.0036673213037034243
-0.003677410100843061
-0.003687485214099307
-0.003697546606095766
-0.003707594239506816
-0.003717628077057774
-0.0037276480815250108
-0.0037376542157361026
-0.00374764644256997
-0.0037576247249570018
-0.00376758902587921
-0.003777539308370353
-0.003787475535516079
-0.0037973976704540643
-0.0038073056763741424
-0.0038171995165184503
-0.0038270791541815587
-0.003836944552710605
-0.003846795675505438
-0.003856632486018747
-0.0038664549477562004
-0.0038762630242765777
-0.0038860566791919073
-0.0038958358761676027
-0.0039056005789225925
-0.00391535075122946
-0.003925086356914573
-0.003934807359858223
-0.003944513723994754
-0.003954205413312699
-0.003963882391854914
-0.003973544623718709
-0.0039831920730559875
-0.003992824704073368
-0.004002442481032326
-0.004012045368249328
-0.004021633330095954
-0.00403120633099904
-0.004040764335440802
-0.004050307307958975
-0.0040598352131469406
-0.0040693480156538545
-0.004078845680184789
-0.004088328171500851
-0.004097795454419322
-0.004107247493813785
-0.004116684254614254
-0.00412610570180731
-0.004135511800436217
-0.004144902515601073
-0.004154277812458922
-0.004163637656223888
-0.004172982012167309
-0.004182310845617861
-0.004191624121961686
-0.004200921806642526
-0.004210203865161845
-0.004219470263078965
-0.004228720966011183
-0.004237955939633908
-0.004247175149680787
-0.004256378561943825
-0.004265566142273524
-0.004274737856578999
-0.004283893670828111
-0.004293033551047594
-0.004302157463323172
-0.0043112653737997
-0.004320357248681275
-0.00432943305423137
-0.004338492756772962
-0.004347536322688647
-0.004356563718420775
-0.004365574910471565
-0.004374569865403243
-0.004383548549838149
-0.004392510930458877
-0.004401456974008391
-0.004410386647290146
-0.004419299917168222
-0.004428196750567433
-0.004437077114473464
-0.004445940975932979
-0.004454788302053762
-0.004463619060004821
-0.004472433217016521
-0.004481230740380704
-0.004490011597450804
-0.004498775755641985
-0.004507523182431239
-0.004516253845357526
-0.004524967712021887
-0.004533664750087566
-0.004542344927280126
-0.00455100821138758
-0.004559654570260495
-0.0045682839718121275
-0.00457689638401853
-0.004585491774918679
-0.004594070112614593
-0.004602631365271443
-0.004611175501117683
-0.004619702488445157
-0.004628212295609225
-0.004636704891028879
-0.004645180243186855
-0.0046536383206297605
-0.004662079091968181
-0.0046705025258768065
-0.004678908591094538
-0.004687297256424612
-0.004695668490734717
-0.004704022262957099
-0.004712358542088692
-0.004720677297191221
-0.004728978497391324
-0.004737262111880664
-0.004745528109916047
-0.004753776460819532
-0.004762007133978547
-0.004770220098846008
-0.004778415324940424
-0.004786592781846017
-0.0047947524392128295
-0.004802894266756848
-0.0048110182342601
-0.004819124311570788
-0.004827212468603375
-0.004835282675338724
-0.0048433349018241895
-0.004851369118173738
-0.0048593852945680565
-0.004867383401254669
-0.004875363408548039
-0.0048833252868296885
-0.004891269006548301
-0.0048991945382198384
-0.004907101852427641
-0.004914990919822552
-0.004922861711123012
-0.0049307141971151785
-0.00493854834865303
-0.004946364136658475
-0.004954161532121461
-0.0049619405061000835
-0.004969701029720692
-0.004977443074177999
-0.004985166610735188
-0.004992871610724021
-0.00500055804554494
-0.0050082258866671805
-0.005015875105628877
-0.005023505674037162
-0.0050311175635682865
-0.005038710745967704
-0.005046285193050201
-0.00505384087669998
-0.0050613777688707775
-0.005068895841585965
-0.005076395066938653
-0.005083875417091796
-0.005091336864278293
-0.0050987793808010985
-0.005106202939033318
-0.005113607511418314
-0.0051209930704698104
-0.005128359588771994
-0.0051357070389796144
-0.005143035393818089
-0.005150344626083608
-0.005157634708643228
-0.005164905614434975
-0.005172157316467951
-0.005179389787822433
-0.005186603001649968
-0.0051937969311734765
-0.005200971549687359
-0.005208126830557582
-0.0052152627472217905
-0.0052223792731894
-0.005229476382041697
-0.005236554047431936
-0.005243612243085446
-0.005250650942799713
-0.005257670120444494
-0.0052646697499619055
-0.005271649805366525
-0.005278610260745483
-0.005285551090258562
-0.0052924722681383
-0.005299373768690075
-0.005306255566292206
-0.005313117635396051
-0.005319959950526105
-0.005326782486280083
-0.005333585217329029
-0.0053403681184174
-0.005347131164363169
-0.0053538743300579105
-0.0053605975904669
-0.005367300920629209
-0.005373984295657791
-0.005380647690739581
-0.005387291081135588
-0.005393914442180983
-0.0054005177492851926
-0.005407100977931997
-0.005413664103679611
-0.005420207102160782
-0.005426729949082886
-0.005433232620228007
-0.005439715091453032
-0.0054461773386897455
-0.005452619337944917
-0.005459041065300386
-0.005465442496913158
-0.005471823609015491
-0.005478184377914984
-0.005484524779994666
-0.005490844791713083
-0.00549714438960439
-0.005503423550278432
-0.00550968225042084
-0.005515920466793111
-0.005522138176232698
-0.005528335355653096
-0.0055345119820439295
-0.005540668032471038
-0.005546803484076559
-0.005552918314079017
-0.00555901249977341
-0.005565086018531288
-0.005571138847800846
-0.0055771709651070015
-0.00558318234805148
-0.0055891729743129
-0.0055951428216468625
-0.005601091867886022
-0.005607020090940175
-0.00561292746879635
-0.005618813979518876
-0.005624679601249477
-0.0056305243122073394
-0.0056363480906892185
-0.005642150915069491
-0.005647932763800253
-0.005653693615411397
-0.00565943344851069
-0.005665152241783857
-0.005670849973994658
-0.005676526623984973
-0.00568218217067487
-0.0056878165930626945
-0.005693429870225144
-0.005699021981317348
-0.005704592905572941
-0.005710142622304151
-0.00571567111090186
-0.005721178350835703
-0.00572666432165412
-0.005732129002984458
-0.005737572374533029
-0.005742994416085191
-0.005748395107505428
-0.005753774428737419
-0.005759132359804119
-0.005764468880807827
-0.005769783971930271
-0.005775077613432673
-0.005780349785655821
-0.005785600469020154
-0.005790829644025828
-0.005796037291252786
-0.005801223391360841
-0.005806387925089734
-0.005811530873259219
-0.005816652216769131
-0.005821751936599458
-0.005826830013810403
-0.005831886429542475
-0.005836921165016537
-0.005841934201533895
-0.005846925520476353
-0.005851895103306295
-0.0058568429315667535
-0.005861768986881463
-0.005866673250954949
-0.005871555705572589
-0.005876416332600674
-0.005881255113986489
-0.005886072031758371
-0.005890867068025774
-0.005895640204979355
-0.005900391424891015
-0.005905120710113988
-0.005909828043082885
-0.005914513406313784
-0.0059191767824042785
-0.005923818154033543
-0.0059284375039624125
-0.0059330348150334325
-0.005937610070170927
-0.005942163252381065
-0.005946694344751929
-0.005951203330453562
-0.00595569019273805
-0.005960154914939573
-0.00596459748047447
-0.0059690178728413045
-0.00597341607562092
-0.005977792072476511
-0.005982145847153673
-0.005986477383480472
-0.005990786665367503
-0.005995073676807951
-0.0059993384018776465
-0.006003580824735133
-0.006007800929621721
-0.006011998700861545
-0.006016174122861632
-0.006020327180111947
-0.006024457857185466
-0.006028566138738217
-0.006032652009509357
-0.00603671545432121
-0.006040756458079339
-0.006044775005772591
-0.006048771082473166
-0.006052744673336661
-0.006056695763602136
-0.006060624338592158
-0.006064530383712868
-0.006068413884454029
-0.006072274826389078
-0.00607611319517519
-0.006079928976553327
-0.006083722156348282
-0.0060874927204687505
-0.006091240654907364
-0.006094965945740769
-0.0060986685791296425
-0.006102348541318779
-0.006106005818637122
-0.006109640397497823
-0.006113252264398288
-0.006116841405920238
-0.006120407808729742
-0.006123951459577286
-0.006127472345297809
-0.006130970452810764
-0.0061344457691201535
-0.006137898281314594
-0.006141327976567349
-0.006144734842136391
-0.006148118865364442
-0.006151480033679016
-0.006154818334592485
-0.006158133755702101
-0.006161426284690068
-0.006164695909323564
-0.006167942617454806
-0.006171166397021087
-0.0061743672360448235
-0.006177545122633596
-0.006180700044980205
-0.0061838319913627045
-0.00618694095014445
-0.006190026909774141
-0.00619308985878587
-0.0061961297857991565
-0.006199146679519001
-0.0062021405287359145
-0.006205111322325975
-0.0062080590492508535
-0.006210983698557877
-0.006213885259380043
-0.006216763720936082
-0.006219619072530489
-0.006222451303553569
-0.006225260403481468
-0.0062280463618762235
-0.006230809168385791
-0.0062335488127441005
-0.006236265284771074
-0.006238958574372687
-0.006241628671540987
-0.006244275566354141
-0.006246899248976469
-0.00624949970965849
-0.006252076938736943
-0.006254630926634839
-0.006257161663861486
-0.006259669141012537
-0.0062621533487700045
-0.0062646142779023235
-0.006267051919264361
-0.006269466263797468
-0.0062718573025295045
-0.0062742250265748764
-0.006276569427134572
-0.006278890495496186
-0.006281188223033964
-0.006283462601208824
-0.006285713621568404
-0.00628794127574707
-0.006290145555465976
-0.006292326452533071
-0.006294483958843147
-0.006296618066377859
-0.00629872876720576
-0.006300816053482331
-0.006302879917450009
-0.006304920351438218
-0.006306937347863398
-0.0063089308992290314
-0.0063109009981256745
-0.0063128476372309806
-0.006314770809309739
-0.006316670507213886
-0.006318546723882551
-0.006320399452342058
-0.00632222868570598
-0.006324034417175148
-0.0063258166400376814
-0.006327575347669013
-0.006329310533531911
-0.0063310221911765125
-0.0063327103142403396
-0.006334374896448323
-0.006336015931612838
-0.006337633413633712
-0.006339227336498256
-0.006340797694281293
-0.0063423444811451625
-0.006343867691339764
-0.006345367319202566
-0.006346843359158627
-0.0063482958057206286
-0.006349724653488882
-0.0063511298971513554
-0.006352511531483695
-0.006353869551349243
-0.006355203951699058
-0.006356514727571933
-0.006357801874094419
-0.006359065386480835
-0.0063603052600332945
-0.00636152149014172
-0.006362714072283859
-0.006363883002025303
-0.00636502827501951
-0.006366149887007808
-0.006367247833819427
-0.006368322111371499
-0.00636937271566909
-0.0063703996428051985
-0.006371402888960788
-0.006372382450404786
-0.0063733383234941075
-0.006374270504673669
-0.006375178990476395
-0.006376063777523241
-0.006376924862523195
-0.006377762242273311
-0.006378575913658689
-0.006379365873652518
-0.0063801321193160745
-0.006380874647798724
-0.0063815934563379575
-0.006382288542259378
-0.00638295990297672
-0.006383607535991866
-0.006384231438894841
-0.006384831609363842
-0.006385408045165227
-0.006385960744153537
-0.006386489704271499
-0.006386994923550035
-0.0063874764001082725
-0.006387934132153548
-0.006388368117981416
-0.006388778355975655
-0.006389164844608272
-0.006389527582439518
-0.006389866568117882
-0.0063901818003801
-0.006390473278051164
-0.006390741000044329
-0.006390984965361099
-0.006391205173091261
-0.006391401622412864
-0.00639157431259223
-0.006391723242983964
-0.006391848413030946
-0.006391949822264343
-0.006392027470303606
-0.006392081356856469
-0.006392111481718959
-0.006392117844775393
-0.006392100445998371
-0.006392059285448793
-0.006391994363275846
-0.006391905679717006
-0.006391793235098042
-0.006391657029833012
-0.006391497064424264
-0.00639131333946243
-0.006391105855626432
-0.00639087461368347
-0.006390619614489025
-0.006390340858986863
-0.006390038348209018
-0.006389712083275797
-0.006389362065395775
-0.006388988295865792
-0.006388590776070944
-0.006388169507484587
-0.006387724491668321
-0.00638725573027199
-0.006386763225033683
-0.006386246977779713
-0.006385706990424623
-0.006385143264971172
-0.006384555803510339
-0.006383944608221297
-0.006383309681371421
-0.006382651025316279
-0.006381968642499609
-0.006381262535453333
-0.006380532706797527
-0.006379779159240423
-0.0063790018955783975
-0.00637820091869596
-0.006377376231565745
-0.006376527837248495
-0.006375655738893062
-0.0063747599397363805
-0.00637384044310347
-0.00637289725240741
-0.006371930371149342
-0.006370939802918443
-0.006369925551391922
-0.006368887620335003
-0.006367826013600911
-0.00636674073513086
-0.006365631788954035
-0.006364499179187586
-0.006363342910036598
-0.006362162985794094
-0.006360959410841004
-0.006359732189646156
-0.0063584813267662625
-0.006357206826845896
-0.00635590869461748
-0.006354586934901262
-0.006353241552605311
-0.006351872552725485
-0.00635047994034542
-0.006349063720636508
-0.006347623898857885
-0.006346160480356401
-0.006344673470566608
-0.006343162875010741
-0.006341628699298694
-0.006340070949127999
-0.006338489630283808
-0.0063368847486388715
-0.006335256310153516
-0.006333604320875619
-0.006331928786940595
-0.006330229714571366
-0.006328507110078342
-0.006326760979859393
-0.0063249913303998345
-0.006323198168272395
-0.0063213815001371965
-0.006319541332741729
-0.006317677672920829
-0.00631579052759664
-0.006313879903778612
-0.006311945808563457
-0.0063099882491351195
-0.006308007232764774
-0.006306002766810766
-0.006303974858718615
-0.006301923516020968
-0.006299848746337576
-0.006297750557375273
-0.006295628956927938
-0.0062934839528764695
-0.0062913155531887635
-0.0062891237659196695
-0.006286908599210977
-0.006284670061291376
-0.006282408160476426
-0.006280122905168534
-0.006277814303856908
-0.006275482365117547
-0.006273127097613189
-0.006270748510093292
-0.006268346611393997
-0.006265921410438098
-0.006263472916235003
-0.0062610011378807055
-0.006258506084557757
-0.0062559877655352135
-0.00625344619016863
-0.006250881367900003
-0.006248293308257737
-0.006245682020856626
-0.006243047515397802
-0.0062403898016687035
-0.006237708889543047
-0.006235004788980774
-0.006232277510028034
-0.006229527062817134
-0.0062267534575665
-0.0062239567045806535
-0.0062211368142501555
-0.0062182937970515825
-0.006215427663547478
-0.006212538424386321
-0.006209626090302479
-0.006206690672116177
-0.00620373218073345
-0.006200750627146104
-0.006197746022431684
-0.00619471837775342
-0.00619166770436019
-0.00618859401358649
-0.00618549731685237
-0.006182377625663416
-0.0061792349516106865
-0.006176069306370684
-0.0061728807017053045
-0.006169669149461796
-0.006166434661572718
-0.00616317725005589
-0.006159896927014354
-0.0061565937046363225
-0.006153267595195146
-0.006149918611049254
-0.006146546764642113
-0.006143152068502186
-0.006139734535242887
-0.006136294177562515
-0.006132831008244237
-0.006129345040156015
-0.006125836286250577
-0.006122304759565357
-0.006118750473222447
-0.006115173440428558
-0.006111573674474962
-0.006107951188737448
-0.006104305996676271
-0.0061006381118360944
-0.006096947547845956
-0.006093234318419207
-0.006089498437353458
-0.006085739918530537
-0.006081958775916431
-0.006078155023561241
-0.006074328675599121
-0.006070479746248235
-0.006066608249810698
-0.006062714200672524
-0.006058797613303577
-0.00605485850225751
-0.006050896882171716
-0.006046912767767279
-0.006042906173848904
-0.0060388771153048765
-0.006034825607107004
-0.006030751664310559
-0.006026655302054216
-0.006022536535560013
-0.006018395380133276
-0.006014231851162575
-0.0060100459641196655
-0.00600583773455942
-0.006001607178119788
-0.005997354310521729
-0.005993079147569141
-0.005988781705148834
-0.005984461999230435
-0.005980120045866361
-0.005975755861191734
-0.005971369461424336
-0.005966960862864542
-0.005962530081895267
-0.005958077134981895
-0.0059536020386722266
-0.005949104809596413
-0.005944585464466896
-0.005940044020078348
-0.005935480493307606
-0.0059308949011136055
-0.005926287260537332
-0.0059216575887017404
-0.005917005902811705
-0.005912332220153949
-0.005907636558096975
-0.00590291893409102
-0.005898179365667965
-0.005893417870441291
-0.005888634466106005
-0.005883829170438569
-0.005879002001296845
-0.005874152976620024
-0.0058692821144285595
-0.005864389432824091
-0.005859474949989402
-0.0058545386841883235
-0.005849580653765682
-0.0058446008771472395
-0.005839599372839599
-0.005834576159430157
-0.0058295312555870366
-0.005824464680058999
-0.005819376451675393
-0.005814266589346075
-0.00580913511206134
-0.005803982038891857
-0.005798807388988587
-0.0057936111815827225
-0.005788393435985615
-0.005783154171588698
-0.005777893407863413
-0.0057726111643611544
-0.005767307460713169
-0.005761982316630509
-0.005756635751903944
-0.005751267786403897
-0.005745878440080358
-0.005740467732962826
-0.005735035685160217
-0.005729582316860806
-0.005724107648332142
-0.005718611699920978
-0.0057130944920531865
-0.005707556045233695
-0.005701996380046406
-0.005696415517154112
-0.005690813477298438
-0.005685190281299744
-0.005679545950057057
-0.005673880504547998
-0.005668193965828692
-0.005662486355033707
-0.005656757693375952
-0.005651008002146623
-0.00564523730271511
-0.005639445616528915
-0.005633632965113581
-0.005627799370072611
-0.005621944853087383
-0.005616069435917069
-0.005610173140398565
-0.005604255988446392
-0.005598318002052638
-0.0055923592032868456
-0.005586379614295963
-0.005580379257304238
-0.005574358154613148
-0.005568316328601306
-0.005562253801724392
-0.0055561705965150605
-0.005550066735582852
-0.005543942241614122
-0.0055377971373719494
