0.1914985605967964
1001
0.000027908211575434447
-2.834755953305799e-6
-0.00003357755012102684
-0.00006431931364553082
-0.00009505918927384196
-0.0001257963198061066
-0.00015652984811949708
-0.00018725891719211267
-0.00021798267012687728
-0.00024870025017543313
-0.00027941080076203167
-0.00031011346550741803
-0.00034080738825271214
-0.0003714917130832809
-0.0004021655843526066
-0.0004328281467061465
-0.0004634785451051839
-0.0004941159248506692
-0.0005247394316070579
-0.0005553482114261274
-0.0005859414107707951
-0.0006165181765389159
-0.0006470776560870725
-0.0006776189972543522
-0.0007081413483861059
-0.0007386438583577024
-0.000769125676598257
-0.0007995859531143544
-0.0008300238385137472
-0.0008604384840290428
-0.0008908290415413747
-0.0009211946636040477
-0.0009515345034661731
-0.0009818477150962792
-0.0010121334532059022
-0.0010423908732731632
-0.0010726191315663098
-0.0011028173851672506
-0.0011329847919950577
-0.0011631205108294505
-0.0011932237013342526
-0.0012232935240808253
-0.0012533291405714753
-0.0012833297132628385
-0.0013132944055892358
-0.0013432223819859984
-0.0013731128079127717
-0.0014029648498767875
-0.0014327776754561035
-0.0014625504533228178
-0.0014922823532662552
-0.0015219725462161124
-0.00155162020426558
-0.001581224500694433
-0.0016107846099920806
-0.0016402997078805881
-0.0016697689713376619
-0.0016991915786196043
-0.0017285667092842242
-0.0017578935442137203
-0.001787171265637519
-0.0018163990571550843
-0.0018455761037586803
-0.0018747015918560998
-0.0019037747092933545
-0.0019327946453773209
-0.0019617605908983492
-0.001990671738152829
-0.0020195272809657126
-0.002048326414712999
-0.002077068336344167
-0.002105752244404579
-0.0021343773390578203
-0.0021629428221080116
-0.0021914478970220643
-0.0022198917689518947
-0.00224827364475659
-0.0022765927330245265
-0.002304848244095439
-0.0023330393900824436
-0.002361165384894004
-0.0023892254442558648
-0.0024172187857329102
-0.00244514462875099
-0.0024730021946186855
-0.00250079070654903
-0.0025285093896811636
-0.002556157471101947
-0.002583734179867514
-0.0026112387470247724
-0.002638670405632846
-0.0026660283907844625
-0.002693311939627288
-0.0027205202913851987
-0.0027476526873794955
-0.0027747083710500625
-0.002801686587976469
-0.002828586585899001
-0.0028554076147396484
-0.002882148926623016
-0.0029088097758971834
-0.0029353894191544976
-0.0029618871152523062
-0.0029883021253336263
-0.003014633712847748
-0.0030408811435707755
-0.0030670436856261025
-0.0030931206095048264
-0.0031191111880860835
-0.003145014696657339
-0.0031708304129345888
-0.003196557617082502
-0.0032221955917345023
-0.003247743622012767
-0.00327320099554817
-0.0032985670025001373
-0.0033238409355764594
-0.0033490220900530016
-0.003374109763793361
-0.0033991032572684545
-0.0034240018735760156
-0.0034488049184600426
-0.0034735117003301466
-0.0034981215302808525
-0.0035226337221107976
-0.0035470475923418806
-0.0035713624602383125
-0.0035955776478256065
-0.0036196924799094857
-0.0036437062840947087
-0.003667618390803831
-0.0036914281332958623
-0.0037151348476848777
-0.0037387378729585225
-0.003762236550996446
-0.003785630226588661
-0.003808918247453816
-0.0038320999642573795
-0.0038551747306297536
-0.003878141903184304
-0.0039010008415352937
-0.003923750908315755
-0.003946391469195246
-0.0039689218928975626
-0.003991341551218328
-0.00401364981904252
-0.0040358460743619
-0.004057929698292366
-0.004079900075091203
-0.004101756592174266
-0.004123498640133057
-0.004145125612751719
-0.004166636907023951
-0.0041880319231698175
-0.004209310064652478
-0.004230470738194824
-0.0042515133537960196
-0.004272437324747969
-0.004293242067651662
-0.00431392700243346
-0.004334491552361258
-0.004354935144060585
-0.004375257207530582
-0.004395457176159905
-0.004415534486742525
-0.004435488579493435
-0.004455318898064266
-0.004475024889558792
-0.004494606004548369
-0.00451406169708723
-0.00453339142472774
-0.004552594648535505
-0.00457167083310441
-0.004590619446571546
-0.004609439960632053
-0.004628131850553841
-0.004646694595192231
-0.0046651276770044905
-0.004683430582064265
-0.0047016028000759135
-0.004719643824388731
-0.004737553152011091
-0.00475533028362447
-0.004772974723597361
-0.004790485979999119
-0.004807863564613658
-0.004825106992953081
-0.004842215784271181
-0.004859189461576868
-0.004876027551647446
-0.004892729585041832
-0.0049092950961136346
-0.004925723623024147
-0.004942014707755231
-0.00495816789612208
-0.004974182737785896
-0.004990058786266443
-0.0050057955989545
-0.005021392737124214
-0.005036849765945313
-0.005052166254495263
-0.005067341775771263
-0.005082375906702165
-0.005097268228160265
-0.005112018324973009
-0.005126625785934547
-0.005141090203817221
-0.005155411175382917
-0.005169588301394307
-0.005183621186625988
-0.005197509439875502
-0.005211252673974247
-0.005224850505798276
-0.005238302556278984
-0.0052516084504136695
-0.005264767817276014
-0.005277780290026402
-0.00529064550592217
-0.005303363106327713
-0.005315932736724498
-0.005328354046720936
-0.0053406266900621665
-0.005352750324639712
-0.005364724612501015
-0.0053765492198588625
-0.005388223817100708
-0.005399748078797848
-0.005411121683714504
-0.005422344314816787
-0.005433415659281531
-0.005444335408505024
-0.005455103258111611
-0.005465718907962185
-0.005476182062162556
-0.005486492429071705
-0.005496649721309919
-0.005506653655766799
-0.005516503953609165
-0.005526200340288828
-0.005535742545550247
-0.005545130303438065
-0.00555436335230453
-0.00556344143481679
-0.005572364297964068
-0.0055811316930647285
-0.0055897433757731985
-0.005598199106086786
-0.0056064986483523845
-0.005614641771273036
-0.005622628247914378
-0.005630457855710982
-0.005638130376472557
-0.005645645596390032
-0.005653003306041525
-0.005660203300398174
-0.005667245378829869
-0.005674129345110834
-0.005680855007425107
-0.0056874221783718894
-0.005693830674970771
-0.005700080318666832
-0.005706170935335624
-0.005712102355288031
-0.005717874413274994
-0.0057234869484921215
-0.0057289398045841785
-0.005734232829649449
-0.005739365876243958
-0.005744338801385604
-0.005749151466558129
-0.005753803737714993
-0.00575829548528311
-0.005762626584166456
-0.005766796913749564
-0.0057708063579008885
-0.0057746548049760395
-0.0057783421478208976
-0.005781868283774605
-0.00578523311467243
-0.0057884365468484945
-0.005791478491138398
-0.005794358862881704
-0.005797077581924287
-0.005799634572620585
-0.005802029763835699
-0.005804263088947383
-0.005806334485847896
-0.005808243896945736
-0.005809991269167251
-0.005811576553958108
-0.005812999707284664
-0.005814260689635175
-0.005815359466020912
-0.0058162960059771306
-0.005817070283563921
-0.005817682277366932
-0.00581813197049797
-0.005818419350595464
-0.0058185444098248175
-0.005818507144878622
-0.00581830755697675
-0.005817945651866325
-0.005817421439821555
-0.005816734935643443
-0.005815886158659389
-0.0058148751327226356
-0.005813701886211608
-0.005812366452029121
-0.0058108688676014675
-0.005809209174877366
-0.005807387420326794
-0.005805403654939693
-0.0058032579342245415
-0.005800950318206815
-0.0057984808714273035
-0.005795849662940315
-0.005793056766311747
-0.005790102259617042
-0.005786986225438998
-0.005783708750865473
-0.005780269927486955
-0.005776669851394004
-0.005772908623174578
-0.005768986347911217
-0.005764903135178123
-0.005760659099038099
-0.005756254358039366
-0.005751689035212259
-0.005746963258065793
-0.005742077158584106
-0.005737030873222783
-0.005731824542905046
-0.005726458313017821
-0.00572093233340769
-0.0057152467583767
-0.005709401746678071
-0.005703397461511765
-0.005697234070519927
-0.005690911745782216
-0.005684430663811005
-0.005677791005546455
-0.005670992956351472
-0.0056640367060065274
-0.005656922448704378
-0.005649650383044645
-0.005642220712028262
-0.005634633643051834
-0.00562688938790184
-0.005618988162748724
-0.005610930188140877
-0.005602715688998468
-0.005594344894607189
-0.005585818038611847
-0.005577135359009855
-0.005568297098144589
-0.005559303502698627
-0.005550154823686877
-0.005540851316449563
-0.005531393240645119
-0.005521780860242929
-0.005512014443515979
-0.005502094263033365
-0.0054920205956526975
-0.005481793722512374
-0.005471413929023734
-0.005460881504863119
-0.005450196743963759
-0.005439359944507604
-0.005428371408916993
-0.005417231443846218
-0.005405940360172985
-0.005394498472989719
-0.005382906101594798
-0.005371163569483635
-0.005359271204339657
-0.0053472293380251645
-0.005335038306572087
-0.005322698450172587
-0.005310210113169594
-0.005297573644047186
-0.005284789395420878
-0.005271857724027779
-0.0052587789907166515
-0.0052455535604378385
-0.005232181802233085
-0.005218664089225252
-0.0052050007986078955
-0.0051911923116347665
-0.005177239013609158
-0.005163141293873159
-0.005148899545796818
-0.005134514166767137
-0.005119985558177018
-0.005105314125414043
-0.0050905002778491885
-0.005075544428825387
-0.005060446995646015
-0.005045208399563245
-0.0050298290657662965
-0.005014309423369577
-0.0049986499054007144
-0.00498285094878848
-0.004966912994350593
-0.004950836486781441
-0.004934621874639663
-0.004918269610335644
-0.004901780150118893
-0.0048851539540653195
-0.004868391486064403
-0.004851493213806255
-0.004834459608768561
-0.004817291146203452
-0.004799988305124228
-0.004782551568292009
-0.004764981422202272
-0.004747278357071268
-0.004729442866822365
-0.004711475449072256
-0.004693376605117097
-0.004675146839918508
-0.004656786662089498
-0.0046382965838802775
-0.004619677121163968
-0.004600928793422211
-0.00458205212373069
-0.004563047638744529
-0.004543915868683609
-0.004524657347317775
-0.004505272611951951
-0.00448576220341115
-0.0044661266660254
-0.004446366547614544
-0.004426482399472973
-0.004406474776354248
-0.0043863442364556185
-0.004366091341402465
-0.004345716656232628
-0.0043252207493806386
-0.004304604192661889
-0.00428386756125665
-0.004263011433694054
-0.0042420363918359546
-0.004220943020860684
-0.004199731909246739
-0.004178403648756371
-0.0041569588344190795
-0.004135398064515004
-0.00411372194055826
-0.00409193106728013
-0.004070026052612224
-0.004048007507669511
-0.004025876046733266
-0.004003632287233961
-0.003981276849734011
-0.003958810357910488
-0.003936233438537725
-0.003913546721469817
-0.00389075083962307
-0.003867846428958344
-0.0038448341284633013
-0.003821714580134604
-0.0037984884289599882
-0.003775156322900294
-0.003751718912871376
-0.0037281768527259516
-0.003704530799235365
-0.003680781412071273
-0.0036569293537872323
-0.0036329752898002364
-0.0036089198883721483
-0.0035847638205910495
-0.003560507760352539
-0.003536152384340928
-0.0035116983720103667
-0.0034871464055659
-0.003462497169944422
-0.0034377513527955924
-0.003412909644462638
-0.0033879727379631124
-0.003362941328969557
-0.003337816115790096
-0.003312597799348964
-0.003287287083166954
-0.0032618846733418025
-0.003236391278528475
-0.003210807609919414
-0.0031851343812247107
-0.0031593723086521695
-0.0031335221108873598
-0.003107584509073558
-0.0030815602267916377
-0.003055449990039874
-0.003029254527213714
-0.0030029745690854453
-0.0029766108487838112
-0.00295016410177358
-0.0029236350658350093
-0.002897024481043284
-0.002870333089747868
-0.0028435616365517905
-0.0028167108682908906
-0.0027897815340129804
-0.002762774384956942
-0.0027356901745317986
-0.0027085296582956718
-0.002681293593934732
-0.0026539827412420426
-0.002626597862096388
-0.0025991397204409984
-0.002571609082262274
-0.00254400671556839
-0.0025163333903678855
-0.0024885898786482013
-0.0024607769543541205
-0.0024328953933661973
-0.002404945973479112
-0.00237692947437998
-0.002348846677626597
-0.002320698366625649
-0.0022924853266108576
-0.002264208344621068
-0.002235868209478308
-0.0022074657117657896
-0.0021790016438058423
-0.0021504767996378235
-0.002121891974995968
-0.0020932479672872025
-0.002064545575568882
-0.0020357856005265274
-0.0020069688444514728
-0.0019780961112184966
-0.0019491682062634029
-0.0019201859365605444
-0.0018911501106003187
-0.0018620615383666368
-0.001832921031314289
-0.0018037294023463461
-0.0017744874657914834
-0.0017451960373812392
-0.0017158559342272954
-0.001686467974798677
-0.0016570329788989006
-0.0016275517676431301
-0.0015980251634352865
-0.0015684539899450671
-0.0015388390720850057
-0.0015091812359874588
-0.0014794813089815493
-0.001449740119570096
-0.0014199584974065218
-0.0013901372732716825
-0.0013602772790507168
-0.0013303793477098238
-0.0013004443132730555
-0.0012704730107990347
-0.0012404662763576618
-0.0012104249470068077
-0.0011803498607689538
-0.0011502418566078228
-0.0011201017744049816
-0.0010899304549363993
-0.0010597287398490189
-0.001029497471637271
-0.0009992374936195526
-0.0009689496499147575
-0.0009386347854186777
-0.0009082937457804549
-0.0008779273773790133
-0.0008475365272994279
-0.0008171220433092956
-0.0007866847738351105
-0.0007562255679385868
-0.0007257452752929774
-0.0006952447461593512
-0.0006647248313629201
-0.000634186382269291
-0.000603630250760691
-0.0005730572892122387
-0.0005424683504681768
-0.0005118642878180432
-0.0004812459549728968
-0.0004506142060415185
-0.00041996989550655017
-0.0003893138782007028
-0.0003586470092828779
-0.0003279701442143344
-0.00029728413873483187
-0.00026658984883874204
-0.0002358881307511796
-0.0002051798409041289
-0.00017446583591256037
-0.0001437469725505038
-0.00011302410772719914
-0.00008229809846316128
-0.00005156980186627501
-0.000020840075107906182
9.890224601020906e-6
0.00004062024003392042
0.00007134911397247834
0.00010207598923052103
0.00013280000867798084
0.00016352031526475997
0.00019423605204464816
0.00022494636219923906
0.0002556503890618014
0.00028634727614120084
0.00031703616714577127
0.0003477162060072165
0.00037838653690446076
0.00040904630428755174
0.000439694652901513
0.00047033072781018417
0.0005009536744200786
0.0005315626385042388
0.0005621567662260226
0.0005927352041629516
0.0006232970993305131
0.000653841599205938
0.0006843678517519793
0.0007148750054406987
0.0007453622092771961
0.0007758286128233459
0.000806273366221547
0.0008366956202183963
0.0008670945261883797
0.000897469236157566
0.0009278189028272356
0.0009581426795975184
0.0009884397205910248
0.0010187091806763983
0.0010489502154919454
0.0010791619814691515
0.0011093436358562084
0.0011394943367415277
0.0011696132430772457
0.0011996995147026364
0.0012297523123675862
0.0012597707977559825
0.0012897541335091206
0.0013197014832490228
0.0013496120116017832
0.0013794848842208956
0.0014093192678104793
0.0014391143301485494
0.0014688692401102373
0.00149858316769095
0.0015282552840295328
0.0015578847614313974
0.001587470773391585
0.001617012494617844
0.0016465091010536375
0.0016759597699011219
0.0017053636796441143
0.0017347200100710039
0.0017640279422976109
0.0017932866587900456
0.0018224953433875215
0.001851653181325074
0.001880759359256342
0.0019098130652762293
0.0019388134889435447
0.0019677598213036196
0.001996651254910863
0.002025486983851291
0.0020542662037649918
0.0020829881118685904
0.0021116519069776097
0.0021402567895288326
0.002168801961602609
0.0021972866269450936
0.002225709990990473
0.002254071260883111
0.0022823696454996965
0.002310604355471271
0.0023387746032052605
0.0023668796029074632
0.0023949185706039415
0.0024228907241628963
0.002450795283316485
0.0024786314696825912
0.002506398506786518
0.0025340956200826797
0.0025617220369761676
0.0025892769868443182
0.0026167597010582125
0.0026441694130041006
0.0026715053581047934
0.0026987667738410004
0.002725952899772582
0.002753062977559755
0.002780096250984271
0.002807051965970476
0.0028339293706063744
0.0028607277151645773
0.0028874462521232386
0.0029140842361868734
0.0029406409243071846
0.0029671155757037613
0.002993507451884742
0.003019815816667439
0.003046039936198831
0.0030721790789760657
0.003098232515866857
0.003124199520129819
0.0031500793674347255
0.0031758713358827316
0.003201574706026505
0.0032271887608902776
0.003252712785989868
0.0032781460693525983
0.003303487901537157
0.0033287375756533705
0.0033538943873819504
0.0033789576349941156
0.003403926619371158
0.003428800644023984
0.0034535790151124916
0.003478261041464959
0.0035028460345973103
0.003527333308732313
0.003551722180818718
0.003576011970550296
0.003600202000384845
0.0036242915955630437
0.0036482800841273156
0.0036721667969405406
0.0036959510677047305
0.0037196322329796274
0.003743209632201176
0.0037666826076999753
0.003790050504719623
0.003813312671434966
0.0038364684589702823
0.003859517221417394
0.0038824583158536628
0.0039052911023599404
0.0039280149440384035
0.003950629207030337
0.003973133260533797
0.003995526476821204
0.004017808231256876
0.0040399779023144195
0.004062034871594089
0.0040839785238400254
0.004105808246957412
0.004127523432029567
0.004149123473334907
0.004170607768363863
0.004191975717835652
0.0042132267257150415
0.004234360199228912
0.004255375548882858
0.004276272188477588
0.004297049535125284
0.004317707009265859
0.0043382440346831355
0.0043586600385208995
0.004378954451298885
0.004399126706928661
0.004419176242729438
0.004439102499443709
0.00445890492125292
0.004478582955792917
0.004498136054169378
0.004517563670973131
0.004536865264295335
0.004556040295742631
0.004575088230452124
0.004594008537106352
0.004612800687948039
0.00463146415879488
0.004649998429054121
0.004668402981737083
0.004686677303473602
0.004704820884526336
0.004722833218804983
0.0047407138038803925
0.0047584621409986
0.004776077735094706
0.0047935600948066995
0.004810908732489193
0.004828123164226967
0.004845202909848515
0.004862147492939411
0.004878956440855612
0.004895629284736635
0.004912165559518626
0.004928564803947351
0.004944826560591044
0.004960950375853188
0.00497693579998513
0.004992782387098663
0.005008489695178446
0.0050240572860943255
0.005039484725613575
0.005054771583412991
0.00506991743309091
0.005084921852179074
0.0050997844221544585
0.005114504728450903
0.005129082360470697
0.005143516911596029
0.005157807979200328
0.005171955164659495
0.005185958073363002
0.005199816314724938
0.0052135295021948705
0.005227097253268632
0.00524051918949901
0.005253794936506271
0.005266924123988626
0.005279906385732552
0.005292741359623012
0.005305428687653537
0.005317968015936238
0.00533035899471165
0.005342601278358504
0.005354694525403375
0.005366638398530181
0.005378432564589612
0.005390076694608415
0.005401570463798565
0.005412913551566337
0.005424105641521233
0.005435146421484827
0.00544603558349944
0.005456772823836766
0.005467357843006312
0.00547779034576378
0.005488070041119275
0.005498196642345443
0.005508169866985457
0.005517989436860888
0.00552765507807949
0.005537166521042808
0.0055465235004537195
0.005555725755323828
0.005564773028980733
0.005573665069075202
0.005582401627588207
0.005590982460837835
0.005599407329486086
0.005607675998545562
0.005615788237385999
0.0056237438197407124
0.005631542523712913
0.005639184131781883
0.005646668430809055
0.005653995212043942
0.005661164271129978
0.005668175408110202
0.005675028427432843
0.005681723137956776
0.005688259352956843
0.005694636890129072
0.0057008555715957554
0.0057069152239104136
0.005712815678062632
0.0057185567694827705
0.005724138338046561
0.0057295602280795725
0.005734822288361541
0.005739924372130603
0.005744866337087381
0.005749648045398953
0.005754269363702693
0.005758730163109999
0.005763030319209878
0.005767169712072424
0.005771148226252158
0.005774965750791247
0.005778622179222604
0.005782117409572848
0.005785451344365158
0.005788623890621988
0.005791634959867654
0.005794484468130805
0.005797172335946774
0.005799698488359778
0.00580206285492502
0.005804265369710648
0.005806305971299595
0.005808184602791294
0.005809901211803257
0.005811455750472549
0.005812848175457104
0.005814078447936954
0.005815146533615295
0.0058160524027194484
0.005816796030001702
0.005817377394739984
0.005817796480738482
0.005818053276328056
0.005818147774366586
0.0058180799722391645
0.005817849871858166
0.0058174574796632
0.005816902806620918
0.005816185868224726
0.005815306684494336
0.0058142652799752104
0.005813061683737884
0.005811695929377141
0.0058101680550110895
0.005808478103280091
0.005806626121345564
0.005804612160888687
0.005802436278108937
0.00580009853372253
0.005797598992960727
0.005794937725568011
0.0057921148058001455
0.0057891303124220994
0.005785984328705847
0.00578267694242805
0.005779208245867608
0.005775578335803077
0.005771787313509978
0.00576783528475797
0.005763722359807891
0.005759448653408692
0.005755014284794232
0.005750419377679949
0.005745664060259414
0.0057407484652007455
0.005735672729642922
0.005730436995191942
0.0057250414079168845
0.005719486118345825
0.0057137712814616425
0.005707897056697698
0.0057018636079333735
0.00569567110348952
0.005689319716123742
0.005682809623025596
0.005676141005811633
0.00566931405052034
0.005662328947606947
0.005655185891938115
0.005647885082786502
0.005640426723825198
0.005632811023122053
0.005625038193133859
0.005617108450700439
0.005609022017038582
0.005600779117735884
0.005592379982744455
0.005583824846374491
0.005575113947287754
0.005566247528490902
0.00555722583732872
0.005548049125477208
0.005538717648936574
0.005529231668024083
0.005519591447366799
0.005509797255894203
0.005499849366830684
0.0054897480576879334
0.005479493610257189
0.005469086310601374
0.005458526449047133
0.0054478143201767085
0.005436950222819748
0.005425934460044948
0.0054147673391516165
0.005403449171661093
0.005391980273308045
0.00538036096403169
0.005368591567966846
0.0053566724134349
0.005344603832934643
0.005332386163133006
0.00532001974485566
0.005307504923077499
0.005294842046913048
0.005282031469606681
0.005269073548522813
0.005255968645135892
0.005242717125020339
0.005229319357840343
0.005215775717339548
0.005202086581330627
0.005188252331684747
0.005174273354320921
0.005160150039195217
0.00514588278028992
0.005131471975602509
0.005116918027134563
0.005102221340880563
0.005087382326816543
0.005072401398888678
0.005057278975001704
0.0050420154770073
0.005026611330692291
0.00501106696576678
0.004995382815852169
0.004979559318469049
0.0049635969150250035
0.00494749605080229
0.0049312571749454345
0.004914880740448678
