0.10942774891245508
1001
0.003170888631379016
0.00296647048373324
0.0027620253701106296
0.0025575551525272642
0.002353061693227607
0.0021485468546675606
0.0019440124994975052
0.001739460490545316
0.0015348926907994304
0.0013303109633918443
0.0011257171715812187
0.0009211131787358253
0.0007165008483166495
0.0005118820438603746
0.0003072586289624437
0.00010263246726007094
-0.0001019945775847222
-0.0003066206419020714
-0.0005112438620312431
-0.0007158623743376218
-0.0009204743152296379
-0.0011250778211758178
-0.0013296710287216261
-0.0015342520745065748
-0.0017388190952810879
-0.00194337022792352
-0.0021479036094570973
-0.002352417377066892
-0.0025569096681168093
-0.0027613786201664816
-0.0029658223709883094
-0.0031702390585843566
-0.0033746268212033353
-0.003578983797357565
-0.0037833081258399045
-0.003987597945740689
-0.004191851396464719
-0.004396066617748158
-0.00460024174967553
-0.004804374932696571
-0.005008464307643249
-0.005212508015746627
-0.005416504198653835
-0.005620450998444967
-0.005824346557650025
-0.0060281890192657814
-0.006231976526772761
-0.006435707224152088
-0.006639379255902406
-0.006842990767056819
-0.007046539903199666
-0.007250024810483562
-0.0074534436356461726
-0.007656794526027092
-0.007860075629584792
-0.008063285094913398
-0.008266421071259605
-0.00846948170853951
-0.008672465157355463
-0.008875369569012897
-0.009078193095537214
-0.009280933889690516
-0.009483590104988537
-0.009686159895717365
-0.009888641416950322
-0.010091032824564717
-0.010293332275258651
-0.010495537926567813
-0.010697647936882266
-0.010899660465463184
-0.011101573672459638
-0.01130338571892535
-0.011505094766835446
-0.01170669897910318
-0.011908196519596652
-0.012109585553155559
-0.012310864245607912
-0.012512030763786687
-0.01271308327554655
-0.012914019949780588
-0.013114838956436893
-0.013315538466535286
-0.013516116652183979
-0.013716571686596185
-0.013916901744106758
-0.014117105000188887
-0.01431717963147058
-0.014517123815751414
-0.014716935732019003
-0.014916613560465702
-0.015116155482505072
-0.015315559680788458
-0.01551482433922164
-0.01571394764298125
-0.01591292777853135
-0.016111762933639976
-0.01631045129739557
-0.01650899106022353
-0.016707380413902663
-0.016905617551581684
-0.01710370066779562
-0.017301627958482276
-0.017499397620998686
-0.01769700785413752
-0.017894456858143438
-0.01809174283472955
-0.018288863987093746
-0.018485818519935096
-0.018682604639470152
-0.01887922055344931
-0.01907566447117318
-0.019271934603508782
-0.019468029162905943
-0.01966394636341353
-0.01985968442069571
-0.020055241552048218
-0.02025061597641459
-0.02044580591440235
-0.02064080958829928
-0.02083562522208956
-0.021030251041469935
-0.02122468527386592
-0.02141892614844788
-0.021612971896147234
-0.021806820749672492
-0.02200047094352539
-0.022193920714016973
-0.022387168299283625
-0.022580211939303145
-0.022773049875910747
-0.022965680352815127
-0.023158101615614376
-0.023350311911812013
-0.02354230949083297
-0.023734092604039424
-0.023925659504746878
-0.024117008448239913
-0.02430813769178819
-0.024499045494662284
-0.02468973011814949
-0.02488018982556977
-0.02507042288229146
-0.025260427555747096
-0.025450202115449235
-0.02563974483300615
-0.025829053982137667
-0.026018127838690758
-0.026206964680655347
-0.026395562788179946
-0.026583920443587317
-0.026772035931390176
-0.026959907538306703
-0.027147533553276242
-0.02733491226747484
-0.02752204197433083
-0.02770892096954036
-0.027895547551082915
-0.02808192001923684
-0.028268036676594752
-0.028453895828079126
-0.028639495780957556
-0.02882483484485838
-0.029009911331785862
-0.029194723556135737
-0.02937926983471046
-0.029563548486734557
-0.029747557833870012
-0.029931296200231383
-0.030114761912401238
-0.030297953299445308
-0.030480868692927706
-0.03066350642692614
-0.03084586483804709
-0.03102794226544096
-0.031209737050817157
-0.03139124753845924
-0.03157247207524
-0.03175340901063653
-0.031934056696745164
-0.03211441348829662
-0.03229447774267086
-0.032474247819912136
-0.03265372208274392
-0.03283289889658374
-0.03301177662955815
-0.03319035365251756
-0.03336862833905107
-0.03354659906550127
-0.0337242642109791
-0.033901622157378485
-0.034078671289391196
-0.03425540999452148
-0.0344318366631008
-0.03460794968830244
-0.034783747466156215
-0.034959228395562966
-0.035134390878309295
-0.03530923331908194
-0.035483754125482485
-0.035657951708041744
-0.03583182448023427
-0.036005370858492786
-0.03617858926222268
-0.03635147811381629
-0.03652403583866739
-0.03669626086518543
-0.036868151624809886
-0.03703970655202457
-0.037210924084371856
-0.03738180266246696
-0.03755234073001204
-0.03772253673381051
-0.037892389123781046
-0.03806189635297181
-0.03823105687757449
-0.03839986915693836
-0.038568331653584316
-0.03873644283321892
-0.03890420116474831
-0.03907160512029217
-0.03923865317519766
-0.03940534380805327
-0.03957167550070275
-0.03973764673825882
-0.03990325600911705
-0.04006850180496965
-0.040233382620819116
-0.04039789695499203
-0.04056204330915263
-0.0407258201883166
-0.040889226100864554
-0.041052259558555695
-0.041214919076541345
-0.04137720317337848
-0.0415391103710432
-0.041700639194944225
-0.0418617881739363
-0.04202255584033358
-0.04218294072992306
-0.04234294138197784
-0.042502556339270456
-0.042661784148086176
-0.04282062335823621
-0.04297907252307092
-0.043137130199493015
-0.043294794947970665
-0.04345206533255063
-0.043608939920871385
-0.04376541728417609
-0.043921495997325595
-0.044077174638811514
-0.04423245179076905
-0.044387326038990094
-0.04454179597293585
-0.044695860185749905
-0.04484951727427093
-0.0450027658390455
-0.04515560448434077
-0.04530803181815733
-0.045460046452241755
-0.04561164700209928
-0.04576283208700642
-0.04591360033002358
-0.04606395035800755
-0.046213880801624
-0.046363390295360025
-0.04651247747753651
-0.046661140990320524
-0.04680937947973777
-0.046957191595684865
-0.04710457599194159
-0.04725153132618328
-0.04739805625999287
-0.04754414945887329
-0.047689809592259456
-0.04783503533353042
-0.047979825360021586
-0.048124178353036555
-0.0482680929978593
-0.048411567983766
-0.048554602004037134
-0.04869719375596928
-0.04883934194088695
-0.04898104526415453
-0.049122302435188024
-0.04926311216746671
-0.049403473178545064
-0.049543384190064196
-0.04968284392776375
-0.04982185112149329
-0.04996040450522397
-0.05009850281706012
-0.05023614479925057
-0.05037332919820031
-0.05051005476448175
-0.050646320252846176
-0.050782124422235064
-0.05091746603579141
-0.051052343860870986
-0.05118675666905355
-0.05132070323615403
-0.0514541823422337
-0.05158719277161133
-0.05171973331287413
-0.05185180275888895
-0.05198339990681309
-0.052114523558105474
-0.05224517251853735
-0.05237534559820334
-0.05250504161153214
-0.052634259377297446
-0.05276299771862859
-0.05289125546302136
-0.053019031442348645
-0.053146324492871044
-0.05327313345524749
-0.05339945717454586
-0.053525294500253374
-0.0536506442862872
-0.05377550539100479
-0.05389987667721438
-0.054023757012185314
-0.05414714526765826
-0.054270040319855606
-0.05439244104949173
-0.054514346341782996
-0.05463575508645814
-0.054756666177768254
-0.054877078514496885
-0.05499699099997001
-0.055116402542066185
-0.055235312053226314
-0.05535371845046363
-0.05547162065537357
-0.05558901759414359
-0.05570590819756296
-0.05582229140103246
-0.05593816614457409
-0.05605353137284078
-0.05616838603512592
-0.05628272908537297
-0.056396559482185006
-0.05650987618883423
-0.056622678173271254
-0.05673496440813472
-0.05684673387076055
-0.05695798554319122
-0.057068718412185075
-0.05717893146922565
-0.05728862371053064
-0.05739779413706128
-0.05750644175453128
-0.05761456557341597
-0.057722164608961256
-0.05782923788119262
-0.057935784414924064
-0.05804180323976692
-0.05814729339013883
-0.05825225390527236
-0.05835668382922386
-0.058460582210882225
-0.05856394810397741
-0.058666780567089134
-0.05876907866365552
-0.05887084146198146
-0.05897206803524723
-0.059072757461516946
-0.059172908823746845
-0.059272521209793746
-0.05937159371242331
-0.05947012542931832
-0.05956811546308688
-0.059665562921270614
-0.0597624669163528
-0.05985882656576639
-0.05995464099190219
-0.060049909322116624
-0.060144630688739924
-0.06023880422908396
-0.06033242908544995
-0.060425504405136485
-0.06051802934044719
-0.06061000304869841
-0.060701424692227
-0.06079229343839785
-0.06088260845961149
-0.06097236893331172
-0.061061574041992965
-0.06115022297320783
-0.061238314919574405
-0.061325849078783724
-0.061412824653607034
-0.06149924085190296
-0.06158509688662492
-0.061670391975828076
-0.0617551253426766
-0.0618392962154508
-0.061922903827553895
-0.062005947417519296
-0.062088426229017314
-0.062170339510862246
-0.06225168651701907
-0.06233246650661024
-0.06241267874392257
-0.06249232249841379
-0.0625713970447193
-0.0626499016626587
-0.0627278356372424
-0.06280519825867815
-0.06288198882237746
-0.06295820662896197
-0.06303385098426999
-0.06310892119936266
-0.06318341659053031
-0.06325733647929864
-0.06333068019243494
-0.06340344706195418
-0.0634756364251252
-0.06354724762447655
-0.06361828000780267
-0.06368873292816976
-0.06375860574392168
-0.06382789781868577
-0.06389660852137859
-0.06396473722621189
-0.06403228331269809
-0.06409924616565596
-0.06416562517521633
-0.0642314197368276
-0.06429662925126117
-0.06436125312461703
-0.06442529076832904
-0.06448874159917042
-0.06455160503925893
-0.06461388051606223
-0.0646755674624031
-0.06473666531646449
-0.06479717352179483
-0.06485709152731291
-0.064916418787313
-0.0649751547614698
-0.06503329891484338
-0.06509085071788405
-0.06514780964643714
-0.06520417518174779
-0.06525994681046578
-0.06531512402465
-0.06536970632177329
-0.0654236932047269
-0.06547708418182499
-0.06552987876680925
-0.06558207647885321
-0.0656336768425666
-0.06568467938799981
-0.06573508365064805
-0.06578488917145563
-0.06583409549682014
-0.0658827021785966
-0.06593070877410152
-0.06597811484611689
-0.0660249199628943
-0.06607112369815868
-0.06611672563111236
-0.06616172534643881
-0.06620612243430646
-0.06624991649037236
-0.06629310711578595
-0.06633569391719274
-0.06637767650673769
-0.06641905450206899
-0.06645982752634134
-0.0664999952082195
-0.06653955718188168
-0.06657851308702274
-0.06661686256885768
-0.06665460527812468
-0.06669174087108841
-0.06672826900954305
-0.06676418936081556
-0.06679950159776844
-0.06683420539880291
-0.06686830044786185
-0.06690178643443258
-0.06693466305354966
-0.06696693000579779
-0.06699858699731451
-0.0670296337397928
-0.06706006995048379
-0.06708989535219928
-0.06711910967331432
-0.06714771264776959
-0.06717570401507394
-0.06720308352030674
-0.06722985091412009
-0.06725600595274127
-0.06728154839797475
-0.06730647801720462
-0.06733079458339644
-0.06735449787509955
-0.06737758767644884
-0.06740006377716701
-0.06742192597256617
-0.06744317406355
-0.06746380785661533
-0.06748382716385405
-0.06750323180295477
-0.06752202159720443
-0.06754019637549005
-0.06755775597230015
-0.06757470022772635
-0.06759102898746473
-0.06760674210281736
-0.06762183943069354
-0.06763632083361121
-0.0676501861796981
-0.06766343534269305
-0.06767606820194698
-0.06768808464242419
-0.0676994845547033
-0.06771026783497831
-0.06772043438505938
-0.067729984112374
-0.0677389169299676
-0.0677472327565044
-0.06775493151626828
-0.06776201313916329
-0.06776847756071439
-0.067774324722068
-0.06777955456999259
-0.0677841670568791
-0.06778816214074145
-0.06779153978521682
-0.06779429995956601
-0.06779644263867392
-0.06779796780304938
-0.06779887543882572
-0.06779916553776069
-0.0677988380972366
-0.06779789312026026
-0.06779633061546309
-0.06779415059710092
-0.06779135308505402
-0.06778793810482667
-0.06778390568754715
-0.06777925586996737
-0.06777398869446255
-0.06776810420903084
-0.06776160246729282
-0.06775448352849113
-0.06774674745748983
-0.06773839432477387
-0.06772942420644842
-0.06771983718423817
-0.06770963334548662
-0.06769881278315525
-0.06768737559582272
-0.06767532188768394
-0.06766265176854905
-0.06764936535384262
-0.06763546276460239
-0.06762094412747824
-0.06760580957473114
-0.06759005924423181
-0.06757369327945947
-0.06755671182950061
-0.06753911504904768
-0.06752090309839748
-0.06750207614344986
-0.0674826343557062
-0.06746257791226783
-0.06744190699583434
-0.06742062179470207
-0.06739872250276224
-0.06737620931949931
-0.06735308244998908
-0.06732934210489692
-0.06730498850047566
-0.06728002185856384
-0.06725444240658356
-0.06722825037753848
-0.06720144601001167
-0.06717402954816336
-0.06714600124172886
-0.06711736134601622
-0.06708811012190383
-0.0670582478358382
-0.0670277747598314
-0.06699669117145866
-0.06696499735385578
-0.06693269359571664
-0.06689978019129048
-0.06686625744037929
-0.066832125648335
-0.06679738512605678
-0.06676203618998824
-0.06672607916211436
-0.06668951436995882
-0.06665234214658076
-0.06661456283057197
-0.06657617676605367
-0.06653718430267341
-0.06649758579560186
-0.06645738160552968
-0.06641657209866411
-0.06637515764672569
-0.06633313862694488
-0.06629051542205863
-0.06624728842030686
-0.06620345801542896
-0.06615902460666019
-0.06611398859872805
-0.06606835040184857
-0.06602211043172257
-0.065975269109532
-0.06592782686193592
-0.06587978412106671
-0.06583114132452612
-0.06578189891538132
-0.0657320573421608
-0.06568161705885031
-0.06563057852488878
-0.06557894220516407
-0.06552670857000871
-0.06547387809519577
-0.06542045126193433
-0.06536642855686518
-0.06531181047205648
-0.06525659750499911
-0.0652007901586023
-0.06514438894118897
-0.06508739436649097
-0.06502980695364476
-0.06497162722718627
-0.06491285571704643
-0.06485349295854617
-0.06479353949239164
-0.0647329958646692
-0.06467186262684056
-0.0646101403357376
-0.06454782955355753
-0.0644849308478575
-0.06442144479154961
-0.06435737196289568
-0.06429271294550193
-0.06422746832831365
-0.06416163870560988
-0.06409522467699807
-0.06402822684740843
-0.06396064582708859
-0.06389248223159795
-0.06382373668180216
-0.06375440980386735
-0.06368450222925454
-0.06361401459471379
-0.06354294754227847
-0.06347130171925945
-0.063399077778239
-0.06332627637706516
-0.06325289817884547
-0.06317894385194112
-0.06310441406996074
-0.0630293095117543
-0.06295363086140698
-0.06287737880823287
-0.06280055404676876
-0.06272315727676775
-0.06264518920319286
-0.06256665053621074
-0.06248754199118506
-0.062407864288670074
-0.062327618154403984
-0.062246804319302476
-0.06216542351945188
-0.0620834764961026
-0.0620009639956623
-0.06191788676968912
-0.061834245574884865
-0.06175004117308804
-0.06166527433126698
-0.061579945821512855
-0.06149405642103257
-0.06140760691214179
-0.06132059808225779
-0.06123303072389213
-0.061144905634643726
-0.06105622361719132
-0.06096698547928629
-0.06087719203374537
-0.06078684409844301
-0.06069594249630414
-0.060604488055296654
-0.06051248160842377
-0.0604199239937165
-0.06032681605422604
-0.06023315863801605
-0.060138952598154896
-0.06004419879270806
-0.059948898084730085
-0.059853051342256845
-0.05975665943829764
-0.05965972325082725
-0.05956224366277784
-0.05946422156203107
-0.0593656578414099
-0.05926655339867048
-0.05916690913649397
-0.05906672596247838
-0.058966004789130194
-0.05886474653385624
-0.058762952118955054
-0.05866062247160874
-0.05855775852387443
-0.05845436121267574
-0.05835043147979431
-0.058245970271861285
-0.05814097854034847
-0.05803545724155993
-0.05792940733662308
-0.05782282979148008
-0.05771572557687891
-0.05760809566836458
-0.057499941046270306
-0.05739126269570853
-0.05728206160656185
-0.05717233877347423
-0.05706209519584165
-0.056951331877803366
-0.056840049828232354
-0.056728250060726515
-0.05661593359359911
-0.05650310144986974
-0.05638975465725484
-0.05627589424815847
-0.05616152125966279
-0.05604663673351868
-0.05593124171613627
-0.05581533725857538
-0.05569892441653589
-0.05558200425034826
-0.05546457782496368
-0.05534664620994461
-0.05522821047945482
-0.05510927171224978
-0.05498983099166669
-0.0548698894056147
-0.05474944804656496
-0.05462850801154074
-0.054507070402107366
-0.05438513632436218
-0.0542627068889245
-0.0541397832109255
-0.05401636640999813
-0.05389245761026672
-0.05376805794033697
-0.053643168533285476
-0.05351779052664953
-0.053391925062416766
-0.05326557328701466
-0.053138736351300196
-0.053011415410549344
-0.05288361162444646
-0.052755326157073845
-0.05262656017690108
-0.05249731485677445
-0.05236759137390611
-0.052237390909863526
-0.05210671465055864
-0.05197556378623708
-0.05184393951146728
-0.05171184302512966
-0.05157927553040566
-0.05144623823476694
-0.05131273234996402
-0.05117875909201562
-0.0510443196811974
-0.050909415342030924
-0.05077404730327231
-0.050638216797901446
-0.05050192506311027
-0.050365173340291856
-0.05022796287502891
-0.05009029491708266
-0.049952170720381155
-0.04981359154300809
-0.04967455864719117
-0.04953507329929089
-0.04939513676978867
-0.049254750333275435
-0.04911391526844008
-0.04897263285805772
-0.04883090438897797
-0.04868873115211339
-0.04854611444242753
-0.048403055558923345
-0.04825955580463109
-0.04811561648659679
-0.047971238915870025
-0.047826424407492206
-0.04768117428048439
-0.04753548985783552
-0.04738937246649022
-0.0472428234373367
-0.04709584410519468
-0.04694843580880317
-0.0468005998908084
-0.04665233769775152
-0.04650365058005622
-0.04635453989201672
-0.04620500699178512
-0.046055053241359216
-0.045904680006570074
-0.04575388865706948
-0.04560268056631766
-0.045451057111570534
-0.04529901967386741
-0.045146569638018254
-0.04499370839259111
-0.04484043732989942
-0.044686757845989446
-0.044532671340627425
-0.044378179217286956
-0.044223282883136046
-0.04406798374902457
-0.04391228322947101
-0.04375618274264995
-0.043599683710379006
-0.04344278755810589
-0.043285495714895345
-0.04312780961341626
-0.042969730689928536
-0.04281126038427015
-0.04265240013984376
-0.04249315140360385
-0.04233351562604326
-0.04217349426118034
-0.042013088766545394
-0.04185230060316755
-0.041691131235561424
-0.04152958213171372
-0.041367654763069917
-0.041205350604521
-0.04104267113438972
-0.0408796178344174
-0.040716192189750304
-0.04055239568892618
-0.04038822982386063
-0.04022369608983361
-0.04005879598547567
-0.03989353101275451
-0.03972790267696103
-0.039561912486696
-0.03939556195385586
-0.039228852593619384
-0.0390617859244335
-0.03889436346799973
-0.03872658674926025
-0.03855845729638398
-0.03838997664075264
-0.038221146316946904
-0.03805196786273221
-0.03788244281904513
-0.03771257272997888
-0.03754235914276966
-0.03737180360778212
-0.03720090767849588
-0.03702967291149069
-0.036858100866432666
-0.03668619310606001
-0.036513951196168765
-0.036341376705598366
-0.03616847120621779
-0.035995236272910736
-0.035821673483561633
-0.03564778441904116
-0.03547357066319172
-0.03529903380281333
-0.035124175427648764
-0.03494899713036942
-0.03477350050656052
-0.034597687154707
-0.03442155867617838
-0.034245116675214654
-0.03406836275891143
-0.03389129853720545
-0.033713925622859714
-0.033536245631449024
-0.03335826018134514
-0.033179970893702046
-0.033001379392441146
-0.032822487304236696
-0.032643296258500605
-0.03246380788736799
-0.03228402382568198
-0.03210394571097911
-0.03192357518347421
-0.03174291388604549
-0.031561963464219606
-0.03138072556615681
-0.03119920184263563
-0.031017393947038115
-0.0308353035353347
-0.030652932266069025
-0.030470281800342853
-0.030287353801801135
-0.03010414993661652
-0.029920671873474587
-0.029736921283558225
-0.029552899840532717
-0.029368609220530334
-0.029184051102135268
-0.028999227166367967
-0.02881413909667024
-0.02862878857888965
-0.028443177301264333
-0.028257306954407417
-0.028071179231291897
-0.027884795827234903
-0.027698158439882565
-0.027511268769194238
-0.027324128517427385
-0.027136739389121686
-0.026949103091083833
-0.0267612213323717
-0.02657309582427913
-0.026384728280319986
-0.026196120416212745
-0.026007273949864775
-0.025818190601356886
-0.025628872092927343
-0.02543932014895644
-0.025249536495950773
-0.025059522862527307
-0.024869280979397848
-0.024678812579353206
-0.02448811939724741
-0.024297203169981834
-0.024106065636489624
-0.023914708537719473
-0.023723133616620127
-0.023531342618124316
-0.02333933728913287
-0.023147119378498806
-0.022954690637011617
-0.022762052817380894
-0.022569207674220843
-0.02237615696403389
-0.022182902445194972
-0.02198944587793534
-0.02179578902432663
-0.021601933648264772
-0.02140788151545403
-0.02121363439339063
-0.021019194051347057
-0.020824562260355527
-0.02062974079319234
-0.020434731424361127
-0.02023953593007725
-0.0200441560882514
-0.019848593678473258
-0.01965285048199549
-0.019456928281717564
-0.01926082886216918
-0.019064554009494448
-0.018868105511435217
-0.01867148515731523
-0.01847469473802332
-0.0182777360459976
-0.0180806108752087
-0.017883321021143737
-0.017685868280789812
-0.017488254452617744
-0.01729048133656541
-0.01709255073402184
-0.016894464447810367
-0.0166962242821725
-0.01649783204275108
-0.016299289536574557
-0.01610059857203963
-0.015901760958895627
-0.015702778508227308
-0.015503653032438953
-0.015304386345237465
-0.015104980261615983
-0.01490543659783733
-0.014705757171417498
-0.014505943801109051
-0.014305998306884789
-0.014105922509920706
-0.01390571823257975
-0.013705387298395195
-0.013504931532053977
-0.013304352759379984
-0.01310365280731759
-0.01290283350391495
-0.012701896678307355
-0.01250084416070036
-0.012299677782353639
-0.012098399375563788
-0.011897010773647769
-0.011695513810926424
-0.01149391032270744
