0.1550226442926447
1001
-0.03691776644678465
-0.037114696433195066
-0.03731094788379517
-0.037506517211313914
-0.03770140084094989
-0.037895595210436714
-0.038089096770108036
-0.03828190198296254
-0.0384740073247285
-0.03866540928392823
-0.03885610436194232
-0.03904608907307345
-0.03923535994461028
-0.03942391351689076
-0.039611746343365485
-0.03979885499066058
-0.03998523603864062
-0.040170886080470945
-0.04035580172268009
-0.04053997958522173
-0.04072341630153649
-0.040906108518613434
-0.041088052897051454
-0.041269246111120206
-0.04144968484882091
-0.04162936581194695
-0.04180828571614413
-0.04198644129097068
-0.04216382927995703
-0.042340446440665376
-0.04251628954474894
-0.042691355378010915
-0.042865640740463305
-0.04303914244638537
-0.04321185732438182
-0.04338378221744086
-0.0435549139829918
-0.0437252494929626
-0.04389478563383698
-0.04406351930671133
-0.04423144742735136
-0.04439856692624852
-0.044564874748676035
-0.04473036785474473
-0.04489504321945872
-0.04505889783277055
-0.045221928699636274
-0.04538413284007026
-0.04554550728919954
-0.0457060490973181
-0.04586575532994074
-0.04602462306785675
-0.04618264940718321
-0.04633983145941815
-0.04649616635149327
-0.04665165122582649
-0.04680628324037421
-0.04696005956868317
-0.04711297739994221
-0.04726503393903358
-0.04741622640658408
-0.047566552039015796
-0.04771600808859669
-0.04786459182349077
-0.048012300527808034
-0.04815913150165412
-0.04830508206117967
-0.04845014953862933
-0.04859433128239057
-0.048737624657042115
-0.04888002704340216
-0.04902153583857622
-0.04916214845600463
-0.04930186232550996
-0.04944067489334391
-0.049578583622233996
-0.04971558599142993
-0.0498516794967497
-0.04998686165062537
-0.05012112998214845
-0.050254482037115224
-0.05038691537807142
-0.05051842758435692
-0.05064901625214989
-0.050778678994510815
-0.05090741344142607
-0.05103521723985118
-0.051162088053754017
-0.051288023564157306
-0.05141302146918107
-0.051537079484084765
-0.05166019534130899
-0.0517823667905169
-0.05190359159863543
-0.052023867549896005
-0.05214319244587515
-0.05226156410553457
-0.0523789803652611
-0.052495439078906164
-0.0526109381178251
-0.05272547537091598
-0.05283904874465828
-0.05295165616315107
-0.053063295568150995
-0.053173964919109876
-0.05328366219321209
-0.05339238538541136
-0.05350013250846763
-0.053606901592983175
-0.05371269068743882
-0.053817497858229355
-0.05392132118969911
-0.05402415878417683
-0.054126008762010375
-0.05422686926160121
-0.05432673843943816
-0.05442561447013142
-0.05452349554644567
-0.05462037987933326
-0.054716265697966844
-0.05481115124977174
-0.054905034800458045
-0.05499791463405217
-0.055089789052928384
-0.055180656377839775
-0.05527051494794887
-0.055359363120858124
-0.05544719927263983
-0.055534021797865867
-0.05561982910963701
-0.0557046196396119
-0.05578839183803584
-0.05587114417376901
-0.055952875134314434
-0.05603358322584574
-0.05611326697323431
-0.056191924920076394
-0.05626955562871965
-0.05634615768028941
-0.056421729674714684
-0.05649627023075364
-0.056569777986018976
-0.0566422515970027
-0.05671368973910082
-0.056784091106637395
-0.056853454412888554
-0.05692177839010592
-0.0569890617895398
-0.05705530338146202
-0.05712050195518842
-0.05718465631910092
-0.05724776530066938
-0.05730982774647296
-0.05737084252222125
-0.057430808512774996
-0.05748972462216647
-0.05754758977361945
-0.057604402909569
-0.05766016299168081
-0.05771486900086997
-0.05776851993731987
-0.05782111482050031
-0.057872652689185455
-0.05792313260147142
-0.05797255363479342
-0.05802091488594275
-0.05806821547108322
-0.05811445452576728
-0.05815963120495192
-0.058203744683013973
-0.0582467941537653
-0.058288778830467576
-0.058329697945846554
-0.05836955075210613
-0.05840833652094203
-0.05844605454355509
-0.058482704130664254
-0.05851828461251914
-0.05855279533891228
-0.058586235679190996
-0.05861860502226898
-0.05864990277663738
-0.05868012837037569
-0.05870928125116214
-0.058737360886283826
-0.05876436676264644
-0.05879029838678366
-0.05881515528486608
-0.05883893700271006
-0.05886164310578579
-0.05888327317922545
-0.0589038268278306
-0.058923303676079564
-0.05894170336813418
-0.05895902556784638
-0.05897526995876426
-0.05899043624413791
-0.05900452414692488
-0.05901753340979512
-0.05902946379513577
-0.0590403150850555
-0.05905008708138848
-0.05905877960569795
-0.05906639249927959
-0.05907292562316431
-0.05907837885812086
-0.05908275210465795
-0.059086045283026134
-0.059088258333219214
-0.059089391214975355
-0.05908944390777781
-0.05908841641085532
-0.05908630874318206
-0.05908312094347738
-0.059078853070205065
-0.05907350520157221
-0.05906707743552783
-0.05905956988976114
-0.059050982701699235
-0.05904131602850473
-0.05903057004707283
-0.059018744954028084
-0.05900584096572077
-0.05899185831822301
-0.05897679726732439
-0.058960658088527323
-0.058943441077041955
-0.058925146547780825
-0.05890577483535309
-0.05888532629405842
-0.058863801297880436
-0.058841200240480035
-0.058817523535188036
-0.0587927716149977
-0.058766944932556776
-0.0587400439601593
-0.058712069189736836
-0.058683021132849636
-0.05865290032067714
-0.058621707304008355
-0.05858944265323177
-0.058556106958324916
-0.05852170082884355
-0.058486224893910595
-0.058449679802204564
-0.05841206622194773
-0.058373384840893904
-0.05833363636631585
-0.05829282152499239
-0.058250941063195096
-0.0582079957466746
-0.058163986360646736
-0.058118913709778
-0.05807277861817097
-0.058025581929349215
-0.057977324506241816
-0.0579280072311677
-0.057877631005819385
-0.05782619675124659
-0.05777370540783938
-0.057720157935310906
-0.05766555531268001
-0.0576098985382531
-0.05755318862960614
-0.057495426623565916
-0.05743661357619107
-0.05737675056275288
-0.057315838677715496
-0.05725387903471608
-0.05719087276654425
-0.05712682102512159
-0.05706172498148039
-0.05699558582574239
-0.05692840476709696
-0.05686018303377899
-0.05679092187304643
-0.056720622551157535
-0.056649286353347705
-0.05657691458380592
-0.05650350856565102
-0.05642906964090742
-0.05635359917048062
-0.05627709853413229
-0.0561995691304551
-0.05612101237684714
-0.05604142970948597
-0.05596082258330241
-0.055879192471953935
-0.055796540867797687
-0.0557128692818633
-0.05562817924382514
-0.055542472301974476
-0.05545575002319111
-0.0553680139929147
-0.05527926581511586
-0.05518950711226679
-0.055098739525311594
-0.055006964713636364
-0.054914184355038746
-0.054820400145697334
-0.05472561380014071
-0.05462982705121595
-0.054533041650057075
-0.054435259366053014
-0.054336481986815253
-0.05423671131814513
-0.054135949184000866
-0.0540341974264642
-0.05393145790570672
-0.05382773249995587
-0.05372302310546055
-0.05361733163645661
-0.05351066002513164
-0.05340301022158989
-0.05329438419381638
-0.053184783927641116
-0.05307421142670267
-0.05296266871241161
-0.05285015782391358
-0.052736680818051926
-0.052622239769330184
-0.052506836769874096
-0.05239047392939343
-0.05227315337514335
-0.0521548772518856
-0.0520356477218492
-0.05191546696469105
-0.051794337177455935
-0.051672260574536534
-0.05154923938763274
-0.051425275865711106
-0.051300372274963466
-0.051174530898765724
-0.05104775403763603
-0.050920044009192734
-0.05079140314811196
-0.050661833806085105
-0.050531338351775576
-0.05039991917077579
-0.05026757866556332
-0.050134319255457124
-0.05000014337657328
-0.04986505348178046
-0.04972905204065502
-0.04959214153943599
-0.04945432448097951
-0.0493156033847131
-0.049175980786589725
-0.049035459239041214
-0.048894041310931835
-0.04875172958751116
-0.04860852667036688
-0.048464435177377294
-0.04831945774266334
-0.04817359701654055
-0.04802685566547055
-0.047879236372012295
-0.04773074183477315
-0.04758137476835938
-0.047431137903326676
-0.04728003398613016
-0.04712806577907425
-0.04697523606026206
-0.04682154762354472
-0.046667003278470245
-0.046511605850232215
-0.046355358179618104
-0.046198263122957314
-0.04604032355206909
-0.045881542354209895
-0.045721922432020654
-0.045561466703473726
-0.04540017810181959
-0.04523805957553318
-0.045075114088259934
-0.0449113446187617
-0.044746754160862386
-0.04458134572339295
-0.044415122330136676
-0.044248087019773716
-0.04408024284582562
-0.0439115928765996
-0.043742140195132215
-0.04357188789913325
-0.043400839100928984
-0.043228996927405255
-0.043056364519950395
-0.042882945034397796
-0.04270874164096808
-0.04253375752421131
-0.0423579958829488
-0.04218145993021446
-0.042004152893196214
-0.041826078013176914
-0.041647238545475244
-0.04146763775938599
-0.041287278938120404
-0.041106165378746284
-0.04092430039212748
-0.04074168730286355
-0.04055832944922889
-0.04037423018311175
-0.040189392869953044
-0.040003820888684614
-0.039817517631667666
-0.03963048650463071
-0.03944273092660722
-0.03925425432987321
-0.03906506015988453
-0.03887515187521379
-0.03868453294748716
-0.03849320686132099
-0.038301177114258
-0.038108447216703444
-0.037915020691860785
-0.03772090107566756
-0.0375260919167305
-0.03733059677626069
-0.03713441922800861
-0.036937562858198714
-0.036740031265463866
-0.03654182806077956
-0.03634295686739798
-0.03614342132078167
-0.035943225068537143
-0.035742371770348155
-0.0355408650979089
-0.03533870873485677
-0.03513590637670511
-0.03493246173077561
-0.03472837851613057
-0.03452366046350494
-0.034318311315238
-0.0341123348252051
-0.03390573475874901
-0.033698514892610984
-0.033490679014861816
-0.03328223092483266
-0.03307317443304534
-0.03286351336114295
-0.03265325154181991
-0.03244239281875182
-0.032230941046525345
-0.03201890009056758
-0.031806273827075564
-0.03159306614294534
-0.031379280935700866
-0.031164922113422894
-0.030949993594677306
-0.030734499308443835
-0.03051844319404381
-0.030301829201068557
-0.03008466128930693
-0.02986694342867303
-0.02964867959913361
-0.029429873790635348
-0.029210530003031875
-0.0289906522460107
-0.02877024453901992
-0.02854931091119463
-0.02832785540128347
-0.028105882057574565
-0.02788339493782176
-0.02766039810917027
-0.027436895648082393
-0.027212891640263043
-0.026988390180584923
-0.026763395373013848
-0.026537911330533587
-0.02631194217507081
-0.026085492037419552
-0.025858565057165914
-0.02563116538261219
-0.025403297170701274
-0.025174964586940417
-0.024946171805325195
-0.024716923008263395
-0.02448722238649814
-0.024257074139031626
-0.024026482473048387
-0.02379545160383805
-0.02356398575471868
-0.023332089156959265
-0.02309976604970257
-0.02286702067988757
-0.022633857302171823
-0.022400280178853614
-0.02216629357979432
-0.021931901782339915
-0.021697109071243198
-0.02146191973858526
-0.02122633808369701
-0.02099036841308074
-0.02075401504033113
-0.02051728228605678
-0.02028017447780086
-0.020042695949962202
-0.01980485104371606
-0.019566644106934653
-0.019328079494107885
-0.01908916156626338
-0.0188498946908873
-0.018610283241843936
-0.018370331599296193
-0.01813004414962528
-0.01788942528535065
-0.017648479405049582
-0.01740721091327696
-0.017165624220484562
-0.01692372374294053
-0.016681513902648736
-0.01643899912726762
-0.016196183850029845
-0.01595307250966054
-0.015709669550296713
-0.015465979421405837
-0.015222006577704329
-0.014977755479076456
-0.014733230590492537
-0.014488436381927471
-0.014243377328279013
-0.013998057909285868
-0.013752482609445888
-0.013506655917934188
-0.013260582328520799
-0.013014266339488862
-0.012767712453552236
-0.012520925177773031
-0.012273909023479662
-0.012026668506183827
-0.011779208145498422
-0.011531532465054726
-0.01128364599241967
-0.011035553259013134
-0.010787258800025202
-0.010538767154333063
-0.010290082864418229
-0.010041210476283422
-0.00979215453936934
-0.009542919606471844
-0.00929351023365833
-0.009043930980184706
-0.008794186408412
-0.008544281083722856
-0.008294219574438292
-0.008044006451733865
-0.007793646289556498
-0.00754314366454057
-0.007292503155924355
-0.007041729345466381
-0.006790826817361628
-0.006539800158157638
-0.0062886539566707955
-0.0060373928039024445
-0.005786021292954871
-0.00553454401894736
-0.005282965578932401
-0.005031290571811322
-0.0047795235982504205
-0.004527669260596913
-0.004275732162794645
-0.004023716910300003
-0.0037716281099978498
-0.003519470370116964
-0.0032672483001463773
-0.0030149665107505295
-0.0027626296136852198
-0.002510242221713447
-0.0022578089485208817
-0.002005334408631583
-0.0017528232173237212
-0.0015002799905451886
-0.0012477093448290584
-0.0009951158972095191
-0.0007425042651370229
-0.0004898790663944536
-0.00023724491901212091
0.000015393558816239904
0.0002680317488179271
0.0005206650327260336
0.0007732887923634121
0.0010258984097274038
0.001278489267074171
0.0015310567470030005
0.0017835962325409385
0.002036103107226921
0.0022885727551963334
0.0025410005612653674
0.0027933819110154364
0.003045712190877289
0.0032979867882156713
0.0035502010914133797
0.00380235048995567
0.004054430374514618
0.00430643613703316
0.004558363170809576
0.004810206870581528
0.005061962632610301
0.005313625854765008
0.005565191936606525
0.005816656279471786
0.006068014286557916
0.006319261363005905
0.00657039291598498
0.006821404354776383
0.007072291090857207
0.00732304853798451
0.007573672112278923
0.007824157232308523
0.008074499319172698
0.008324693796585682
0.008574736090960218
0.008824621631491319
0.009074345850239628
0.00932390418221501
0.009573292065460082
0.00982250494113341
0.010071538253593046
0.010320387450479663
0.010569047982799852
0.010817515305009195
0.011065784875095408
0.011313852154661448
0.01156171260900827
0.011809361707217964
0.01205679492223634
0.012304007730955965
0.012550995614298477
0.012797754057297472
0.013044278549181061
0.013290564583454133
0.013536607657980763
0.013782403275066748
0.014027946941541474
0.014273234168840358
0.014518260473086627
0.014763021375173473
0.015007512400845996
0.0152517290807827
0.015495666950677448
0.01573932155132103
0.015982688428682532
0.016225763133990878
0.01646854122381622
0.016711018260150933
0.01695318981049099
0.017195051447916863
0.017436598751174356
0.017677827304755752
0.01791873269898005
0.018159310530073934
0.018399556400252256
0.018639465917798186
0.018879034697143807
0.019118258358949952
0.019357132530186553
0.019595652844212382
0.01983381494085494
0.020071614466490206
0.020309047074122177
0.02054610842346226
0.020782794181008736
0.02101910002012597
0.02125502162112333
0.021490554671334337
0.021725694865195468
0.02196043790432476
0.022194779497600518
0.0224287153612396
0.022662241218875948
0.022895352801638527
0.023128045848229396
0.023360316105001784
0.023592159326037736
0.023823571273225604
0.024054547716337707
0.024285084433107614
0.024515177209307213
0.02474482183882385
0.02497401412373724
0.02520274987439617
0.02543102490949501
0.025658835056150197
0.025886176149976615
0.02611304403516367
0.026339434564551015
0.02656534359970477
0.026790767010992873
0.02701570067766063
0.027240140487906222
0.02746408233895552
0.0276875221371375
0.027910455797958703
0.028132879246178025
0.028354788415881373
0.028576179250555774
0.02879704770316367
0.02901738973621674
0.029237201321849933
0.029456478441894838
0.02967521708795326
0.02989341326147069
0.030111062973808982
0.030328162246319585
0.030544707110416073
0.030760693607646983
0.030976117789767905
0.031190975718813612
0.03140526346717026
0.0316189771176471
0.03183211276354802
0.03204466650874312
0.032256634467739714
0.03246801276575349
0.03267879753877934
0.032888984933661894
0.03309857110816619
0.03330755223104766
0.03351592448212216
0.03372368405233601
0.03393082714383557
0.03413734997003644
0.03434324875569294
0.03454851973696706
0.03475315916149704
0.03495716328846641
0.03516052838867189
0.035363250744591936
0.03556532665045447
0.03576675241230457
0.03596752434807232
0.036167638787639816
0.03636709207290832
0.03656588055786525
0.03676400060865068
0.036961448603623714
0.037158220933429006
0.03735431400106243
0.03754972422193695
0.03774444802394808
0.037938481847539264
0.038131822145766964
0.03832446538436541
0.03851640804181115
0.03870764660938769
0.03889817759124927
0.03908799750448506
0.039277102879182776
0.03946549025849189
0.039653156198687194
0.03984009726923132
0.040026310052837744
0.04021179114553329
0.04039653715672013
0.04058054470923795
0.0407638104394255
0.040946330997182326
0.041128103046029776
0.04130912326317212
0.04148938833955735
0.04166889497993737
0.04184763990292868
0.04202561984107194
0.042202831540891994
0.042379271762957166
0.042554937281938564
0.04272982488666897
0.04290393138020164
0.04307725357986868
0.043249788317339166
0.04342153243867725
0.04359248280439956
0.04376263628953274
0.043931989783670605
0.04410054019103091
0.044268284430512075
0.044435219435749164
0.04460134215517045
0.04476664955205278
0.044931138604577224
0.04509480630588444
0.04525764966412941
0.045419665702536284
0.04558085145945273
0.045741203988404144
0.04590072035814744
0.046059397652724654
0.0462172329715162
0.046374223429293995
0.04653036615627414
0.04668565829816943
0.04684009701624146
0.04699367948735243
0.047146402904017004
0.047298264474453414
0.0474492614226346
0.04759939098833899
0.04774865042720075
0.04789703701076017
0.0480445480265135
0.04819118077796241
0.048336932584663386
0.04848180078227681
0.048625782722615384
0.04876887577369287
0.048911077319772
0.04905238476141231
0.04919279551551772
0.0493323070153837
0.0494709167107442
0.04960862206781831
0.049745420569356553
0.04988130971468685
0.05001628701976032
0.05015035001719653
0.05028349625632882
0.05041572330324899
0.05054702874085176
0.05067741016887894
0.05080686520396341
0.050935391479672645
0.051062986646551865
0.05118964837216719
0.05131537434114807
0.05144016225522974
0.051564009833295184
0.05168691481141683
0.05180887494289802
0.051929887998313884
0.052049951765552244
0.052169064049854115
0.05228722267385365
0.052404425477618
0.052520670318686895
0.05263595507211167
0.05275027763049421
0.05286363590402541
0.05297602782052341
0.05308745132547144
0.05319790438205545
0.053307384971201244
0.05341589109161147
0.05352342075980217
0.05362997201013896
0.05373554289487317
0.053840131484177205
0.05394373586617999
0.05404635414700189
0.05414798445078921
0.05424862491974866
0.05434827371418118
0.054446929012515646
0.05454458901134221
0.05464125192544505
0.05473691598783527
0.05483157944978305
0.05492524058084963
0.055017897668918986
0.0551095490202291
0.05520019295940287
0.05528982782947881
0.05537845199194138
0.05546606382675077
0.05555266173237271
0.055638244125807534
0.05572280944261936
0.055806356136964504
0.05588888268161974
0.055970387568010406
0.05605086930623773
0.05613032642510625
0.056208757472150594
0.05628616101366208
0.05636253563471493
0.056437879939192165
0.05651219254981103
0.05658547210814823
0.056657717274664815
0.05672892672873052
0.056799099168648046
0.05686823331167678
0.056936327894056296
0.057003381671029404
0.05706939341686489
0.057134361924880056
0.057198286007462615
0.057261164496092413
0.05732299624136295
0.05738378011300217
0.05744351499989337
0.057502199810095224
0.057559833470862014
0.057616414928663026
0.05767194314920196
0.05772641711743575
0.05777983583759318
0.05783219833319303
0.05788350364706191
0.05793375084135188
0.057982938997557444
0.058031067216532416
0.05807813461850633
0.05812414034310061
0.05816908354934413
0.05821296341568871
0.058255779140024146
0.05829752993969278
0.0583382150515039
0.058377833731747576
0.0584163852562084
0.058453868920178634
0.05849028403847108
0.058525629945431625
0.0585599059949515
0.058593111560478923
0.05862524603503063
0.05865630883120305
0.0586862993811829
0.05871521713675769
0.05874306156932562
0.05876983216990539
0.058795528449145366
0.05882014993733258
0.058843696184401356
0.05886616675994149
0.058887561253206086
0.058907879273119156
0.0589271204482827
0.05894528442698352
0.058962370877199605
0.05897837948660628
0.05899330996258188
0.05900716203221302
0.05901993544229975
0.05903162995936
0.05904224536963399
0.05905178147908805
0.05906023811341824
0.05906761511805344
0.05907391235815827
0.05907912971863551
0.05908326710412819
0.05908632443902136
0.05908830166744345
0.05908919875326736
0.05908901568011098
0.059087752451337634
0.05908540909005591
0.059081985639119365
0.059077482161125565
0.059071898738415084
0.05906523547306996
0.05905749248691179
0.059048669921499555
0.05903876793812699
0.0590277867178197
0.05901572646133172
0.059002587389142026
0.05898836974145032
0.05897307377817281
0.05895669977893733
0.05893924804307823
0.05892071888963107
0.05890111265732651
0.05888042970458442
0.058858670409507104
0.05883583516987243
0.0588119244031267
0.058786938546376816
0.0587608780563824
0.058733743409547526
0.05870553510191174
0.0586762536491413
0.05864589958651962
0.05861447346893738
0.05858197587088259
0.058548407386429906
0.058513768629229884
0.05847806023249769
0.058441282849001616
0.05840343715105101
0.05836452383048414
0.058324543598655416
0.058283497186422485
0.05824138534413281
0.058198208841609915
0.05815396846813948
0.05810866503245471
0.0580622993627217
0.05801487230652418
0.057966384730848114
0.057916837522065806
0.05786623158591974
0.057814567847505924
0.057761847251257124
0.05770807076092543
0.05765323935956477
0.05759735404951294
0.05754041585237321
0.05748242580899562
0.05742338497945805
