0.12462604737251828
1001
-0.06861189919785962
-0.06840575514730068
-0.06819880287372451
-0.06799104482229114
-0.0677824834476805
-0.06757312121406343
-0.06736296059507271
-0.06715200407377366
-0.06694025414263484
-0.06672771330349866
-0.06651438406755177
-0.06630026895529538
-0.06608537049651543
-0.0658696912302529
-0.06565323370477355
-0.06543600047753796
-0.06521799411517124
-0.06499921719343278
-0.06477967229718576
-0.06455936202036663
-0.06433828896595437
-0.06411645574593988
-0.06389386498129508
-0.06367051930194176
-0.06344642134672078
-0.06322157376336075
-0.06299597920844666
-0.06276964034738867
-0.0625425598543905
-0.06231474041241782
-0.06208618471316662
-0.061856895457031415
-0.06162687535307318
-0.06139612711898756
-0.06116465348107258
-0.060932457174196514
-0.060699540941765585
-0.060465907535691525
-0.060231559716358955
-0.059996500252593024
-0.059760731921626384
-0.059524257509066626
-0.059287079808863226
-0.05904920162327457
-0.05881062576283485
-0.05857135504632088
-0.05833139230071871
-0.05809074036119027
-0.0578494020710399
-0.05760738028168073
-0.05736467785260096
-0.057121297651330116
-0.056877242553405115
-0.056632515442336384
-0.05638711920957365
-0.05614105675447191
-0.055894330984257105
-0.055646944813991746
-0.05539890116654054
-0.0551502029725358
-0.05490085317034286
-0.054650854706025286
-0.05440021053331014
-0.05414892361355305
-0.05389699691570324
-0.053644433416268386
-0.05339123609927951
-0.05313740795625574
-0.052882951986168866
-0.05262787119540802
-0.052372168597744094
-0.05211584721429407
-0.05185891007348548
-0.051601360211020464
-0.051343200669840036
-0.051084434500088004
-0.05082506475907502
-0.05056509451124244
-0.0503045268281261
-0.05004336478832
-0.04978161147743999
-0.04951926998808728
-0.04925634341981186
-0.048992834879076
-0.04872874747921734
-0.04846408434041234
-0.048198848589639263
-0.047933043360641234
-0.04766667179388929
-0.04739973703654521
-0.04713224224242435
-0.04686419057195837
-0.04659558519215796
-0.04632642927657527
-0.046056726005266564
-0.04578647856475461
-0.045515690147990936
-0.04524436395431824
-0.044972503189432515
-0.044700111065345126
-0.04442719080034503
-0.04415374561896054
-0.043879778751921346
-0.043605293436120345
-0.04333029291457536
-0.04305478043639084
-0.04277875925671943
-0.0425022326367236
-0.04222520384353705
-0.041947676150226085
-0.04166965283575101
-0.04139113718492734
-0.041112132488387014
-0.0408326420425395
-0.04055266914953285
-0.04027221711721469
-0.03999128925909316
-0.0397098888942977
-0.03942801934753986
-0.039145683949074146
-0.03886288603465841
-0.038579628945514664
-0.03829591602828951
-0.038011750635014635
-0.03772713612306716
-0.037442075855130014
-0.03715657319915216
-0.03687063152830886
-0.03658425422096178
-0.036297444660619085
-0.03601020623589547
-0.0357225423404721
-0.03543445637305654
-0.03514595173734259
-0.03485703184197005
-0.03456770010048453
-0.034277959931296974
-0.03398781475764337
-0.033697268007544336
-0.03340632311376452
-0.033114983513772116
-0.032823252649698216
-0.03253113396829615
-0.032238630920900735
-0.03194574696338762
-0.03165248555613224
-0.031358850163969096
-0.031064844256150855
-0.030770471306307175
-0.030475734792403796
-0.030180638196701467
-0.029885185005714698
-0.029589378710170672
-0.029293222804967965
-0.028996720789135184
-0.028699876165789756
-0.028402692442096467
-0.028105173129225978
-0.02780732174231347
-0.027509141800416956
-0.027210636826475853
-0.026911810347269284
-0.02661266589337437
-0.026313206999124625
-0.02601343720256805
-0.025713360045425515
-0.025412979073048785
-0.025112297834378655
-0.024811319881902997
-0.02451004877161491
-0.024208488062970546
-0.023906641318847125
-0.023604512105500915
-0.023302103992524924
-0.022999420552806914
-0.02269646536248708
-0.022393242000915782
-0.022089754050611362
-0.02178600509721767
-0.021481998729461837
-0.021177738539111805
-0.020873228120933913
-0.020568471072650397
-0.020263470994896924
-0.019958231491180003
-0.0196527561678345
-0.019347048633980908
-0.019041112501482788
-0.018734951384904084
-0.018428568901466404
-0.0181219686710063
-0.017815154315932467
-0.017508129461183013
-0.017200897734182534
-0.01689346276479935
-0.01658582818530257
-0.01627799763031917
-0.015969974736791077
-0.015661763143932212
-0.015353366493185487
-0.015044788428179698
-0.014736032594686633
-0.01442710264057784
-0.014118002215781668
-0.01380873497224003
-0.013499304563865338
-0.013189714646497302
-0.012879968877859698
-0.012570070917517242
-0.012260024426832281
-0.011949833068921563
-0.011639500508612921
-0.011329030412402057
-0.011018426448409181
-0.010707692286335606
-0.01039683159742053
-0.010085848054397538
-0.009774745331451274
-0.009463527104173978
-0.009152197049522161
-0.00884075884577306
-0.008529216172481258
-0.008217572710435127
-0.007905832141613433
-0.007593998149141762
-0.007282074417249046
-0.006970064631224062
-0.006657972477371793
-0.006345801642969955
-0.006033555816225461
-0.005721238686230753
-0.005408853942920292
-0.0050964052770269275
-0.004783896380038303
-0.00447133094415326
-0.004158712662238187
-0.003846045227783404
-0.0035333323348595816
-0.003220577678073911
-0.0029077849525267056
-0.0025949578537675655
-0.0022821000777517903
-0.001969215320796742
-0.0016563072795380415
-0.001343379650886055
-0.001030436131982137
-0.0007174804201549567
-0.00040451621287676987
-0.00009154720771991764
0.00022142289768717525
0.0005343904057033508
0.0008473516187186176
0.0011603028391977456
0.0014732403697239648
0.0017861605130427667
0.002099059572105306
0.002411933850112412
0.002724779650557965
0.0030375932772728122
0.0033503710344682724
0.0036631092267798713
0.003975804159311036
0.004288452137676577
0.004601049468046592
0.004913592457189848
0.005226077412517651
0.005538500642127289
0.005850858454845688
0.00616314716027315
0.006475363068826696
0.006787502491784048
0.007099561741326762
0.007411537130584071
0.007723424973676435
0.008035221585758983
0.008346923283065097
0.008658526382949939
0.00897002720393396
0.009281422065746421
0.009592707289368728
0.009903879197078191
0.010214934112491138
0.010525868360606537
0.010836678267849405
0.011147360162114177
0.011457910372808104
0.011768325230894579
0.012078601068936535
0.012388734221139732
0.012698721023396184
0.013008557813327161
0.013318240930326856
0.013627766715605305
0.013937131512231712
0.01424633166517774
0.014555363521360616
0.014864223429686288
0.01517290774109257
0.015481412808592198
0.015789734987316083
0.016097870634556165
0.01640581610980859
0.016713567774816723
0.017021121993613986
0.017328475132566957
0.017635623560418246
0.017942563648329423
0.01824929176992389
0.018555804301329637
0.018862097621222165
0.019168168110867242
0.01947401215416357
0.01977962613768566
0.020085006450726414
0.0203901494853398
0.020695051636383445
0.02099970930156133
0.021304118881466265
0.02160827677962241
0.02191217940252778
0.02221582315969678
0.022519204463702477
0.02282231973021909
0.02312516537806428
0.02342773782924147
0.023730033508982222
0.024032048845788183
0.02433378027147371
0.024635224221207615
0.02493637713355551
0.0252372354505218
0.025537795617591792
0.02583805408377359
0.026138007301640086
0.026437651727370975
0.026736983820794414
0.027036000045429026
0.027334696868525566
0.027633070761108765
0.027931118198018936
0.028228835657953595
0.028526219623509225
0.028823266581222584
0.029119973021612483
0.029416335439220995
0.02971235033265514
0.03000801420462794
0.03030332356199998
0.030598274915820588
0.030892864781369
0.031187089678195713
0.031480946130163334
0.03177443066548791
0.032067539816779685
0.03236027012108439
0.03265261811992382
0.032944580359336895
0.03323615338992046
0.033527333766869886
0.033818118050019906
0.034108502803885325
0.03439848459770137
0.0346880600054644
0.03497722560597236
0.03526597798286517
0.03555431372466505
0.03584222942481693
0.03612972168172861
0.03641678709881097
0.03670342228451802
0.03698962385238715
0.03727538842107902
0.037560712614417444
0.037845593061429435
0.03813002639638485
0.03841400925883641
0.038697538293659066
0.0389806101510899
0.03926322148676762
0.03954536896177202
0.03982704924266345
0.04010825900152228
0.04038899491598816
0.04066925366929912
0.04094903195033111
0.04122832645363669
0.041507133879484466
0.04178545093389777
0.042063274328693806
0.042340600781522374
0.0426174270159046
0.04289374976127181
0.043169565753004
0.04344487173246858
0.043719664447058604
0.04399394065023153
0.04426769710154734
0.04454093056670685
0.04481363781759004
0.04508581563229405
0.04535746079517136
0.04562857009686764
0.04589914033435979
0.04616916831099382
0.04643865083652239
0.04670758472714279
0.046975966805534286
0.047243793900895885
0.04751106284898362
0.04777777049214799
0.04804391367937139
0.04830948926630504
0.048574494115306475
0.04883892509547637
0.04910277908269573
0.04936605295966247
0.04962874361592864
0.04989084794793689
0.0501523628590573
0.05041328525962384
0.05067361206697091
0.05093334020546988
0.05119246660656516
0.05145098820881077
0.05170890195790621
0.051966204806732794
0.05222289371538945
0.05247896565122882
0.05273441758889294
0.052989246510348934
0.05324344940492494
0.05349702326934536
0.053749965107766536
0.05400227193181217
0.05425394076060832
0.05450496862081915
0.05475535254668152
0.055005089580040384
0.05525417677038343
0.05550261117487639
0.055750389858397274
0.05599750989357149
0.056243968360806064
0.056489762348324486
0.05673488895220085
0.05697934527639418
0.05722312843278288
0.057466235541198486
0.05770866372945998
0.05795041013340766
0.05819147189693688
0.058431846172031905
0.05867153011879949
0.05891052090550245
0.059148815708593074
0.05938641171274662
0.059623306110894385
0.059859496104257046
0.06009497890237748
0.06032975172315408
0.06056381179287335
0.06079715634624273
0.061029782626423265
0.061261687885062296
0.06149286938232573
0.0617233243869306
0.061953050176177166
0.062182044035981134
0.06241030326090593
0.06263782515419421
0.0628646070278002
0.06309064620242104
0.06331594000752881
0.06354048578140173
0.063764280871156
0.06398732263277672
0.06420960843114935
0.06443113564009094
0.06465190164238088
0.06487190382979208
0.06509113960312153
0.06530960637222136
0.06552730155602902
0.06574422258259811
0.0659603668891286
0.06617573192199708
0.06639031513678717
0.06660411399831914
0.06681712598068035
0.06702934856725469
0.06724077925075261
0.06745141553324051
0.06766125492617049
0.06787029495040943
0.06807853313626858
0.06828596702353258
0.06849259416148855
0.06869841210895512
0.06890341843431114
0.06910761071552443
0.06931098654018053
0.069513543505511
0.06971527921842205
0.06991619129552248
0.07011627736315221
0.07031553505741002
0.0705139620241816
0.07071155591916746
0.07090831440791044
0.07110423516582332
0.07129931587821643
0.07149355424032487
0.07168694795733575
0.07187949474441528
0.07207119232673594
0.07226203843950299
0.07245203082798166
0.07264116724752345
0.07282944546359282
0.07301686325179353
0.07320341839789495
0.07338910869785817
0.07357393195786208
0.07375788599432924
0.0739409686339518
0.07412317771371701
0.07430451108093286
0.07448496659325347
0.07466454211870453
0.07484323553570829
0.07502104473310876
0.07519796761019659
0.07537400207673395
0.07554914605297908
0.07572339746971107
0.07589675426825417
0.07606921440050213
0.07624077582894233
0.07641143652668002
0.07658119447746219
0.07675004767570119
0.07691799412649887
0.07708503184566962
0.0772511588597642
0.07741637320609288
0.07758067293274877
0.07774405609863062
0.07790652077346602
0.07806806503783406
0.078228686983188
0.07838838471187796
0.07854715633717312
0.07870499998328417
0.07886191378538544
0.07901789588963692
0.0791729444532061
0.07932705764428986
0.079480233642136
0.07963247063706473
0.07978376683049035
0.07993412043494195
0.0800835296740851
0.08023199278274243
0.08037950800691465
0.08052607360380126
0.08067168784182115
0.08081634900063298
0.08096005537115561
0.08110280525558819
0.08124459696743033
0.08138542883150189
0.08152529918396283
0.08166420637233295
0.08180214875551126
0.08193912470379548
0.08207513259890126
0.0822101708339813
0.08234423781364428
0.08247733195397376
0.08260945168254695
0.08274059543845312
0.08287076167231226
0.08299994884629316
0.08312815543413173
0.08325537992114902
0.08338162080426893
0.08350687659203629
0.08363114580463418
0.08375442697390163
0.08387671864335079
0.08399801936818423
0.08411832771531201
0.08423764226336859
0.08435596160272964
0.0844732843355286
0.08458960907567335
0.08470493444886253
0.08481925909260159
0.08493258165621932
0.08504490080088321
0.0851562151996158
0.08526652353731011
0.08537582451074519
0.08548411682860152
0.08559139921147631
0.08569767039189853
0.08580292911434405
0.08590717413525023
0.08601040422303083
0.08611261815809045
0.0862138147328389
0.08631399275170563
0.08641315103115367
0.08651128839969374
0.08660840369789793
0.08670449577841366
0.08679956350597696
0.08689360575742604
0.08698662142171454
0.08707860939992461
0.08716956860527993
0.08725949796315847
0.08734839641110537
0.08743626289884529
0.08752309638829486
0.0876088958535751
0.08769366028102332
0.08777738866920524
0.0878600800289267
0.08794173338324554
0.08802234776748295
0.08810192222923495
0.0881804558283836
0.08825794763710818
0.08833439673989607
0.08840980223355364
0.08848416322721682
0.0885574788423617
0.08862974821281497
0.08870097048476393
0.08877114481676684
0.08884027037976272
0.08890834635708106
0.08897537194445172
0.08904134635001423
0.0891062687943271
0.08917013851037724
0.08923295474358886
0.08929471675183243
0.08935542380543347
0.0894150751871811
0.08947367019233655
0.08953120812864157
0.08958768831632648
0.08964311008811822
0.08969747278924829
0.08975077577746043
0.08980301842301834
0.08985420010871283
0.08990432022986948
0.08995337819435542
0.09000137342258667
0.09004830534753472
0.0900941734147333
0.09013897708228502
0.09018271582086772
0.0902253891137406
0.09026699645675057
0.09030753735833792
0.09034701133954245
0.09038541793400878
0.09042275668799217
0.09045902716036361
0.09049422892261527
0.09052836155886541
0.09056142466586334
0.09059341785299418
0.09062434074228345
0.09065419296840155
0.09068297417866819
0.09071068403305628
0.09073732220419625
0.09076288837737971
0.09078738225056325
0.09081080353437201
0.09083315195210312
0.09085442723972881
0.09087462914589976
0.09089375743194798
0.09091181187188951
0.09092879225242723
0.09094469837295335
0.09095953004555174
0.09097328709500017
0.09098596935877248
0.09099757668704024
0.09100810894267482
0.09101756600124875
0.09102594775103745
0.09103325409302027
0.09103948494088192
0.0910446402210133
0.09104871987251244
0.09105172384718521
0.09105365210954591
0.09105450463681768
0.09105428141893271
0.09105298245853256
0.09105060777096773
0.09104715738429792
0.09104263133929145
0.09103702968942479
0.091030352500882
0.09102259985255391
0.09101377183603718
0.09100386855563328
0.09099289012834709
0.09098083668388582
0.09096770836465706
0.09095350532576747
0.0909382277350208
0.0909218757729159
0.09090444963264455
0.09088594952008922
0.0908663756538207
0.09084572826509543
0.09082400759785281
0.09080121390871225
0.09077734746697022
0.09075240855459706
0.09072639746623355
0.09069931450918764
0.09067116000343052
0.09064193428159309
0.09061163768896195
0.09058027058347526
0.0905478333357186
0.09051432632892051
0.09047974995894804
0.09044410463430201
0.09040739077611229
0.09036960881813257
0.09033075920673558
0.09029084240090755
0.0902498588722429
0.09020780910493867
0.09016469359578873
0.09012051285417798
0.09007526740207637
0.09002895777403253
0.08998158451716773
0.08993314819116917
0.0898836493682836
0.08983308863331031
0.08978146658359441
0.08972878382901972
0.08967504099200155
0.08962023870747925
0.08956437762290893
0.08950745839825569
0.08944948170598567
0.08939044823105843
0.08933035867091857
0.0892692137354876
0.08920701414715564
0.08914376064077266
0.08907945396364012
0.08901409487550176
0.08894768414853489
0.08888022256734127
0.08881171092893766
0.08874215004274659
0.08867154073058663
0.08859988382666285
0.08852718017755683
0.0884534306422167
0.08837863609194699
0.08830279741039837
0.08822591549355725
0.08814799124973499
0.08806902559955734
0.08798901947595364
0.08790797382414554
0.08782588960163609
0.0877427677781982
0.08765860933586342
0.08757341526891013
0.08748718658385195
0.08739992429942564
0.0873116294465794
0.08722230306846032
0.08713194622040227
0.08704055996991343
0.0869481453966636
0.0868547035924715
0.08676023566129179
0.08666474271920212
0.08656822589438995
0.08647068632713915
0.0863721251698165
0.08627254358685822
0.08617194275475608
0.08607032386204351
0.08596768810928172
0.08586403670904522
0.08575937088590778
0.0856536918764278
0.08554700092913377
0.08543929930450944
0.08533058827497907
0.08522086912489221
0.0851101431505087
0.08499841165998327
0.08488567597334999
0.08477193742250695
0.08465719735120021
0.08454145711500817
0.08442471808132533
0.08430698162934638
0.08418824915004972
0.08406852204618108
0.083947801732237
0.08382608963444796
0.0837033871907618
0.08357969585082646
0.08345501707597301
0.08332935233919835
0.08320270312514771
0.08307507093009733
0.08294645726193656
0.08281686364015022
0.0826862915958004
0.08255474267150871
0.0824222184214378
0.08228872041127308
0.08215425021820416
0.08201880943090643
0.081882399649522
0.08174502248564097
0.08160667956228235
0.08146737251387492
0.0813271029862378
0.08118587263656118
0.08104368313338661
0.08090053615658736
0.0807564333973485
0.08061137655814692
0.08046536735273141
0.08031840750610209
0.08017049875449032
0.08002164284533801
0.07987184153727703
0.07972109660010848
0.07956940981478168
0.07941678297337326
0.07926321787906579
0.07910871634612668
0.07895328019988673
0.0787969112767184
0.07863961142401418
0.07848138250016488
0.07832222637453763
0.07816214492745356
0.07800114005016602
0.0778392136448379
0.07767636762451914
0.07751260391312442
0.07734792444541015
0.07718233116695175
0.07701582603412058
0.07684841101406095
0.07668008808466671
0.07651085923455817
0.07634072646305802
0.07616969178016858
0.07599775720654726
0.0758249247734831
0.0756511965228726
0.07547657450719576
0.07530106078949175
0.07512465744333441
0.07494736655280795
0.07476919021248225
0.07459013052738814
0.07441018961299237
0.07422936959517283
0.07404767261019343
0.07386510080467858
0.07368165633558824
0.0734973413701921
0.0733121580860442
0.07312610867095695
0.07293919532297559
0.07275142025035197
0.0725627856715187
0.07237329381506266
0.0721829469196988
0.07199174723424388
0.07179969701758944
0.07160679853867567
0.0714130540764642
0.07121846591991136
0.071023036367941
0.07082676772941748
0.07062966232311835
0.07043172247770686
0.07023295053170449
0.07003334883346347
0.06983291974113894
0.06963166562266088
0.06942958885570634
0.06922669182767154
0.06902297693564335
0.068818446586371
0.06861310319623767
0.06840694919123227
0.06819998700692026
0.06799221908841513
0.0677836478903496
0.06757427587684642
0.06736410552148939
0.06715313930729414
0.06694137972667884
0.06672882928143443
0.06651549048269544
0.06630136585091018
0.06608645791581105
0.06587076921638449
0.06565430230084092
0.06543705972658508
0.0652190440601853
0.06500025787734351
0.06478070376286457
0.06456038431062601
0.06433930212354712
0.06411745981355822
0.06389486000157017
0.06367150531744295
0.0634473983999547
0.06322254189677062
0.06299693846441194
0.06277059076822404
0.06254350148234512
0.06231567328967492
0.06208710888184263
0.06185781095917538
0.06162778223066597
0.06139702541394128
0.061165543235230005
0.060933338429330304
0.0607004137395777
0.060466771917812495
0.06023241572434754
0.059997347927935145
0.05976157130573476
0.05952508864328023
0.059287902734446424
0.05905001638141669
0.05881143239464952
0.05857215359284557
0.05833218280291384
0.05809152285993885
0.05785017660714695
0.05760814689587264
0.05736543658552481
0.05712204854355336
0.056877985645414825
0.05663325077453877
0.05638784682229353
0.05614177668795208
0.055895043278657915
0.055647649509390294
0.055399598302930605
0.055150892589826965
0.05490153530836008
0.05465152940450835
0.05440087783191313
0.054149583551844106
0.05389764953316364
0.05364507875229237
0.05339187419317368
0.05313803884723857
0.05288357571337023
0.052628487797868655
0.052372778114415174
0.05211644968403693
0.05185950553507083
0.05160194870312814
0.051343782231058496
0.05108500916891396
0.05082563257391279
0.05056565551040372
0.050305081049829455
0.05004391227069039
0.04978215225850849
0.04951980410579044
0.04925687091199162
0.048993355783478916
0.04872926183349444
0.04846459218211855
0.04819934995623331
