0.1337450264485562
1001
0.048042916990513974
0.048333212270496695
0.04862284997540226
0.04891182616411451
0.049200136904517876
0.0494877782735508
0.04977474635725912
0.050061037250849365
0.05034664705874191
0.05063157189462393
0.05091580788150226
0.05119935115175631
0.05148219784719046
0.051764344119086814
0.05204578612825735
0.0523265200450963
0.05260654204963224
0.05288584833158002
0.05316443509039268
0.05344229853531314
0.05371943488542575
0.05399584036970779
0.05427151122708075
0.054546443706461556
0.054820634066813576
0.055094078577197544
0.05536677351682228
0.055638715175095416
0.055909899851673835
0.056180323856513996
0.05644998350992219
0.05671887514260463
0.0569869950957173
0.05725433972091587
0.05752090538040524
0.05778668844698903
0.058051685304119006
0.05831589234594435
0.058579305977360524
0.05884192261405837
0.059103738682572834
0.05936475062033161
0.05962495487570351
0.05988434790804698
0.06014292618775814
0.060400686196318845
0.06065762442634456
0.06091373738163215
0.061169021577207404
0.0614234735393724
0.061677089805752906
0.061929866925345384
0.06218180145856403
0.06243288997728748
0.06268312906490559
0.06293251531636583
0.06318104533821958
0.06342871574866853
0.0636755231776104
0.063921464266685
0.0641665356693199
0.06441073405077588
0.06465405608819241
0.06489649847063285
0.06513805789912942
0.06537873108672822
0.06561851475853385
0.06585740565175399
0.06609540051574392
0.06633249611205057
0.06656868921445669
0.0668039766090248
0.06703835509414077
0.06727182148055762
0.06750437259143857
0.06773600526240067
0.06796671634155756
0.06819650268956251
0.06842536117965112
0.06865328869768376
0.06888028214218815
0.06910633842440131
0.06933145446831183
0.06955562721070162
0.06977885360118752
0.07000113060226297
0.0702224551893392
0.0704428243507865
0.07066223508797508
0.07088068441531603
0.0710981693603018
0.07131468696354672
0.07153023427882726
0.07174480837312215
0.07195840632665224
0.07217102523292018
0.0723826621987502
0.07259331434432721
0.0728029788032361
0.07301165272250086
0.07321933326262313
0.07342601759762112
0.07363170291506789
0.07383638641612966
0.07404006531560398
0.0742427368419575
0.07444439823736372
0.07464504675774063
0.07484467967278788
0.07504329426602406
0.07524088783482358
0.07543745769045354
0.07563300115811022
0.07582751557695555
0.07602099830015327
0.07621344669490497
0.07640485814248592
0.07659523003828068
0.07678455979181856
0.07697284482680891
0.07716008258117608
0.0773462705070944
0.07753140607102273
0.07771548675373903
0.07789851005037464
0.07808047347044823
0.07826137453789994
0.07844121079112476
0.07861997978300633
0.07879767908095
0.07897430626691614
0.07914985893745281
0.0793243347037287
0.07949773119156546
0.07967004604147011
0.0798412769086671
0.08001142146313024
0.08018047738961438
0.08034844238768692
0.08051531417175918
0.08068109047111736
0.0808457690299536
0.08100934760739655
0.08117182397754194
0.0813331959294828
0.08149346126733968
0.08165261781029035
0.08181066339259958
0.0819675958636486
0.08212341308796438
0.08227811294524862
0.08243169333040672
0.08258415215357631
0.0827354873401557
0.08288569683083225
0.08303477858161012
0.08318273056383842
0.08332955076423854
0.08347523718493166
0.08361978784346598
0.08376320077284359
0.08390547402154731
0.08404660565356721
0.08418659374842699
0.08432543640121008
0.08446313172258557
0.0845996778388339
0.08473507289187246
0.08486931503928066
0.08500240245432526
0.08513433332598504
0.08526510585897554
0.08539471827377335
0.08552316880664058
0.08565045570964865
0.08577657725070205
0.08590153171356213
0.0860253173978702
0.08614793261917089
0.08626937570893488
0.08638964501458174
0.08650873889950235
0.0866266557430812
0.08674339394071842
0.08685895190385164
0.08697332805997758
0.08708652085267346
0.08719852874161822
0.08730935020261336
0.08741898372760383
0.08752742782469847
0.08763468101819033
0.08774074184857665
0.08784560887257897
0.0879492806631625
0.08805175580955567
0.08815303291726935
0.08825311060811573
0.08835198752022719
0.08844966230807473
0.0885461336424863
0.08864140021066495
0.08873546071620661
0.08882831387911781
0.08891995843583304
0.08901039313923198
0.08909961675865641
0.08918762807992706
0.08927442590535999
0.08936000905378305
0.08944437636055184
0.08952752667756554
0.08960945887328271
0.08969017183273642
0.08976966445754965
0.08984793566595013
0.08992498439278503
0.09000080958953557
0.09007541022433121
0.09014878528196366
0.0902209337639008
0.09029185468830013
0.09036154709002227
0.09043001002064396
0.0904972425484711
0.09056324375855136
0.09062801275268657
0.09069154864944512
0.09075385058417362
0.09081491770900918
0.09087474919289042
0.09093334422156911
0.09099070199762112
0.09104682174045732
0.09110170268633422
0.0911553440883642
0.09120774521652601
0.09125890535767425
0.09130882381554951
0.09135749991078759
0.09140493298092876
0.09145112238042688
0.09149606748065814
0.09153976766992952
0.09158222235348729
0.09162343095352495
0.09166339290919115
0.09170210767659738
0.09173957472882524
0.09177579355593372
0.09181076366496611
0.0918444845799567
0.09187695584193724
0.0919081770089432
0.0919381476560198
0.09196686737522784
0.09199433577564911
0.0920205524833918
0.09204551714159562
0.09206922941043658
0.09209168896713169
0.09211289550594323
0.09213284873818316
0.09215154839221666
0.09216899421346623
0.09218518596441491
0.09220012342460955
0.09221380639066391
0.09222623467626126
0.09223740811215701
0.09224732654618115
0.09225598984324
0.09226339788531839
0.09226955057148103
0.09227444781787392
0.09227808955772568
0.09228047574134811
0.09228160633613723
0.09228148132657354
0.09228010071422216
0.09227746451773301
0.09227357277284041
0.0922684255323626
0.09226202286620111
0.09225436486133974
0.09224545162184336
0.09223528326885656
0.09222385994060198
0.09221118179237836
0.0921972489965586
0.0921820617425871
0.09216562023697761
0.09214792470331001
0.09212897538222758
0.09210877253143354
0.09208731642568757
0.09206460735680218
0.09204064563363858
0.09201543158210261
0.09198896554514024
0.09196124788273292
0.09193227897189273
0.09190205920665706
0.09187058899808354
0.09183786877424424
0.09180389898021989
0.09176868007809384
0.09173221254694582
0.09169449688284528
0.09165553359884482
0.09161532322497305
0.0915738663082275
0.0915311634125671
0.09148721511890452
0.09144202202509831
0.09139558474594474
0.0913479039131694
0.09129898017541863
0.09124881419825066
0.0911974066641267
0.09114475827240148
0.09109086973931381
0.09103574179797679
0.09097937519836787
0.09092177070731873
0.09086292910850466
0.09080285120243403
0.0907415378064374
0.09067898975465633
0.09061520789803201
0.0905501931042939
0.09048394625794753
0.09041646826026288
0.09034776002926187
0.09027782249970591
0.0902066566230832
0.0901342633675958
0.09006064371814644
0.08998579867632511
0.08990972926039544
0.0898324365052808
0.0897539214625504
0.0896741852004047
0.08959322880366105
0.08951105337373896
0.089427660028645
0.08934304990295765
0.08925722414781183
0.08917018393088331
0.08908193043637275
0.08899246486498957
0.08890178843393569
0.08880990237688892
0.08871680794398616
0.08862250640180648
0.0885269990333537
0.08843028713803915
0.08833237203166383
0.08823325504640062
0.08813293753077604
0.08803142084965196
0.0879287063842071
0.08782479553191812
0.0877196897065406
0.08761339033808994
0.08750589887282172
0.08739721677321226
0.08728734551793839
0.08717628660185767
0.08706404153598785
0.08695061184748631
0.08683599907962936
0.08672020479179122
0.08660323055942284
0.0864850779740303
0.08636574864315327
0.08624524419034325
0.08612356625514132
0.08600071649305578
0.08587669657553984
0.08575150818996871
0.08562515303961667
0.08549763284363388
0.08536894933702313
0.08523910427061601
0.0851080994110492
0.08497593654074052
0.08484261745786453
0.08470814397632805
0.08457251792574565
0.08443574115141463
0.08429781551428987
0.08415874289095866
0.08401852517361502
0.08387716427003403
0.08373466210354577
0.0835910206130094
0.08344624175278649
0.08330032749271457
0.08315327981808028
0.08300510072959247
0.08285579224335474
0.08270535639083831
0.08255379521885411
0.08240111078952513
0.08224730518025822
0.08209238048371584
0.08193633880778767
0.08177918227556197
0.08162091302529641
0.08146153321038932
0.0813010449993502
0.0811394505757702
0.08097675213829253
0.08081295190058244
0.08064805209129712
0.08048205495405537
0.08031496274740718
0.08014677774480282
0.07997750223456199
0.0798071385198428
0.07963568891861011
0.07946315576360438
0.07928954140230972
0.07911484819692194
0.07893907852431635
0.07876223477601571
0.07858431935815734
0.07840533469146058
0.07822528321119385
0.07804416736714136
0.07786198962356995
0.07767875245919548
0.07749445836714916
0.0773091098549435
0.07712270944443832
0.07693525967180638
0.07674676308749889
0.07655722225621081
0.07636663975684586
0.07617501818248157
0.075982360140334
0.07578866825172201
0.07559394515203198
0.07539819349068166
0.07520141593108422
0.07500361515061198
0.07480479384056006
0.07460495470610964
0.07440410046629126
0.07420223385394771
0.07399935761569702
0.07379547451189487
0.07359058731659725
0.07338469881752245
0.07317781181601342
0.07296992912699946
0.07276105357895794
0.07255118801387589
0.07234033528721136
0.0721284982678543
0.07191567983808783
0.07170188289354892
0.071487110343189
0.07127136510923426
0.07105465012714604
0.07083696834558086
0.07061832272635017
0.07039871624438028
0.0701781518876717
0.06995663265725843
0.06973416156716739
0.06951074164437718
0.06928637592877694
0.06906106747312502
0.0688348193430074
0.06860763461679613
0.06837951638560714
0.0681504677532585
0.06792049183622804
0.06768959176361082
0.06745777067707683
0.06722503173082806
0.06699137809155556
0.0667568129383965
0.06652133946289078
0.06628496086893759
0.06604768037275198
0.06580950120282093
0.06557042659985955
0.06533045981676674
0.06508960411858132
0.06484786278243722
0.06460523909751913
0.06436173636501775
0.06411735789808469
0.06387210702178742
0.0636259870730643
0.0633790014006788
0.06313115336517422
0.06288244633882778
0.06263288370560484
0.062382468861112844
0.06213120521255504
0.0618790961786842
0.061626145189756135
0.061372355687482824
0.06111773112498584
0.06086227496674925
0.06060599068857241
0.060348881777522755
0.06009095173188826
0.05983220406113002
0.05957264228583439
0.05931226993766496
0.05905109055931472
0.058789107704457694
0.05852632493770067
0.05826274583453466
0.057998373981286294
0.057733212975068976
0.05746726642373391
0.057200537945821125
0.05693303117051012
0.05666474973757056
0.05639569729731263
0.056125877510537575
0.05585529404848769
0.05558395059279649
0.05531185083543854
0.055038998478679366
0.05476539723502469
0.05449105082717047
0.0542159629879518
0.05394013746029239
0.05366357799715349
0.05338628836148279
0.053108272326163414
0.0528295336739624
0.05255007619747929
0.052269903699094546
0.05198901999091778
0.05170742889473593
0.051425134241961205
0.05114213987357898
0.05085844964009548
0.05057406740148543
0.05028899702713969
0.05000324239581224
0.049716807395567816
0.04942969592372869
0.04914191188682169
0.0488534592005252
0.04856434178961587
0.048274563587915
0.047984128538235214
0.047693040592326714
0.04740130371082359
0.0471089218631898
0.04681589902766532
0.04652223919121193
0.04622794634945892
0.045933024506648754
0.04563747767558263
0.04534130987756593
0.04504452514235333
0.044747127508094064
0.04444912102127699
0.04415050973667556
0.043851297717292584
0.04355148903430482
0.04325108776700809
0.042950098002761034
0.04264852383693006
0.042346369372833356
0.042043638721685234
0.04174033600254002
0.04143646534223598
0.04113203087533945
0.04082703674408834
0.040521487098335786
0.04021538609549365
0.039908737900476166
0.039601546685643044
0.03929381663074274
0.03898555192285585
0.038676756756337666
0.038367435332761365
0.038057591860860975
0.03774723055647389
0.03743635564248352
0.037124971348762
0.0368130819121124
0.03650069157621129
0.036187804591550875
0.03587442521538119
0.03556055771165217
0.03524620635095569
0.034931375410467286
0.034616069173888236
0.034300291931387
0.033984047979541014
0.03366734162127806
0.03335017716581794
0.033032558928613794
0.0327144912312931
0.03239597840159929
0.03207702477333255
0.031757634686290996
0.03143781248621167
0.031117562524711206
0.03079688915922687
0.03047579675295697
0.03015428967480179
0.029832372299304053
0.029510049006589253
0.029187324182306244
0.028864202217567445
0.02854068750888914
0.02821678445813167
0.027892497472439434
0.027567830964181198
0.02724278935088961
0.026917377055201565
0.02659159850479771
0.02626545813234237
0.025938960375422985
0.025612109676490108
0.025284910482796623
0.024957367246337507
0.024629484423789004
0.024301266476448233
0.02397271787017206
0.023643843075316858
0.023314646566677373
0.022985132823425933
0.022655306329051567
0.022325171571298645
0.0219947330421063
0.021663995237546994
0.021332962657765513
0.021001639806917445
0.02067003119310844
0.020338141328332275
0.020005974728409794
0.019673535912927458
0.019340829405175595
0.019007859732087223
0.018674631424176132
0.01834114901547552
0.01800741704347609
0.017673440049064373
0.017339222576460887
0.017004769173158418
0.016670084389860045
0.016335172780417385
0.016000038901768352
0.015664687313875533
0.01532912257966361
0.014993349264957817
0.014657371938421513
0.014321195171494078
0.013984823538328731
0.013648261615730222
0.013311513983092788
0.012974585222337477
0.01263747991785012
0.012300202656418716
0.01196275802717117
0.011625150621512943
0.011287385033064293
0.01094946585759804
0.010611397692976927
0.0102731851390908
0.009934832797794639
0.009596345272845362
0.00925772716983945
0.008918983096150246
0.008580117660865224
0.008241135474723268
0.007902041150051988
0.007562839300705091
0.007223534541999153
0.006884131490651339
0.006544634764716263
0.0062050489835233655
0.005865378767613823
0.00552562873867792
0.005185803519491896
0.004845907733855259
0.0045059460065279226
0.004165922963167076
0.003825843230264197
0.00348571143508249
0.003145532205593513
0.0028053101704144114
0.0024650499587448634
0.002124756200304179
0.001784433525268095
0.0014440865642061308
0.0011037199480183177
0.0007633383078721803
0.00042294627513986017
0.00008254848133491811
-0.000257850441950447
-0.000598245863108604
-0.0009386331505795302
-0.001279007672913404
-0.0016193647988344841
-0.0019596998973032942
-0.0023000083375800335
-0.0026402854892874487
-0.0029805267224739195
-0.003320727407676558
-0.003660882915983893
-0.00400098861909911
-0.004341039889402962
-0.004681032100016727
-0.005020960624865137
-0.0053608208387393615
-0.005700608117359956
-0.006040317837439649
-0.006379945376746434
-0.006719486114166441
-0.007058935429766688
-0.007398288704857933
-0.007737541322057684
-0.008076688665353028
-0.008415726120163084
-0.008754649073402348
-0.009093452913543026
-0.009432133030677902
-0.009770684816583018
-0.010109103664780647
-0.01044738497060172
-0.010785524131248373
-0.01112351654585684
-0.011461357615559997
-0.011799042743549676
-0.012136567335139703
-0.012473926797827934
-0.012811116541358972
-0.013148131977786767
-0.01348496852153655
-0.013821621589467778
-0.014158086600936223
-0.014494358977856284
-0.014830434144763451
-0.015166307528876304
-0.015501974560159034
-0.01583743067138333
-0.016172671298190663
-0.01650769187915436
-0.016842487855841824
-0.01717705467287644
-0.0175113877779994
-0.01784548262213197
-0.018179334659436934
-0.01851293934738094
-0.018846292146796142
-0.01917938852194177
-0.019512223940566027
-0.019844793873967724
-0.020177093797057944
-0.020509119188421424
-0.020840865530378366
-0.021172328309045682
-0.02150350301439845
-0.021834385140331456
-0.022164970184720224
-0.02249525364948253
-0.02282523104063933
-0.023154897868376264
-0.023484249647104303
-0.02381328189552137
-0.024141990136672765
-0.02447036989801225
-0.0247984167114631
-0.025126126113478562
-0.02545349364510297
-0.02578051485203212
-0.026107185284673973
-0.02643350049820921
-0.026759456052651714
-0.02708504751290896
-0.02741027044884243
-0.027735120435327693
-0.028059593052314844
-0.028383683884888666
-0.028707388523328416
-0.029030702563168146
-0.02935362160525635
-0.029676141255816055
-0.029998257126504526
-0.030319964834472905
-0.030641260002425966
-0.03096213825868152
-0.03128259523723016
-0.031602626577794314
-0.03192222792588785
-0.032241394932875214
-0.03256012325603067
-0.032878408558597236
-0.03319624650984589
-0.033513632785134306
-0.03383056306596598
-0.034147033040048576
-0.03446303840135301
-0.0347785748501717
-0.03509363809317733
-0.03540822384348112
-0.035722327820691305
-0.03603594575097113
-0.03634907336709727
-0.03666170640851772
-0.03697384062140958
-0.03728547175873758
-0.03759659558031129
-0.03790720785284289
-0.03821730435000495
-0.03852688085248788
-0.038835933148057056
-0.039144457031610735
-0.039452448305236726
-0.03975990277826975
-0.04006681626734838
-0.040373184596472045
-0.040679003597057777
-0.040984269107996935
-0.0412889769757119
-0.041593123054212484
-0.04189670320515244
-0.042199713297885695
-0.04250214920952258
-0.0428040068249859
-0.043105282037067025
-0.04340597074648169
-0.04370606886192569
-0.04400557230013094
-0.04430447698592042
-0.044602778852263936
-0.0449004738403338
-0.04519755789955951
-0.04549402698768295
-0.045789877070813736
-0.0460851041234838
-0.04637970412870226
-0.04667367307800999
-0.04696700697153449
-0.047259701818043835
-0.04755175363500116
-0.04784315844861901
-0.04813391229391333
-0.04842401121475728
-0.04871345126393521
-0.04900222850319629
-0.04929033900330825
-0.04957777884411035
-0.049864544114567685
-0.05015063091282328
-0.050436035346251955
-0.050720753531512945
-0.051004781594602915
-0.051288115670908525
-0.05157075190525913
-0.05185268645197914
-0.05213391547494037
-0.052414435147614305
-0.05269424165312415
-0.052973331184296674
-0.0532516999437141
-0.05352934414376572
-0.05380626000669945
-0.054082443764673284
-0.054357891659806507
-0.05463259994423069
-0.054906564880141145
-0.055179782739847194
-0.0554522498058233
-0.055723962370759404
-0.05599491673761159
-0.056265109219652144
-0.05653453614052009
-0.05680319383427077
-0.05707107864542595
-0.057338186929023656
-0.05760451505066743
-0.057870059386576155
-0.05813481632363332
-0.05839878225943587
-0.05866195360234353
-0.05892432677152748
-0.05918589819701929
-0.05944666431975922
-0.059706621591644894
-0.059965766475579496
-0.06022409544551982
-0.060481604986524294
-0.06073829159480101
-0.0609941517777549
-0.061249182054035796
-0.06150337895358551
-0.06175673901768504
-0.06200925879900185
-0.06226093486163647
-0.06251176378116947
-0.06276174214470799
-0.0630108665509322
-0.06325913361014149
-0.06350653994430075
-0.06375308218708613
-0.06399875698393098
-0.06424356099207157
-0.06448749088059237
-0.0647305433304715
-0.06497271503462587
-0.06521400269795614
-0.06545440303739153
-0.06569391278193475
-0.06593252867270617
-0.06617024746298829
-0.06640706591826999
-0.06664298081629029
-0.06687798894708259
-0.06711208711301807
-0.06734527212884922
-0.06757754082175324
-0.06780889003137522
-0.06803931660987107
-0.06826881742195041
-0.06849738934491925
-0.06872502926872241
-0.06895173409598584
-0.06917750074205889
-0.06940232613505616
-0.06962620721589918
-0.06984914093835834
-0.07007112426909413
-0.07029215418769844
-0.07051222768673573
-0.07073134177178392
-0.0709494934614749
-0.07116667978753562
-0.07138289779482787
-0.07159814454138899
-0.0718124170984716
-0.07202571255058351
-0.07223802799552761
-0.07244936054444087
-0.07265970732183433
-0.07286906546563145
-0.07307743212720769
-0.07328480447142892
-0.07349117967669024
-0.0736965549349541
-0.07390092745178865
-0.07410429444640587
-0.0743066531516991
-0.07450800081428106
-0.07470833469452111
-0.07490765206658251
-0.07510595021845949
-0.07530322645201433
-0.07549947808301387
-0.0756947024411662
-0.07588889687015683
-0.07608205872768499
-0.07627418538549943
-0.07646527422943429
-0.07665532265944468
-0.07684432808964195
-0.077032287948329
-0.07721919967803516
-0.07740506073555106
-0.07758986859196321
-0.07777362073268845
-0.07795631465750806
-0.07813794788060185
-0.07831851793058212
-0.07849802235052701
-0.07867645869801407
-0.07885382454515355
-0.07903011747862129
-0.0792053350996918
-0.07937947502427059
-0.07955253488292686
-0.07972451232092553
-0.07989540499825945
-0.08006521058968118
-0.08023392678473461
-0.08040155128778653
-0.08056808181805758
-0.0807335161096536
-0.08089785191159604
-0.08106108698785329
-0.08122321911737031
-0.08138424609409937
-0.08154416572702994
-0.08170297584021838
-0.08186067427281771
-0.08201725887910695
