0.16414162336868263
1001
-0.03481775695647176
-0.034730263432549105
-0.034642058068478615
-0.034553142672167615
-0.034463519066075164
-0.03437318908717475
-0.03428215458691656
-0.034190417431189585
-0.03409797950028337
-0.03400484268884942
-0.03391100890586244
-0.03381648007458116
-0.033721258132508904
-0.03362534503135392
-0.033528742736989324
-0.033431453229412836
-0.0333334785027062
-0.03323482056499427
-0.0331354814384039
-0.03303546315902247
-0.03293476777685614
-0.03283339735578785
-0.03273135397353503
-0.03262863972160694
-0.032525256705261935
-0.032421207043464156
-0.03231649286884021
-0.0322111163276354
-0.03210507957966979
-0.03199838479829386
-0.03189103417034401
-0.031783029896097714
-0.03167437418922847
-0.03156506927676035
-0.031455117399022396
-0.03134452080960271
-0.031233281775302244
-0.03112140257608832
-0.031008885505047965
-0.03089573286834082
-0.030781946985151954
-0.030667530187644253
-0.03055248482091071
-0.030436813242926256
-0.030320517824499505
-0.030203600949224137
-0.030086065013430016
-0.029967912426134145
-0.0298491456089912
-0.029729766996243964
-0.029609779034673406
-0.029489184183548497
-0.029367984914575915
-0.02924618371184924
-0.02912378307179815
-0.029000785503137193
-0.028877193526814376
-0.028753009675959545
-0.02862823649583239
-0.02850287654377035
-0.028376932389136123
-0.02825040661326506
-0.028123301809412252
-0.027995620582699342
-0.027867365550061186
-0.027738539340192155
-0.0276091445934923
-0.02747918396201322
-0.02734866010940373
-0.027217575710855205
-0.02708593345304681
-0.02695373603409042
-0.026820986163475297
-0.026687686562012584
-0.02655383996177953
-0.026419449106063485
-0.026284516749305674
-0.026149045657044775
-0.026013038605860184
-0.02587649838331515
-0.02573942778789963
-0.025601829628972925
-0.025463706726706087
-0.025325061912024157
-0.025185898026548116
-0.02504621792253664
-0.024906024462827664
-0.02476532052077969
-0.024624108980212864
-0.024482392735349967
-0.024340174690756982
-0.02419745776128364
-0.024054244872003645
-0.02391053895815475
-0.023766342965078544
-0.023621659848160153
-0.02347649257276762
-0.023330844114191163
-0.023184717457582153
-0.02303811559789198
-0.022891041539810628
-0.022743498297705115
-0.02259548889555772
-0.022447016366903976
-0.022298083754770534
-0.02214869411161276
-0.021998850499252178
-0.02184855598881378
-0.021697813660662958
-0.02154662660434252
-0.02139499791850922
-0.02124293071087037
-0.021090428098120097
-0.020937493205875447
-0.02078412916861236
-0.020630339129601404
-0.02047612624084338
-0.020321493663004696
-0.02016644456535259
-0.020010982125690194
-0.019855109530291397
-0.019698829973835506
-0.019542146659341834
-0.019385062798104022
-0.01922758160962422
-0.01906970632154707
-0.01891144016959365
-0.01875278639749506
-0.018593748256925988
-0.01843432900743807
-0.018274531916393076
-0.018114360258895918
-0.017953817317727577
-0.017792906383277792
-0.017631630753477644
-0.01746999373373191
-0.0173079986368514
-0.017145648782985006
-0.016982947499551666
-0.016819898121172183
-0.016656503989600856
-0.01649276845365702
-0.0163286948691564
-0.016164286598842323
-0.015999547012316817
-0.015834479485971546
-0.0156690874029186
-0.015503374152921167
-0.015337343132324068
-0.015170997743984147
-0.015004341397200504
-0.01483737750764467
-0.014670109497290537
-0.014502540794344317
-0.014334674833174195
-0.01416651505423997
-0.013998064904022584
-0.013829327834953414
-0.013660307305343587
-0.013491006779313038
-0.013321429726719595
-0.013151579623087765
-0.012981459949537573
-0.012811074192713216
-0.012640425844711565
-0.012469518403010627
-0.012298355370397867
-0.012126940254898407
-0.011955276569703117
-0.011783367833096654
-0.01161121756838531
-0.011438829303824827
-0.011266206572548114
-0.011093352912492745
-0.010920271866328601
-0.010746966981385076
-0.010573441809578553
-0.010399699907339481
-0.010225744835539563
-0.010051580159418736
-0.009877209448512158
-0.009702636276576958
-0.009527864221519073
-0.0093528968653199
-0.009177737793962873
-0.009002390597359976
-0.008826858869278174
-0.008651146207265748
-0.008475256212578578
-0.008299192490106348
-0.008122958648298635
-0.007946558299090948
-0.007769995057830778
-0.0075932725432034005
-0.0074163943771578
-0.007239364184832383
-0.007062185594480693
-0.006884862237397086
-0.00670739774784228
-0.006529795762968851
-0.006352059922746746
-0.006174193869888646
-0.005996201249775304
-0.005818085710380885
-0.005639850902198129
-0.0054615004781636
-0.005283038093582802
-0.005104467406055242
-0.004925792075399492
-0.004747015763578194
-0.004568142134622978
-0.004389174854559385
-0.004210117591331769
-0.004030974014728078
-0.0038517477963046134
-0.0036724426093108953
-0.0034930621286142845
-0.0033136100306246927
-0.003134089993219268
-0.002954505695666963
-0.0027748608185531806
-0.0025951590437043224
-0.0024154040541123412
-0.002235599533859247
-0.0020557491680416166
-0.001875856642695048
-0.0016959256447186342
-0.0015159598617994375
-0.0013359629823368395
-0.0011559386953670222
-0.0009758906904872928
-0.0007958226577805185
-0.0006157382877395209
-0.0004356412711913683
-0.00025553529922177955
-0.00007542406309950207
0.00010468874579937617
0.00028479943606710275
0.0004649043163398161
0.0006449996953733187
0.0008250818821186135
0.001005147185797666
0.0011851919159789233
0.0013652123826530431
0.0015452048963084453
0.0017251657680069873
0.001905091309459507
0.0020849778331014923
0.0022648216521685446
0.0024446190807720335
0.002624366433974595
0.00280406002786562
0.0029836961796368563
0.0031632712076577305
0.003342781431550963
0.0035222231722678503
0.003701592752163788
0.003880886495073524
0.004060100726386622
0.004239231773122651
0.004418275964006549
0.004597229629543793
0.004776089102095668
0.004954850715954387
0.005133510807418235
0.005312065714866632
0.005490511778835215
0.005668845342090785
0.005847062749706301
0.006025160349135768
0.006203134490289095
0.006380981525606892
0.006558697810135218
0.006736279701600312
0.006913723560483207
0.0070910257500943555
0.007268182636648079
0.007445190589337153
0.0076220459804071175
0.007798745185230681
0.007975284582382001
0.008151660553710865
0.008327869484416892
0.008503907763123549
0.00867977178195222
0.008855457936596162
0.009030962626394254
0.009206282254404957
0.009381413227479894
0.009556351956337559
0.009731094855636824
0.009905638344050496
0.010079978844338637
0.010254112783421898
0.010428036592454766
0.010601746706898658
0.010775239566595075
0.010948511615838388
0.011121559303448918
0.011294379082845526
0.011466967412118438
0.01163932075410172
0.011811435576445883
0.011983308351690173
0.012154935557334906
0.012326313675913659
0.012497439195065371
0.012668308607606283
0.012838918411601865
0.013009265110438524
0.013179345212895334
0.013349155233215513
0.01351869169117792
0.013687951112168343
0.01385693002725072
0.01402562497323824
0.014194032492764271
0.014362149134353299
0.014529971452491566
0.014697496007697758
0.014864719366593457
0.015031638101973527
0.015198248792876285
0.015364548024653726
0.015530532389041373
0.01569619848422827
0.015861542914926512
0.016026562292441034
0.01619125323473889
0.016355612366518658
0.01651963631927958
0.016683321731390612
0.016846665248159295
0.017009663521900503
0.017172313212005103
0.017334610985008343
0.017496553514658217
0.017658137481983607
0.01781935957536234
0.017980216490588997
0.018140704930942657
0.01830082160725448
0.01846056323797512
0.018619926549241893
0.01877890827494599
0.0189375051567993
0.019095713944401294
0.019253531395305508
0.01941095427508616
0.019567979357404265
0.019724603424073867
0.019880823265127936
0.020036635678884217
0.020192037472010753
0.020347025459591384
0.020501596465191056
0.02065574732092079
0.020809474867502776
0.020962775954334965
0.021115647439555713
0.021268086190108157
0.021420089081804473
0.021571652999389776
0.021722774836606076
0.02187345149625591
0.02202367989026578
0.022173456939749477
0.022322779575071176
0.02247164473590832
0.022620049371314344
0.02276799043978122
0.022915464909301807
0.023062469757431887
0.023209001971352235
0.02335505854793029
0.023500636493781726
0.023645732825331743
0.023790344568876277
0.02393446876064298
0.024078102446851785
0.024221242683775648
0.024363886537800746
0.02450603108548663
0.02464767341362611
0.024788810619305067
0.02492943980996181
0.025069558103446396
0.02520916262807972
0.02534825052271241
0.025486818936783312
0.025624865030378093
0.025762385974287292
0.025899378950064382
0.026035841150083523
0.02617176977759705
0.026307162046792863
0.026442015182851466
0.026576326422002843
0.026710093011583103
0.026843312210090894
0.02697598128724358
0.02710809752403321
0.027239658212782184
0.027370660657198873
0.027501102172432696
0.027630980085129275
0.027760291733485192
0.027889034467302534
0.02801720564804317
0.028144802648882868
0.028271822854765125
0.028398263662454737
0.028524122480591153
0.028649396729741587
0.02877408384245391
0.028898181263309213
0.029021686448974182
0.029144596868253263
0.029266910002140524
0.029388623343871215
0.029509734398973232
0.0296302406853182
0.029750139733172302
0.02986942908524692
0.02998810629674906
0.03010616893543132
0.030223614581641866
0.030340440828373918
0.030456645281315184
0.030572225558896795
0.03068717929234221
0.03080150412571574
0.03091519771597084
0.031028257732998065
0.031140681859672892
0.03125246779190317
0.03136361323867636
0.03147411592210648
0.03158397357748072
0.03169318395330602
0.03180174481135498
0.03190965392671197
0.03201690908781855
0.03212350809651884
0.03222944876810462
0.03233472893136002
0.03243934642860612
0.032543299115745036
0.03264658486230395
0.03274920155147877
0.03285114708017752
0.032952419359063324
0.03305301631259736
0.03315293587908134
0.0332521760106998
0.033350734673561956
0.03344860984774352
0.03354579952732801
0.03364230172044789
0.03373811444932542
0.03383323575031306
0.03392766367393392
0.03402139628492149
0.03411443166225946
0.03420676789922103
0.03429840310340798
0.03438933539678944
0.034479562915740426
0.03456908381107997
0.03465789624810907
0.03474599840664825
0.0348333884810749
0.034920064680360234
0.03500602522810602
0.03509126836258101
0.035175792336756946
0.0352595954183445
0.035342675889828666
0.03542503204850402
0.03550666220650954
0.03558756469086331
0.03566773784349671
0.0357471800212884
0.03582588959609806
0.035903864954799684
0.03598110449931467
0.0360576066466446
0.03613336982890358
0.03620839249335051
0.03628267310242079
0.036356210133757894
0.03642900208024451
0.03650104745003349
0.03657234476657842
0.036642892568663786
0.03671268941043502
0.03678173386142811
0.03685002450659889
0.03691755994635202
0.03698433879656974
0.03705035968864017
0.037115621269485345
0.03718012220158905
0.03724386116302409
0.03730683684747947
0.03736904796428715
0.03743049323844846
0.03749117141066027
0.0375510812373408
0.03761022149065505
0.03766859095854001
0.0377261884447295
0.03778301276877865
0.0378390627660881
0.03789433728792792
0.037948835201461084
0.038002555389766705
0.0380554967518629
0.03810765820272945
0.0381590386733299
0.038209637110633556
0.038259452477637027
0.03830848375338552
0.03835672993299368
0.03840419002766627
0.03845086306471839
0.03849674808759541
0.038541844155892575
0.03858615034537429
0.03862966574799305
0.038672389471908014
0.03871432064150337
0.03875545839740619
0.03879580189650408
0.03883535031196243
0.03887410283324142
0.03891205866611256
0.03894921703267501
0.03898557717137148
0.03902113833700387
0.03905589980074857
0.039089860850171285
0.03912302078924178
0.039155378938347994
0.0391869346343101
0.03921768723039402
0.03924763609632468
0.03927678061829896
0.03930512019899822
0.03933265425760062
0.039359382229792926
0.03938530356778213
0.039410417740306694
0.03943472423264737
0.039458222546637826
0.039480912200674755
0.03950279272972788
0.03952386368534933
0.03954412463568295
0.03956357516547309
0.039582214876073114
0.039600043385453615
0.03961706032821018
0.03963326535557091
0.039648658135403594
0.03966323835222244
0.03967700570719462
0.03968995991814634
0.03970210071956862
0.039713427862622795
0.03972394111514553
0.03973364026165364
0.039742525103348476
0.039750595458119986
0.039757851160550466
0.039764292061917984
0.03976991803019935
0.03977472895007286
0.039778724722920676
0.0397819052668308
0.0397842705165988
0.03978582042372912
0.039786554956436064
0.03978647409964445
0.03978557785498995
0.03978386624081902
0.039781339292188515
0.03977799706086501
0.0397738396153237
0.039768867040747016
0.039763079439022866
0.039756476928742554
0.03974905964519835
0.03974082774038071
0.039731781382975145
0.03972192075835881
0.03971124606859665
0.03969975753243726
0.03968745538530849
0.03967433987931246
0.03966041128322056
0.03964566988246781
0.03963011597914708
0.03961374989200288
0.039596571956424825
0.039578582524440756
0.03955978196470953
0.03954017066251345
0.03951974901975042
0.03949851745492563
0.039476476403143
0.039453626316096314
0.03942996766205991
0.0394055009258791
0.03938022660896023
0.03935414522926037
0.03932725732127677
0.03929956343603586
0.03927106414108193
0.03924176002046555
0.03921165167473156
0.03918073972090682
0.03914902479248746
0.039116507539426006
0.03908318862811797
0.03904906874138827
0.039014148578477174
0.038978428855025976
0.038941910303062405
0.03890459367098546
0.038866479723550285
0.03882756924185228
0.03878786302331125
0.03874736188165499
0.038706066646902626
0.038663978165347584
0.03862109729954029
0.038577424928270425
0.03853296194654897
0.03848770926558983
0.0384416678127912
0.03839483853171649
0.03834722238207506
0.038298820339702506
0.03824963339654065
0.03819966256061724
0.038148908856025315
0.03809737332290213
0.0380450570174079
0.03799196101170418
0.03793808639393179
0.03788343426818869
0.03782800575450708
0.03777180198883075
0.03771482412299156
0.037657073324686
0.037598550777451084
0.0375392576806403
0.03747919524939889
0.03741836471463894
0.03735676732301422
0.03729440433689461
0.037231277034340225
0.03716738670907517
0.03710273467046119
0.037037322243470595
0.036971150768659304
0.03690422160213927
0.036836536115550725
0.03676809569603402
0.0366989017462013
0.03662895568410765
0.03655825894322205
0.036486812972398065
0.03641461923584408
0.03634167921309332
0.03626799439897352
0.03619356630357632
0.036118396452226254
0.03604248638544955
0.03596583765894251
0.035888451843539663
0.03581033052518155
0.03573147530488223
0.035651887798696456
0.0355715696376866
0.03549052246788914
0.035408747950281
0.03532624776074545
0.03524302359003787
0.03515907714375092
0.03507441014227977
0.03498902432078668
0.03490292142916562
0.03481610323200621
0.03472857150855765
0.03464032805269229
0.034551374672868854
0.03446171319209526
0.03437134544789143
0.034280273292251515
0.034188498591606
0.03409602322678337
0.03400284909297167
0.033908978099679625
0.03381441217069744
0.033719153244057457
0.033623203271994424
0.03352656422090543
0.033429238071309667
0.03333122681780783
0.033232532469041176
0.033133157047650456
0.033033102590234356
0.03293237114730788
0.03283096478326024
0.03272888557631251
0.03262613561847518
0.032522717015505145
0.032418631886862594
0.032313882365667575
0.032208470598656315
0.03210239874613713
0.031995668981946265
0.03188828349340325
0.03178024448126614
0.031671554159686324
0.031562214756163255
0.03145222851149875
0.03134159767975102
0.031230324528188576
0.031118411337243655
0.031005860400465508
0.030892674024473526
0.030778854528909754
0.03066440424639156
0.030549325522463602
0.030433620715550013
0.030317292196905876
0.030200342350568697
0.030082773573309508
0.029964588274583835
0.029845788876482187
0.029726377813680614
0.029606357533390547
0.029485730495308837
0.029364499171567325
0.02924266604668209
0.029120233617502614
0.028997204393160537
0.028873580895018396
0.02874936565661769
0.028624561223627172
0.028499170153790606
0.028373195016874343
0.028246638394614606
0.02811950288066467
0.027991791080541763
0.02786350561157345
0.027734649102844133
0.02760522419514121
0.027475233540900836
0.02734467980415369
0.027213565660470247
0.02708189379690609
0.026949666911946703
0.026816887715452212
0.026683558928601896
0.026549683283838384
0.026415263524811636
0.02628030240632277
0.026144802694267534
0.026008767165579674
0.025872198608174024
0.02573509982088927
0.025597473613430746
0.025459322806312787
0.025320650230800885
0.02518145872885365
0.025041751153064673
0.024901530366603974
0.024760799243159364
0.024619560666877503
0.024477817532304894
0.02433557274432842
0.02419282921811591
0.024049589879056397
0.023905857662700106
0.023761635514698315
0.023616926390743045
0.023471733256506363
0.023326059087579707
0.023179906869412906
0.023033279597252914
0.022886180276082493
0.02273861192055857
0.02259057755495059
0.022442080213078308
0.022293122938249837
0.022143708783199115
0.021993840810023525
0.021843522090120866
0.021692755704126657
0.02154154474185093
0.021389892302214865
0.02123780149318725
0.02108527543172091
0.020932317243688756
0.020778930063819666
0.020625117035634365
0.020470881311380883
0.02031622605197005
0.020161154426910608
0.020005669614244378
0.019849774800481036
0.019693473180532845
0.01953676795764919
0.01937966234335089
0.019222159557364418
0.019064262827555897
0.018905975389864903
0.018747300488238326
0.018588241374563608
0.01842880130860236
0.018268983557923394
0.018108791397835815
0.017948228111321855
0.017787296988969695
0.017626001328905863
0.01746434443672783
0.01730232962543618
0.017139960215366602
0.016977239534122016
0.016814170916504285
0.016650757704445913
0.016487003246941447
0.016322910899979066
0.01615848402647159
0.01599372599618764
0.015828640185682544
0.015663229978229228
0.015497498763748724
0.015331449938740959
0.015165086906214802
0.014998413075618548
0.014831431862770104
0.01466414668978671
0.014496560985015063
0.014328678182960922
0.014160501724218868
0.013992035055401548
0.01382328162906926
0.013654244903659084
0.013484928343414072
0.013315335418312159
0.013145469603995104
0.012975334381697377
0.012804933238174592
0.012634269665632107
0.012463347161653654
0.012292169229129405
0.012120739376184315
0.011949061116106155
0.011777137967273575
0.011604973453084078
0.011432571101881542
0.011259934446884175
0.011087067026112002
0.010913972382314315
0.010740654062897183
0.010567115619850635
0.010393360609675908
0.010219392593312606
0.010045215136065613
0.009870831807532128
0.009696246181528536
0.009521461836017034
0.009346482353032346
0.009171311318608377
0.008995952322704746
0.00882040895913308
0.008644684825483414
0.008468783523050529
0.008292708656760062
0.00811646383509472
0.007940052670020214
0.007763478776911357
0.007586745774477825
0.007409857284690045
0.0072328169327052156
0.007055628346792555
0.006878295158259244
0.006700821001376007
0.006523209513302561
0.0063454643340129764
0.006167589106221324
0.005989587475306764
0.005811463089239064
0.005633219598503646
0.005454860656026806
0.005276389917101123
0.005097811039310106
0.0049191276824534546
0.004740343508472269
0.004561462181373543
0.004382487367155486
0.004203422733732121
0.004024271950858196
0.0038450386900541838
0.003665726624530656
0.0034863394291132356
0.0033068807801673416
0.0031273543555226237
0.002947763834397856
0.002768112897325246
0.0025884052260752802
0.0024086445035811214
0.0022288344138630717
0.0020489786419532457
0.0018690808738199575
0.001689144796292128
0.0015091740969837661
0.0013291724642184844
0.0011491435869537944
0.000969091154705588
0.0007890188574724025
0.0006089303856598924
0.00042882943000523697
0.0002487196815014635
0.00006860483132166923
-0.00011151142925635794
-0.0002916254089260817
-0.0004717334164275741
-0.0006518317606234234
-0.000831916750574301
-0.0010119846956143717
-0.0011920319054273558
-0.0013720546901218223
-0.001552049360306882
-0.00173201222716794
-0.0019119396025421814
-0.0020918277989940837
-0.0022716731298911184
-0.002451471909479217
-0.002631220452958412
-0.0028109150765582894
-0.0029905520976133797
-0.0031701278346388654
-0.0033496386074058034
-0.0035290807370166252
-0.003708450545980663
-0.0038877443582892917
-0.004066958499491376
-0.0042460892967686745
-0.00442513307901088
-0.0046040861768910715
-0.004782944922940869
-0.004961705651625351
-0.005140364699418575
-0.0053189184048784265
-0.005497363108721586
-0.005675695153898797
-0.005853910885669407
-0.006032006651676709
-0.006209978802022534
-0.00638782368934204
-0.006565537668878627
-0.006743117098558448
-0.006920558339065124
-0.007097857753914447
-0.0072750117095286655
-0.007452016575311201
-0.007628868723720851
-0.0078055645303461985
-0.00798210037397999
-0.008158472636693299
-0.008334677703909422
-0.008510711964478397
-0.008686571810750728
-0.008862253638651294
-0.009037753847753465
-0.00921306884135247
-0.00938819502653956
-0.009563128814275429
-0.009737866619463643
-0.009912404861024394
-0.010086739961967657
-0.010260868349466558
-0.010434786454930744
-0.010608490714079237
-0.010781977567013793
-0.010955243458291594
-0.011128284836998212
-0.011301098156820481
-0.01147367987611907
-0.011646026458001007
-0.011818134370392256
-0.011990000086110182
-0.012161620082935594
-0.012332990843685223
-0.012504108856283546
