0.16110196367666998
1001
-0.04598179919137213
-0.045973577805424444
-0.045964448733564076
-0.04595441215624548
-0.045943468271839455
-0.045931617296629146
-0.045918859464805784
-0.045905195028464074
-0.045890624257597205
-0.0458751474400915
-0.04585876488172073
-0.04584147690614007
-0.04582328385487972
-0.04580418608733814
-0.04578418398077494
-0.04576327793030343
-0.045741468348882826
-0.04571875566731009
-0.0456951403342114
-0.04567062281603327
-0.04564520359703343
-0.04561888317927114
-0.0455916620825973
-0.04556354084464427
-0.04553452002081512
-0.04550460018427277
-0.04547378192592858
-0.04544206585443074
-0.045409452596152214
-0.04537594279517836
-0.045341537113294285
-0.045306236229971646
-0.04527004084235534
-0.04523295166524968
-0.04519496943110429
-0.04515609488999963
-0.04511632880963221
-0.045075671975299395
-0.045034125189883915
-0.04499168927383798
-0.04494836506516714
-0.04490415341941365
-0.04485905520963966
-0.04481307132640989
-0.044766202677774106
-0.04471845018924918
-0.044669814803800736
-0.044620297481824674
-0.04456989920112804
-0.04451862095690986
-0.04446646376174137
-0.04441342864554611
-0.04435951665557953
-0.044304728856408335
-0.044249066329889446
-0.04419253017514865
-0.0441351215085589
-0.044076841463718264
-0.04401769119142749
-0.043957671859667403
-0.0438967846535757
-0.043835030775423674
-0.04377241144459236
-0.04370892789754854
-0.04364458138782029
-0.043579373185972235
-0.04351330457958046
-0.043446376873207106
-0.04337859138837455
-0.04330994946353937
-0.04324045245406591
-0.043170101732199484
-0.043098898687039325
-0.0430268447245111
-0.04295394126733919
-0.0428801897550186
-0.042805591643786514
-0.04273014840659355
-0.04265386153307469
-0.04257673252951982
-0.042498762918844066
-0.042419954240557646
-0.042340308050735506
-0.04225982592198663
-0.042178509443422905
-0.042096360220627835
-0.04201337987562474
-0.041929570046844875
-0.0418449323890949
-0.04175946857352433
-0.041673180287592544
-0.041586069235035356
-0.0414981371358315
-0.041409385726168625
-0.041319816758408935
-0.04122943200105474
-0.041138233238713434
-0.04104622227206226
-0.040953400917812806
-0.040859771008675105
-0.040765334393321445
-0.0406700929363499
-0.040574048518247446
-0.04047720303535295
-0.0403795583998196
-0.04028111653957722
-0.04018187939829421
-0.040081848935339115
-0.03998102712574204
-0.03987941596015554
-0.0397770174448154
-0.03967383360150095
-0.03956986646749524
-0.03946511809554474
-0.039359590553818845
-0.03925328592586902
-0.03914620631058769
-0.03903835382216679
-0.03892973059005601
-0.03882033875892075
-0.03871018048859981
-0.03859925795406271
-0.03848757334536675
-0.038375128867613816
-0.03826192674090678
-0.03814796920030572
-0.03803325849578374
-0.0379177968921826
-0.03780158666916797
-0.03768463012118443
-0.03756692955741013
-0.03744848730171131
-0.0373293056925963
-0.037209387083169385
-0.037088733841084374
-0.036967348348497846
-0.036845233002022096
-0.036722390212677834
-0.03659882240584658
-0.036474532021222784
-0.036349521512765645
-0.03622379334865068
-0.03609735001122101
-0.03597019399693824
-0.035842327816333376
-0.035713753993957056
-0.03558447506832981
-0.03545449359189193
-0.035323812130953085
-0.03519243326564161
-0.0350603595898536
-0.034927593711201715
-0.03479413825096364
-0.03465999584403044
-0.03452516913885437
-0.034389660797396734
-0.03425347349507532
-0.034116609920711465
-0.0339790727764771
-0.03384086477784133
-0.033701988653516826
-0.033562447145405974
-0.03342224300854674
-0.03328137901105825
-0.03313985793408618
-0.032997682571747816
-0.032854855731076923
-0.03271138023196826
-0.03256725890712198
-0.03242249460198772
-0.03227709017470828
-0.03213104849606336
-0.03198437244941282
-0.03183706493063974
-0.03168912884809326
-0.03154056712253118
-0.03139138268706224
-0.03124157848708826
-0.031091157480245997
-0.03094012263634874
-0.030788476937327638
-0.030636223377172898
-0.030483364961874638
-0.030329904709363528
-0.03017584564945121
-0.030021190823770562
-0.029865943285715516
-0.029710106100380853
-0.029553682344501706
-0.029396675106392774
-0.02923908748588736
-0.029080922594276196
-0.02892218355424598
-0.02876287349981777
-0.028602995576285067
-0.028442552940151744
-0.028281548759069755
-0.028119986211776495
-0.027957868488032195
-0.027795198788556828
-0.027631980324966963
-0.02746821631971236
-0.027303910006012334
-0.027139064627791955
-0.026973683439617976
-0.026807769706634576
-0.02664132670449895
-0.026474357719316548
-0.02630686604757631
-0.026138854996085478
-0.0259703278819044
-0.025801288032280954
-0.02563173878458497
-0.025461683486242247
-0.025291125494668495
-0.0251200681772031
-0.02494851491104255
-0.024776469083173883
-0.02460393409030767
-0.02443091333881109
-0.024257410244640634
-0.024083428233274626
-0.02390897073964564
-0.0237340412080727
-0.02355864309219324
-0.023382779854894946
-0.023206454968247345
-0.023029671913433365
-0.022852434180680475
-0.022674745269191898
-0.022496608687077438
-0.022318027951284264
-0.022139006587527495
-0.021959548130220566
-0.021779656122405417
-0.02159933411568267
-0.02141858567014133
-0.021237414354288667
-0.021055823744979683
-0.020873817427346477
-0.02069139899472757
-0.020508572048596817
-0.020325340198492442
-0.020141707061945683
-0.01995767626440944
-0.019773251439186647
-0.019588436227358594
-0.01940323427771301
-0.01921764924667198
-0.019031684798219924
-0.018845344603831037
-0.018658632342397036
-0.01847155170015429
-0.018284106370611276
-0.01809630005447552
-0.017908136459580573
-0.017719619300812797
-0.017530752300038064
-0.01734153918602827
-0.017151983694387644
-0.016962089567479136
-0.016771860554350405
-0.01658130041065988
-0.01639041289860259
-0.016199201786835916
-0.016007670850405137
-0.015815823870668946
-0.015623664635224813
-0.01543119693783415
-0.015238424578347459
-0.015045351362629316
-0.0148519811024832
-0.014658317615576292
-0.014464364725364061
-0.014270126261014784
-0.014075606057334007
-0.013880807954688776
-0.013685735798931814
-0.013490393441325637
-0.013294784738466547
-0.013098913552208397
-0.012902783749586456
-0.012706399202740973
-0.012509763788840817
-0.012312881390006893
-0.01211575589323545
-0.011918391190321476
-0.011720791177781752
-0.011522959756777956
-0.011324900833039626
-0.011126618316787166
-0.010928116122654461
-0.010729398169611808
-0.01053046838088832
-0.010331330683894675
-0.01013198901014549
-0.009932447295181647
-0.009732709478492764
-0.00953277950343923
-0.009332661317174511
-0.009132358870567113
-0.008931876118122685
-0.00873121701790584
-0.00853038553146209
-0.00832938562373966
-0.008128221263011118
-0.007926896420795122
-0.007725415071777911
-0.007523781193735045
-0.007321998767452588
-0.007120071776648744
-0.006918004207895126
-0.006715800050538069
-0.006513463296619844
-0.0063109979407998664
-0.006108407980275888
-0.005905697414704972
-0.0057028702461246255
-0.005499930478873748
-0.005296882119513626
-0.0050937291767487415
-0.0048904756613477015
-0.0046871255860641186
-0.004483682965557229
-0.004280151816312784
-0.004076536156563668
-0.0038728400062106576
-0.0036690673867429283
-0.0034652223211587853
-0.0032613088338862353
-0.003057330950703413
-0.0028532926986592814
-0.002649198105993944
-0.0024450512020593187
-0.002240856017239414
-0.002036616582870877
-0.001832336931163348
-0.0016280210951198954
-0.001423673108457372
-0.0012192970055267046
-0.001014896821233505
-0.0008104765909580833
-0.0006060403504760031
-0.0004015921358783514
-0.00019713598349204443
7.324070199852966e-6
0.00021178398863785653
0.0004162397352656198
0.0006206872736097835
0.0008251225673595232
0.0010295415804463988
0.001233940277123808
0.0014383146220468925
0.001642660580352075
0.001846974117736647
0.002051251200538633
0.002255487795816191
0.0024596798714274053
0.0026638233961097184
0.0028679143395597332
0.0030719486725125636
0.0032759223668214943
0.0034798313955374744
0.003683671732988644
0.0038874393548597877
0.004091130238271711
0.00429474036186086
0.004498265705858461
0.004701702252170044
0.004905045984454707
0.005108292888204406
0.005311438950823297
0.005514480161706719
0.005717412512320696
0.005920231996280801
0.006122934609431361
0.006325516349924528
0.006527973218299227
0.006730301217560133
0.006932496353256551
0.007134554633561416
0.007336472069349819
0.007538244674278082
0.007739868464862198
0.007941339460556604
0.008142653683832735
0.00834380716025754
0.008544795918571976
0.008745615990769322
0.008946263412173647
0.009146734221517934
0.009347024461022386
0.00954713017647253
0.009747047417297322
0.00994677223664697
0.010146300691471087
0.010345628842596396
0.010544752754804472
0.010743668496909534
0.010942372141835943
0.011140859766695895
0.011339127452866615
0.011537171286067929
0.011734987356439498
0.011932571758617878
0.012129920591813805
0.012327029959889036
0.012523895971433453
0.012720514739841642
0.012916882383389842
0.01311299502531245
0.013308848793878619
0.013504439822468623
0.013699764249650269
0.013894818219255131
0.01408959788045454
0.014284099387835779
0.014478318901477919
0.014672252587027616
0.014865896615774784
0.015059247164728293
0.015252300416691345
0.015445052560336767
0.015637499790282484
0.015829638307166376
0.016021464317721505
0.01621297403485076
0.016404163677701932
0.016595029471742073
0.01678556764883215
0.016975774447301414
0.017165646112021635
0.0173551788944813
0.01754436905285947
0.01773321285209987
0.01792170656398445
0.018109846467207025
0.01829762884744674
0.01848504999744145
0.018672106217060853
0.018858793813379526
0.019045109100749927
0.019231048400875004
0.019416608042880958
0.019601784363389538
0.019786573706590576
0.019970972424314042
0.02015497687610196
0.020338583429280563
0.020521788459031652
0.02070458834846451
0.020886979488687018
0.021068958278877024
0.021250521126353478
0.021431664446647253
0.021612384663571974
0.021792678209294605
0.021972541524405854
0.02215197105799046
0.022330963267697304
0.02250951461980941
0.022687621589313502
0.022865280659969803
0.023042488324381386
0.023219241084063307
0.023395535449511864
0.023571367940273334
0.023746735085012738
0.0239216334215824
0.0240960594970902
0.024270009867967835
0.024443481100038786
0.024616469768586054
0.024788972458419826
0.024960985763944895
0.025132506289227873
0.025303530648064173
0.025474055464045017
0.025644077370623974
0.02581359301118335
0.025982599039100635
0.026151092117814478
0.026319068920890518
0.0264865261320871
0.02665346044542077
0.02681986856523149
0.026985747206247655
0.02715109309365111
0.02731590296314162
0.02748017356100144
0.027643901644159464
0.027807083980255297
0.027969717347703083
0.02813179853575502
0.028293324344564812
0.028454291585250903
0.02861469707995926
0.0287745376619262
0.028933810175540975
0.029092511476407998
0.02925063843140886
0.029408187918764275
0.029565156828095712
0.02972154206048673
0.029877340528544197
0.030032549156459223
0.03018716488006793
0.030341184646911865
0.030494605416298278
0.030647424159360236
0.030799637859116356
0.03095124351053029
0.031102238120570145
0.03125261870826759
0.0314023823047766
0.03155152595343216
0.03170004670980862
0.031847941641777754
0.031995207829566684
0.03214184236581558
0.03228784235563499
0.032433204916662996
0.03257792717912209
0.03272200628587591
0.032865439392485575
0.033008223667265864
0.0331503562913411
0.03329183445870082
0.03343265537625515
0.03357281626388999
0.0337123143545218
0.033851146894152376
0.03398931114192303
0.034126804370168844
0.034263623864472494
0.0343997669237178
0.03453523086014306
0.03467001299939412
0.03480411068057717
0.034937521256311256
0.03507024209278053
0.03520227056978633
0.035333604080798844
0.035464240033008514
0.035594175847377306
0.03572340895868961
0.03585193681560286
0.03597975688069789
0.0361068666305291
0.03623326355567411
0.03635894516078349
0.03648390896462993
0.036608152500157184
0.0367316733145289
0.03685446896917688
0.03697653703984935
0.037097875116658706
0.037218480804129254
0.03733835172124431
0.03745748550149335
0.037575879792918654
0.037693532258161716
0.037810440574509496
0.03792660243394013
0.03804201554316861
0.038156677623692
0.03827058641183444
0.038383739658791806
0.038496135130676096
0.03860777060855961
0.03871864388851872
0.038828752781677245
0.03893809511424986
0.03904666872758491
0.03915447147820705
0.039261501237859514
0.03936775589354618
0.03947323334757333
0.039577931517590856
0.03968184833663365
0.03978498175316221
0.03988732973110322
0.03998889024988968
0.04008966130450087
0.040189640905501915
0.040288827079083024
0.04038721786709849
0.04048481132710532
0.0405816055324016
0.04067759857206451
0.04077278855098807
0.04086717358992057
0.04096075182550161
0.041053521410298895
0.0411454805128448
0.041236627317672386
0.041326960025351356
0.04141647685252348
0.041505176031937895
0.04159305581248591
0.04168011445923563
0.04176635025346619
0.04185176149270168
0.04193634649074475
0.042020103577709904
0.04210303110005647
0.04218512742062124
0.042266390918650754
0.04234681998983338
0.0424264130463309
0.0425051685168099
0.04258308484647277
0.042660160497088415
0.042736393947022645
0.042811783691268084
0.04288632824147406
0.0429600261259759
0.04303287588982395
0.043104876094812374
0.043176025319507476
0.043246322159275805
0.04331576522631187
0.043384353149665496
0.04345208457526898
0.04351895816596375
0.04358497260152678
0.043650126578696644
0.04371441881119927
0.04377784802977331
0.0438404129821952
0.04390211243330387
0.04396294516502516
0.044022909976395824
0.04408200568358726
0.044140231119928916
0.04419758513593124
0.044254066599308424
0.044309674395000755
0.04436440742519662
0.044418264609354184
0.04447124488422272
0.04452334720386357
0.0445745705396708
0.04462491388039158
0.04467437623214603
0.04472295661844694
0.04477065408021898
0.04481746767581766
0.0448633964810479
0.04490843958918236
0.044952596110979154
0.044995865174699626
0.04503824592612539
0.04507973752857527
0.0451203391629218
0.04516005002760742
0.045198869338660234
0.04523679632970954
0.04527383025200094
0.04530997037441117
0.04534521598346242
0.04537956638333651
0.04541302089588863
0.04544557886066067
0.04547723963489428
0.04550800259354358
0.045537867129287486
0.04556683265254168
0.04559489859147026
0.04562206439199704
0.04564832951781652
0.04567369345040433
0.04569815568902766
0.045721715750755
0.045744373170465764
0.045766127500859385
0.045786978312464234
0.045806925193646
0.04582596775061593
0.0458441056074385
0.04586133840603889
0.045877665806210034
0.04589308748561936
0.04590760313981508
0.045921212482232326
0.04593391524419869
0.04594571117493953
0.04595660004158304
0.04596658162916471
0.04597565574063164
0.045983822196846394
0.0459910808365906
0.04599743151656803
0.046002874111407514
0.04600740851366538
0.046011034633827566
0.046013752400311435
0.04601556175946709
0.04601646267557853
0.0460164551308643
0.046015539125477886
0.04601371467750766
0.04601098182297651
0.04600734061584123
0.04600279112799134
0.0459973334492477
0.04599096768736079
0.045983693968008506
0.04597551243479372
0.045966423249241425
0.04595642659079555
0.045945522656815466
0.045933711662571985
0.04592099384124317
0.045907369443909794
0.04589283873955022
0.04587740201503528
0.04586105957512243
0.04584381174244989
0.04582565885753017
0.045806601278743364
0.04578663938233011
0.04576577356238415
0.04574400423084452
0.045721331817487436
0.04569775676991781
0.04567327955356042
0.04564790065165068
0.04562162056522519
0.04559443981311172
0.04556635893191906
0.045537378476026395
0.04550749901757235
0.045476721146443716
0.0454450454702638
0.04541247261438036
0.04537900322185342
0.04534463795344236
0.04530937748759306
0.04527322252042442
0.04523617376571459
0.04519823195488691
0.04515939783699551
0.04511967217871047
0.04507905576430267
0.04503754939562835
0.04499515389211327
0.0449518700907365
0.04490769884601394
0.04486264102998141
0.04481669753217746
0.04476986925962579
0.044722157136817375
0.04467356210569215
0.04462408512562048
0.0445737271733842
0.044522489243157305
0.04447037234648634
0.04441737751227044
0.044363505786740975
0.044308758233440965
0.04425313593320404
0.04419663998413308
0.04413927150157856
0.04408103161811653
0.044021921483526294
0.04396194226476763
0.043901095145957796
0.043839381328348165
0.04377680203030048
0.04371335848726281
0.04364905195174516
0.043583883693294787
0.04351785499847102
0.043450967170820004
0.043383221530848844
0.043314619415999615
0.043245162180622916
0.04317485119595114
0.043103687850071425
0.04303167354789821
0.04295880971114554
0.042885097778298936
0.0428105392045871
0.04273513546195307
0.042658888039025185
0.04258179844108785
0.042503868190051565
0.04242509882442305
0.04234549189927481
0.04226504898621451
0.04218377167335379
0.04210166156527706
0.04201872028300982
0.041934949463986515
0.04185035076201839
0.04176492584726064
0.04167867640617968
0.041591604141519634
0.041503710772268804
0.04141499803362578
0.04132546767696509
0.0412351214698027
0.04114396119576107
0.041051988654533966
0.04095920566185093
0.04086561404944137
0.04077121566499856
0.04067601237214298
0.04058000605038564
0.040483198595090863
0.04038559191743905
0.040287187944388736
0.04018798861863866
0.04008799589858949
0.03998721175830496
0.03988563818747307
0.0397832771913667
0.03968013079080413
0.03957620102210902
0.03947148993707023
0.03936599960290145
0.03925973210220023
0.03915268953290693
0.03904487400826325
0.038936287656770666
0.038826932622148196
0.038716811063290196
0.03860592515422373
0.03849427708406569
0.03838186905697947
0.03826870329213152
0.03815478202364754
0.03804010750056836
0.0379246819868055
0.037808507761096545
0.03769158711696018
0.03757392236265077
0.03745551582111288
0.037336369829935455
0.03721648674130563
0.03709586892196223
0.03697451875314917
0.03685243863056839
0.03672963096433249
0.03660609817891719
0.036481842713113576
0.03635686701997981
0.03623117356679271
0.03610476483499914
0.03597764332016695
0.035849811531935755
0.03572127199396728
0.03559202724389562
0.03546207983327723
0.03533143232754032
0.03520008730593447
0.03506804736147949
0.034935315100914396
0.034801893144645844
0.03466778412669634
0.03453299069465252
0.034397515509612495
0.034261361246133624
0.034124530592179535
0.03398702624906721
0.03384885093141345
0.03371000736708145
0.03357049829712691
0.03343032647574384
0.03328949467021035
0.0331480056608338
0.033005862240896196
0.032863067216598714
0.032719623407006494
0.032575533643993064
0.03243080077218418
0.03228542764890194
0.03213941714410812
0.03199277214034775
0.03184549553269206
0.031697590228681294
0.03154905914826752
0.031399905223756686
0.03125013139975105
0.031099740633090657
0.03094873589279549
0.030797120160006318
0.030644896427926137
0.030492067701761095
0.03033863699866096
0.030184607347659827
0.03002998178961607
0.029874763377152516
0.02971895517459599
0.02956256025791689
0.029405581714668574
0.029248022643926275
0.02908988615622594
0.02893117537350278
0.02877189342902983
0.02861204346735582
0.028451628644243308
0.02829065212660631
0.028129117092447663
0.02796702673079651
0.0278043842416452
0.027641192835886053
0.02747745573524818
0.027313176172233607
0.027148357390053772
0.026983002642565156
0.026817115194205356
0.02665069831992846
0.02648375530514034
0.026316289445634116
0.02614830404752459
0.025979802427183455
0.025810787911173496
0.02564126383618305
0.025471233548960144
0.025300700406246414
0.025129667774710842
0.02495813903088313
0.02478611756108737
0.024613606761374827
0.024440610037457195
0.0242671308046392
0.02409317248775115
0.023918738521081447
0.02374383234830874
0.023568457422433856
0.02339261720571167
0.023216315169582887
0.023039554794605354
0.022862339570385307
0.022684672995508765
0.022506558577472045
0.02232799983261288
0.02214900028604074
0.021969563471567487
0.021789692931637326
0.02160939221725713
0.02142866488792622
0.021247514511566
0.021065944664449752
0.020883958931131773
0.020701560904376855
0.020518754185089114
0.020335542382241067
0.02015192911280248
0.01996791800166863
0.019783512681588997
0.01959871679309545
0.01941353398443053
0.01922796791147514
0.019042022237676617
0.018855700633976454
0.018669006778737455
0.018481944357671566
0.018294517063766745
0.01810672859721438
0.017918582665335924
0.01773008298251001
0.017541233270098815
0.01735203725637488
0.017162498676447365
0.0169726212721882
0.016782408792158497
0.016591864991534228
0.01640099363203236
0.01620979848183644
0.016018283315522276
0.0158264519139833
0.015634308064356037
0.01544185555994539
0.01524909820014955
0.015056039790385214
0.014862684142012316
0.014669035072258845
0.014475096404145477
0.01428087196641002
0.014086365593431913
0.013891581125156567
0.013696522407019473
0.013501193289870348
0.013305597629896955
0.01310973928854927
0.012913622132462943
0.012717250033383094
0.012520626868087964
0.012323756518312252
0.012126642870670525
0.011929289816580526
0.011731701252186194
0.011533881078281023
0.011335833200230775
0.011137561527896493
0.010939069975557403
0.01074036246183351
0.010541442909608291
