0.08511047137635394
1001
-0.012451827923402634
-0.012412633350046184
-0.01237337034076861
-0.012334039112031391
-0.012294639880672137
-0.012255172863903346
-0.012215638279311212
-0.012176036344854452
-0.012136367278863044
-0.012096631300037082
-0.012056828627445513
-0.012016959480524971
-0.011977024079078535
-0.011937022643274524
-0.011896955393645287
-0.011856822551085971
-0.01181662433685331
-0.011776360972564391
-0.011736032680195447
-0.01169563968208061
-0.011655182200910713
-0.01161466045973201
-0.011574074681944992
-0.01153342509130313
-0.01149271191191164
-0.011451935368226241
-0.01141109568505193
-0.01137019308754173
-0.011329227801195435
-0.011288200051858379
-0.011247110065720193
-0.011205958069313538
-0.011164744289512864
-0.011123468953533147
-0.01108213228892866
-0.011040734523591684
-0.010999275885751256
-0.010957756603971924
-0.010916176907152473
-0.01087453702452466
-0.010832837185651954
-0.010791077620428254
-0.010749258559076635
-0.010707380232148078
-0.010665442870520169
-0.010623446705395855
-0.010581391968302154
-0.01053927889108888
-0.010497107705927352
-0.010454878645309125
-0.010412591942044693
-0.010370247829262212
-0.010327846540406221
-0.010285388309236332
-0.010242873369825949
-0.010200301956560973
-0.01015767430413852
-0.010114990647565606
-0.010072251222157857
-0.010029456263538218
-0.009986606007635639
-0.009943700690683777
-0.009900740549219692
-0.009857725820082536
-0.00981465674041226
-0.009771533547648285
-0.009728356479528202
-0.00968512577408646
-0.009641841669653043
-0.009598504404852165
-0.009555114218600946
-0.009511671350108093
-0.00946817603887258
-0.009424628524682318
-0.00938102904761286
-0.009337377848026029
-0.009293675166568639
-0.00924992124417112
-0.009206116322046239
-0.009162260641687712
-0.009118354444868916
-0.009074397973641542
-0.009030391470334237
-0.008986335177551296
-0.008942229338171313
-0.00889807419534582
-0.008853869992497987
-0.00880961697332123
-0.0087653153817779
-0.008720965462097928
-0.008676567458777469
-0.008632121616577558
-0.008587628180522755
-0.008543087395899804
-0.008498499508256268
-0.008453864763399172
-0.008409183407393658
-0.008364455686561606
-0.008319681847480307
-0.008274862136981071
-0.008229996802147874
-0.008185086090316011
-0.008140130249070699
-0.008095129526245743
-0.008050084169922141
-0.008004994428426745
-0.007959860550330846
-0.007914682784448852
-0.007869461379836889
-0.007824196585791416
-0.007778888651847874
-0.007733537827779294
-0.007688144363594921
-0.007642708509538836
-0.007597230516088572
-0.00755171063395374
-0.0075061491140746344
-0.007460546207620852
-0.007414902165989918
-0.0073692172408058735
-0.007323491683917908
-0.007277725747398965
-0.007231919683544351
-0.0071860737448703315
-0.007140188184112761
-0.007094263254225668
-0.007048299208379866
-0.007002296299961561
-0.006956254782570946
-0.006910174910020805
-0.006864056936335127
-0.0068179011157476635
-0.006771707702700577
-0.006725476951842996
-0.00667920911802964
-0.006632904456319396
-0.00658656322197391
-0.006540185670456191
-0.006493772057429192
-0.006447322638754404
-0.006400837670490444
-0.006354317408891635
-0.006307762110406604
-0.006261172031676866
-0.0062145474295353985
-0.006167888561005222
-0.006121195683298006
-0.006074469053812627
-0.00602770893013376
-0.005980915570030444
-0.005934089231454678
-0.00588723017253999
-0.005840338651600006
-0.005793414927127044
-0.005746459257790661
-0.0056994719024362475
-0.005652453120083605
-0.005605403169925483
-0.005558322311326196
-0.005511210803820145
-0.005464068907110435
-0.0054168968810674005
-0.005369694985727185
-0.005322463481290329
-0.005275202628120304
-0.005227912686742091
-0.005180593917840746
-0.005133246582259949
-0.005085870941000585
-0.005038467255219289
-0.004991035786227006
-0.004943576795487561
-0.004896090544616214
-0.004848577295378199
-0.004801037309687307
-0.004753470849604426
-0.004705878177336101
-0.004658259555233079
-0.004610615245788878
-0.004562945511638323
-0.0045152506155561175
-0.0044675308204553624
-0.004419786389386147
-0.004372017585534065
-0.004324224672218772
-0.004276407912892554
-0.004228567571138835
-0.004180703910670771
-0.004132817195329742
-0.004084907689083949
-0.0040369756560269315
-0.003989021360376102
-0.003941045066471316
-0.003893047038773395
-0.003845027541862671
-0.0037969868404375364
-0.003748925199312972
-0.003700842883419097
-0.0036527401577997063
-0.003604617287610804
-0.0035564745381191404
-0.0035083121747007616
-0.0034601304628395346
-0.0034119296681256865
-0.00336371005625434
-0.0033154718930240557
-0.003267215444335347
-0.0032189409761892423
-0.0031706487546857903
-0.0031223390460226176
-0.0030740121164934374
-0.003025668232486595
-0.0029773076604836138
-0.002928930667057686
-0.002880537518872242
-0.0028321284826794647
-0.0027837038253188053
-0.0027352638137155454
-0.0026868087148792853
-0.0026383387959025115
-0.002589854323959094
-0.00254135556630283
-0.002492842790265957
-0.002444316263257694
-0.0023957762527627656
-0.0023472230263399093
-0.0022986568516204253
-0.0022500779963066805
-0.002201486728170654
-0.0021528833150524273
-0.0021042680248587564
-0.002055641125561544
-0.002007002885196405
-0.0019583535718611504
-0.0019096934537143468
-0.001861022798973812
-0.0018123418759151467
-0.001763650952870255
-0.0017149502982258546
-0.001666240180422019
-0.0016175208679506884
-0.0015687926293541754
-0.0015200557332236948
-0.001471310448197901
-0.001422557042961378
-0.0013737957862431736
-0.0013250269468153193
-0.001276250793491341
-0.0012274675951247874
-0.0011786776206077361
-0.001129881138869326
-0.0010810784188742624
-0.0010322697296213277
-0.0009834553401419366
-0.000934635519498603
-0.0008858105367834891
-0.0008369806611169186
-0.0007881461616458782
-0.0007393073075425594
-0.0006904643680028486
-0.0006416176122448566
-0.0005927673095074413
-0.0005439137290486996
-0.0004950571401445204
-0.0004461978120870652
-0.00039733601418330224
-0.000348472015753518
-0.00029960608612983775
-0.00025073849465473153
-0.0002018695106795398
-0.00015299940356298136
-0.00010412844266966651
-0.00005525689736863102
-6.385037031829022e-6
0.00004248686896734136
0.00009135855125552345
0.00014022974046087896
0.00018910016721459085
0.00023796956215233047
0.00028683765591575153
0.0003357041791539604
0.0003845688625250355
0.0004334314366974623
0.0004822916323516525
0.000531149180181425
0.0005800038108954708
0.0006288552552188577
0.0006777032438945068
0.000726547507684674
0.000775387777372432
0.0008242237837631566
0.0008730552576860169
0.0009218819299954496
0.0009707035315726387
0.0010195197933270167
0.0010683304461977221
0.0011171352211551086
0.0011659338492022026
0.0012147260613761988
0.0012635115887499522
0.0013122901624334248
0.0013610615135752182
0.001409825373364008
0.0014585814730300572
0.0015073295438466714
0.0015560693171317013
0.0016048005242490146
0.0016535228966099841
0.001702236165674929
0.0017509400629546648
0.0017996343200119224
0.0018483186684628437
0.0018969928399784719
0.001945656566286232
0.0019943095791713863
0.002042951610478524
0.002091582392113047
0.00214020165604265
0.0021888091342987734
0.002237404558978084
0.002285987662243999
0.0023345581763280824
0.002383115833531587
0.0024316603662268995
0.0024801915068590093
0.0025287089879470087
0.0025772125420855446
0.0026257019019462918
0.002674176800279439
0.002722636969915155
0.002771082143765063
0.002819512054823695
0.002867926436169998
0.002916325020968772
0.002964707542472141
0.003013073734021062
0.0030614233290467445
0.003109756061072146
0.0031580716637134238
0.0032063698706814407
0.0032546504157831774
0.0033029130329232386
0.0033511574561053085
0.003399383419433602
0.003447590657114365
0.003495778903457289
0.0035439478928770206
0.0035920973598945983
0.003640227039138925
0.00368833666534822
0.003736425973371507
0.003784494698170033
0.0038325425748187603
0.00388056933850782
0.003928574724543965
0.003976558468352028
0.004024520305476386
0.00407245997158242
0.004120377202457937
0.004168271734014692
0.004216143302289771
0.004263991643447092
0.004311816493778842
0.004359617589706936
0.004407394667784457
0.004455147464697121
0.00450287571726472
0.004550579162442579
0.004598257537322981
0.004645910579136665
0.004693538025254204
0.004741139613187535
0.004788715080591319
0.004836264165264447
0.004883786605151469
0.004931282138344023
0.00497875050308229
0.005026191437756441
0.005073604680908062
0.005120989971231606
0.005168347047575834
0.005215675648945245
0.005262975514501529
0.00531024638356496
0.005357487995615913
0.0054047000902962125
0.005451882407410622
0.005499034686928258
0.005546156668984024
0.005593248093880045
0.005640308702087079
0.0056873382342459994
0.005734336431169147
0.00578130303384183
0.0058282377834236905
0.005875140421250187
0.005922010688833975
0.005968848327866345
0.006015653080218653
0.006062424687943732
0.006109162893277329
0.006155867438639502
0.00620253806663604
0.006249174520059906
0.006295776541892649
0.006342343875305779
0.006388876263662239
0.006435373450517764
0.006481835179622359
0.006528261194921624
0.00657465124055826
0.006621005060873405
0.00666732240040806
0.006713603003904528
0.006759846616307781
0.006806052982766886
0.0068522218486364046
0.006898352959477771
0.006944446061060753
0.006990500899364794
0.0070365172205804245
0.007082494771110702
0.007128433297572534
0.007174332546798141
0.007220192265836421
0.007266012201954346
0.007311792102638337
0.007357531715595703
0.007403230788755969
0.007448889070272318
0.007494506308522935
0.007540082252112435
0.007585616649873208
0.007631109250866821
0.0076765598043854145
0.007721968059953049
0.00776733376732712
0.007812656676499696
0.007857936537698952
0.00790317310139048
0.007948366118278725
0.007993515339308298
0.008038620515665403
0.008083681398779177
0.008128697740323048
0.008173669292216157
0.00821859580662465
0.008263477035963083
0.008308312732895807
0.00835310265033829
0.008397846541458488
0.00844254415967822
0.008487195258674512
0.00853179959238096
0.00857635691498908
0.008620866980949672
0.008665329544974135
0.008709744362035907
0.008754111187371688
0.008798429776482897
0.008842699885136978
0.008886921269368719
0.008931093685481643
0.00897521689004931
0.009019290639916702
0.0090633146922015
0.009107288804295488
0.009151212733865835
0.009195086238856474
0.0092389090774894
0.009282681008266026
0.009326401789968486
0.009370071181660998
0.009413688942691158
0.009457254832691293
0.009500768611579781
0.009544230039562323
0.009587638877133353
0.009630994885077286
0.009674297824469855
0.009717547456679434
0.009760743543368366
0.009803885846494222
0.009846974128311183
0.009890008151371298
0.009932987678525807
0.009975912472926453
0.01001878229802678
0.010061596917583427
0.01010435609565747
0.010147059596615646
0.010189707185131725
0.010232298626187783
0.010274833685075462
0.010317312127397307
0.01035973371906803
0.010402098226315833
0.010444405415683639
0.010486655054030425
0.010528846908532492
0.010570980746684755
0.010613056336301992
0.01065507344552016
0.01069703184279766
0.01073893129691661
0.010780771576984089
0.010822552452433482
0.010864273693025677
0.010905935068850356
0.01094753635032729
0.01098907730820755
0.011030557713574836
0.011071977337846655
0.011113335952775666
0.011154633330450863
0.011195869243298889
0.011237043464085257
0.011278155765915584
0.011319205922236904
0.011360193706838847
0.011401118893854928
0.01144198125776376
0.011482780573390333
0.011523516615907213
0.011564189160835826
0.011604797984047644
0.011645342861765448
0.011685823570564573
0.011726239887374095
0.011766591589478126
0.011806878454516946
0.01184710026048833
0.011887256785748703
0.011927347809014372
0.011967373109362765
0.012007332466233641
0.012047225659430281
0.012087052469120722
0.012126812675838977
0.012166506060486235
0.012206132404332016
0.012245691489015493
0.01228518309654656
0.012324607009307147
0.012363963010052336
0.01240325088191159
0.01244247040838996
0.012481621373369266
0.012520703561109276
0.0125597167562489
0.012598660743807378
0.012637535309185467
0.012676340238166633
0.012715075316918206
0.012753740331992563
0.012792335070328325
0.012830859319251495
0.01286931286647667
0.012907695500108184
0.01294600700864127
0.012984247180963237
0.013022415806354645
0.013060512674490437
0.013098537575441108
0.013136490299673873
0.013174370638053814
0.013212178381845003
0.01324991332271173
0.01328757525271954
0.013325163964336468
0.013362679250434151
0.013400120904288952
0.013437488719583125
0.013474782490405936
0.013512002011254793
0.01354914707703641
0.013586217483067885
0.013623213025077865
0.013660133499207654
0.013696978702012348
0.013733748430461944
0.01377044248194247
0.013807060654257089
0.013843602745627202
0.013880068554693602
0.01391645788051753
0.013952770522581811
0.013989006280791966
0.014025164955477292
0.01406124634739196
0.014097250257716142
0.014133176488057083
0.014169024840450177
0.014204795117360104
0.014240487121681862
0.014276100656741914
0.01431163552629921
0.014347091534546316
0.014382468486110456
0.014417766186054611
0.014452984439878582
0.014488123053520064
0.014523181833355731
0.014558160586202257
0.014593059119317428
0.01462787724040118
0.014662614757596667
0.014697271479491302
0.014731847215117829
0.014766341773955348
0.01480075496593042
0.014835086601418046
0.014869336491242746
0.014903504446679627
0.01493759027945534
0.014971593801749191
0.01500551482619418
0.015039353165877968
0.015073108634343961
0.015106781045592309
0.01514037021408096
0.015173875954726636
0.015207298082905897
0.015240636414456134
0.015273890765676586
0.01530706095332936
0.015340146794640418
0.015373148107300621
0.015406064709466693
0.015438896419762234
0.01547164305727876
0.015504304441576624
0.015536880392686072
0.01556937073110821
0.01560177527781598
0.015634093854255182
0.015666326282345412
0.015698472384481077
0.015730531983532352
0.01576250490284619
0.015794390966247247
0.015826189998038878
0.01585790182300409
0.015889526266406554
0.015921063153991485
0.015952512311986685
0.015983873567103443
0.016015146746537506
0.016046331677970056
0.016077428189568598
0.016108436109987977
0.01613935526837128
0.016170185494350776
0.016200926618048866
0.016231578470079038
0.016262140881546733
0.016292613684050366
0.01632299670968217
0.01635328979102919
0.01638349276117414
0.016413605453696377
0.016443627702672776
0.01647355934267869
0.016503400208788817
0.0165331501365781
0.016562808962122706
0.016592376522000837
0.016621852653293686
0.016651237193586337
0.01668052998096862
0.01670973085403603
0.016738839651890613
0.016767856214141844
0.016796780380907532
0.01682561199281468
0.016854350891000333
0.016882996917112533
0.016911549913311123
0.01694000972226863
0.016968376187171157
0.016996649151719213
0.017024828460128594
0.017052913957131235
0.01708090548797607
0.01710880289842988
0.01713660603477812
0.017164314743825817
0.01719192887289837
0.017219448269842407
0.017246872783026616
0.017274202261342585
0.017301436554205636
0.017328575511555658
0.017355618983857905
0.017382566822103852
0.017409418877812027
0.017436175003028766
0.017462835050329095
0.0174893988728175
0.017515866324128767
0.017542237258428746
0.017568511530415203
0.01759468899531858
0.01762076950890283
0.017646752927466154
0.01767263910784185
0.017698427907399096
0.01772411918404367
0.017749712796218828
0.01777520860290601
0.017800606463625652
0.01782590623843795
0.017851107787943618
0.01787621097328469
0.017901215656145244
0.017926121698752188
0.01795092896387602
0.01797563731483156
0.018000246615478742
0.018024756730223322
0.018049167524017654
0.018073478862361412
0.01809769061130234
0.018121802637437016
0.01814581480791153
0.018169726990422266
0.01819353905321661
0.018217250865093664
0.018240862295404996
0.018264373214055336
0.01828778349150331
0.018311092998762126
0.01833430160740032
0.018357409189542453
0.018380415617869773
0.01840332076562098
0.018426124506592895
0.018448826715141135
0.018471427266180847
0.01849392603518735
0.01851632289819686
0.018538617731807167
0.018560810413178277
0.018582900820033138
0.018604888830658278
0.018626774323904496
0.018648557179187522
0.018670237276488685
0.018691814496355555
0.01871328871990262
0.018734659828811947
0.0187559277053338
0.018777092232287334
0.0187981532930612
0.018819110771614203
0.018839964552475958
0.018860714520747498
0.01888136056210191
0.018901902562784983
0.018922340409615823
0.018942673989987474
0.018962903191867546
0.01898302790379881
0.019003048014899857
0.01902296341486565
0.019042773993968167
0.019062479643057025
0.01908208025356003
0.0191015757174838
0.019120965927414368
0.019140250776517775
0.019159430158540623
0.019178503967810696
0.019197472099237545
0.019216334448313034
0.019235090911111936
0.019253741384292516
0.019272285765097086
0.019290723951352548
0.019309055841471013
0.0193272813344503
0.019345400329874536
0.019363412727914694
0.01938131842932913
0.019399117335464146
0.019416809348254543
0.01943439437022412
0.019451872304486254
0.019469243054744397
0.019486506525292657
0.019503662621016268
0.019520711247392148
0.019537652310489397
0.019554485716969855
0.01957121137408855
0.019587829189694282
0.019604339072230085
0.019620740930733727
0.019637034674838242
0.0196532202147724
0.019669297461361212
0.019685266326026442
0.019701126720787034
0.019716878558259668
0.019732521751659206
0.019748056214799147
0.01976348186209216
0.01977879860855051
0.01979400636978652
0.0198091050620131
0.0198240946020441
0.01983897490729488
0.019853745895782694
0.019868407486127164
0.019882959597550726
0.019897402149879093
0.01991173506354164
0.019925958259571917
0.019940071659608028
0.019954075185893084
0.01996796876127564
0.01998175230921009
0.01999542575375712
0.020008989019584107
0.020022442031965543
0.02003578471678344
0.020049017000527747
0.020062138810296743
0.02007515007379744
0.02008805071934599
0.02010084067586808
0.02011351987289931
0.020126088240585597
0.02013854570968354
0.02015089221156082
0.02016312767819657
0.020175252042181742
0.020187265236719508
0.020199167195625575
0.020210957853328604
0.020222637144870534
0.02023420500590696
0.020245661372707485
0.020257006182156034
0.020268239371751276
0.020279360879606904
0.02029037064445199
0.020301268605631348
0.020312054703105827
0.02032272887745269
0.02033329106986588
0.02034374122215642
0.020354079276752646
0.020364305176700615
0.020374418865664344
0.020384420287926135
0.020394309388386954
0.02040408611256661
0.020413750406604165
0.020423302217258167
0.020432741491906964
0.020442068178549
0.020451282225803093
0.020460383582908703
0.020469372199726242
0.020478248026737336
0.020487011015045083
0.02049566111637435
0.02050419828307201
0.020512622468107228
0.020520933625071715
0.020529131708179958
0.020537216672269515
0.020545188472801228
0.02055304706585948
0.020560792408152454
0.020568424457012343
0.02057594317039559
0.02058334850688314
0.020590640425680654
0.020597818886618727
0.02060488385015312
0.020611835277364956
0.020618673129961
0.020625397370273756
0.020632007961261804
0.020638504866509887
0.020644888050229192
0.020651157477257515
0.02065731311305946
0.02066335492372663
0.02066928287597779
0.020675096937159097
0.020680797075244242
0.020686383258834644
0.020691855457159607
0.020697213640076505
0.02070245777807095
0.020707587842256934
0.02071260380437701
0.020717505636802427
0.020722293312533308
0.020726966805198765
0.02073152608905708
0.02073597113899581
0.02074030193053197
0.020744518439812128
0.02074862064361253
0.020752608519339293
0.020756482045028442
0.020760241199346087
0.020763885961588544
0.020767416311682406
0.020770832230184687
0.020774133698282928
0.020777320697795282
0.020780393211170634
0.020783351221488684
0.020786194712460036
0.020788923668426315
0.020791538074360218
0.020794037915865617
0.020796423179177636
0.020798693851162724
0.020800849919318725
0.020802891371774945
0.020804818197292244
0.02080663038526304
0.020808327925711426
0.0208099108092932
0.0208113790272959
0.0208127325716389
0.020813971434873395
0.02081509561018248
0.02081610509138119
0.020816999872916495
0.020817779949867388
0.02081844531794486
0.02081899597349194
0.020819431913483746
0.020819753135527447
0.02081995963786233
0.020820051419359754
0.02082002847952321
0.02081989081848828
0.020819638437022683
0.02081927133652621
0.020818789519030767
0.02081819298720034
0.020817481744330995
0.020816655794350842
0.020815715141820016
0.020814659791930666
0.02081348975050692
0.020812205024004837
0.02081080561951241
0.020809291544749465
0.02080766280806769
0.020805919418450523
0.020804061385513165
0.020802088719502464
0.020800001431296896
0.02079779953240652
0.02079548303497287
0.02079305195176891
0.020790506296198975
0.02078784608229868
0.020785071324734856
0.020782182038805445
0.02077917824043945
0.020776059946196808
0.020772827173268345
0.020769479939475633
0.020766018263270927
0.020762442163737054
0.020758751660587296
0.02075494677416528
0.0207510275254449
0.020746993936030158
0.020742846028155074
0.02073858382468354
0.02073420734910922
0.020729716625555394
0.02072511167877486
0.020720392534149746
0.020715559217691422
0.020710611756040324
0.02070555017646583
0.020700374506866074
0.02069508477576783
0.020689681012326353
0.02068416324632517
0.020678531508175984
0.02067278582891845
0.020666926240220037
0.02066095277437585
0.020654865464308437
0.02064866434356761
0.020642349446330276
0.02063592080740024
0.020629378462207994
