0.10638808922044245
1001
0.030153961560555942
0.029997037973661083
0.029839856181932845
0.0296824175384646
0.029524723398560812
0.029366775119725384
0.02920857406164991
0.029050121586202054
0.02889141905741381
0.02873246784146973
0.02857326930669517
0.02841382482354456
0.02825413576458958
0.028094203504507323
0.027934029420068503
0.027773614890125597
0.027612961295600962
0.027452070019474986
0.02729094244677412
0.027129579964559055
0.026967983961912672
0.026806155829928197
0.026644096961697145
0.026481808752297394
0.0263192925987811
0.02615654990016275
0.025993582057407115
0.02583039047341713
0.02566697655302187
0.02550334170296448
0.02533948733189
0.0251754148503333
0.025011125670706923
0.024846621207288918
0.02468190287621066
0.02451697209544472
0.024351830284792576
0.024186478865872493
0.024020919262107154
0.023855152898711558
0.023689181202680647
0.023523005602777064
0.023356627529518868
0.02319004841516719
0.02302326969371393
0.0228562928008694
0.02268911917404999
0.02252175025236577
0.022354187476608122
0.02218643228923733
0.02201848613437017
0.021850350457767478
0.021682026706821702
0.021513516330544467
0.021344820779554075
0.021175941506063008
0.02100687996386553
0.020837637608324997
0.02066821589636151
0.02049861628643925
0.020328840238553997
0.020158889214220523
0.01998876467646004
0.019818468089787586
0.019648000920199447
0.019477364635160505
0.019306560703591626
0.019135590595857028
0.01896445578375161
0.018793157740488273
0.018621697940685272
0.01845007786035351
0.01827829897688381
0.01810636276903422
0.017934270716917305
0.017762024301987384
0.017589625007027758
0.017417074316137992
0.01724437371472112
0.017071524689470846
0.016898528728358786
0.016725387320621597
0.016552101956748232
0.01637867412846707
0.01620510532873308
0.016031397051714972
0.01585755079278234
0.015683568048492788
0.015509450316579064
0.015335199095936116
0.015160815886608283
0.014986302189776273
0.014811659507744346
0.014636889343927316
0.01446199320283762
0.014286972590072373
0.014111829012300453
0.013936563977249456
0.013761178993692749
0.013585675571436513
0.013410055221306736
0.013234319455136152
0.013058469785751294
0.012882507726959461
0.012706434793535665
0.012530252501209618
0.012353962366652633
0.01217756590746465
0.012001064642161134
0.011824460090159946
0.011647753771768377
0.011470947208169996
0.011294041921411521
0.011117039434389825
0.010939941270838702
0.010762748955315857
0.010585464013189721
0.010408087970626324
0.010230622354576216
0.010053068692761244
0.009875428513661433
0.009697703346501864
0.009519894721239461
0.009342004168549837
0.009164033219814134
0.00898598340710584
0.008807856263177566
0.008629653321447895
0.008451376115988146
0.008273026181509225
0.008094605053348325
0.007916114267455802
0.007737555360381898
0.007558929869263532
0.007380239331811075
0.007201485286295082
0.007022669271533109
0.006843792826876391
0.006664857492196672
0.006485864807872877
0.006306816314777909
0.006127713554265335
0.0059485580681561704
0.005769351398725567
0.005590095088689556
0.005410790681191777
0.0052314397197901165
0.005052043748443579
0.004872604311498839
0.004693122953677032
0.004513601220060426
0.004334040656079143
0.004154442807497813
0.003974809220402361
0.003795141441186564
0.0036154410165388584
0.0034357094934289677
0.003255948419094577
0.0030761593410280727
0.002896343806963135
0.0027165033648615107
0.00253663956289958
0.0023567539494551613
0.0021768480730940424
0.00199692348255676
0.0018169817267452166
0.0016370243547093417
0.0014570529156337744
0.0012770689588245433
0.0010970740336956894
0.0009170696897559664
0.0007370574765954539
0.0005570389438722917
0.00037701564129925894
0.0001969891186305013
0.000016960925648144015
-0.0001630673878510209
-0.0003430942720689135
-0.0005231181772194442
-0.0007031375535419398
-0.0008831508513143775
-0.0010631565208668314
-0.0012431530125947441
-0.0014231387769723025
-0.0016031122645657656
-0.0017830719260467553
-0.00196301621220572
-0.002142943573965104
-0.0023228524623928447
-0.002502741328715553
-0.0026826086243319897
-0.0028624528008262887
-0.0030422723099813556
-0.0032220656037921652
-0.0034018311344790435
-0.003581567354501104
-0.003761272716569473
-0.00394094567366065
-0.0041205846790297995
-0.004300188186224086
-0.0044797546490960094
-0.004659282521816672
-0.004838770258889091
-0.00501821631516156
-0.005197619145840853
-0.005376977206505614
-0.005556288953119578
-0.0057355528420449525
-0.0059147673300556135
-0.006093930874350456
-0.006273041932566607
-0.00645209896279282
-0.006631100423582598
-0.006810044773967602
-0.006988930473470815
-0.007167755982119855
-0.007346519760460246
-0.007525220269568622
-0.007703855971066008
-0.007882425327131038
-0.008060926800513244
-0.008239358854546202
-0.00841771995316091
-0.00859600856089881
-0.00877422314292519
-0.008952362165042294
-0.009130424093702549
-0.009308407396021786
-0.009486310539792429
-0.009664131993496661
-0.009841870226319665
-0.010019523708162729
-0.010197090909656497
-0.010374570302174055
-0.010551960357844151
-0.010729259549564309
-0.010906466351014027
-0.011083579236667869
-0.011260596681808595
-0.011437517162540337
-0.011614339155801663
-0.011791061139378734
-0.011967681591918357
-0.012144198992941146
-0.012320611822854557
-0.012496918562965996
-0.0126731176954959
-0.012849207703590783
-0.013025187071336314
-0.013201054283770322
-0.01337680782689593
-0.01355244618769448
-0.013727967854138672
-0.013903371315205441
-0.014078655060889126
-0.01425381758221433
-0.01442885737124902
-0.01460377292111742
-0.014778562726013005
-0.014953225281211565
-0.01512775908308398
-0.015302162629109342
-0.015476434417887734
-0.01565057294915332
-0.01582457672378707
-0.015998444243829867
-0.016172174012495235
-0.016345764534182336
-0.016519214314488762
-0.016692521860223495
-0.016865685679419696
-0.01703870428134753
-0.01721157617652706
-0.017384299876741043
-0.017556873895047766
-0.017729296745793773
-0.017901566944626742
-0.01807368300850823
-0.018245643455726435
-0.01841744680590894
-0.018589091580035497
-0.01876057630045075
-0.018931899490876907
-0.019103059676426525
-0.01927405538361513
-0.019444885140374003
-0.019615547476062725
-0.01978604092148195
-0.019956364008885986
-0.020126515271995497
-0.020296493246010024
-0.02046629646762073
-0.020635923475022865
-0.020805372807928428
-0.02097464300757873
-0.02114373261675694
-0.021312640179800647
-0.021481364242614362
-0.02164990335268206
-0.021818256059079732
-0.021986420912487713
-0.02215439646520339
-0.022322181271153485
-0.022489773885906596
-0.022657172866685574
-0.022824376772380014
-0.02299138416355858
-0.02315819360248149
-0.023324803653112798
-0.023491212881132817
-0.023657419853950507
-0.023823423140715675
-0.023989221312331423
-0.02415481294146642
-0.024320196602567123
-0.024485370871870152
-0.02465033432741446
-0.024815085549053647
-0.024979623118468124
-0.02514394561917735
-0.025308051636552083
-0.025471939757826474
-0.025635608572110224
-0.02579905667040083
-0.025962282645595608
-0.026125285092503905
-0.0262880626078591
-0.026450613790330757
-0.026612937240536656
-0.026775031561054874
-0.02693689535643575
-0.02709852723321398
-0.027259925799920554
-0.02742108966709477
-0.027582017447296162
-0.027742707755116527
-0.027903159207191698
-0.02806337042221364
-0.02822334002094218
-0.02838306662621705
-0.028542548862969506
-0.028701785358234432
-0.028860774741162006
-0.0290195156430295
-0.029178006697253105
-0.029336246539399747
-0.02949423380719869
-0.02965196714055343
-0.02980944518155326
-0.02996666657448505
-0.030123629965844927
-0.03028033400434989
-0.03043677734094939
-0.03059295862883709
-0.030748876523462337
-0.030904529682541763
-0.0310599167660709
-0.03121503643633564
-0.0313698873579238
-0.03152446819773658
-0.03167877762500012
-0.03183281431127685
-0.03198657693047704
-0.032140064158870066
-0.032293274675096025
-0.032446207160176856
-0.03259886029752791
-0.0327512327729692
-0.032903323274736676
-0.03305513049349357
-0.03320665312234171
-0.03335788985683265
-0.03350883939497903
-0.03365950043726567
-0.03380987168666089
-0.03395995184862755
-0.03410973963113424
-0.034259233744666454
-0.03440843290223768
-0.034557335819400334
-0.03470594121425705
-0.03485424780747156
-0.035002254322279776
-0.035149959484500726
-0.0352973620225476
-0.03544446066743862
-0.035591254152808026
-0.0357377412149169
-0.03588392059266423
-0.0360297910275975
-0.03617535126392373
-0.03632060004852026
-0.036465536130945414
-0.03661015826344942
-0.03675446520098507
-0.036898455701218434
-0.03704212852453965
-0.03718548243407343
-0.037328516195689894
-0.03747122857801501
-0.03761361835244144
-0.0377556842931388
-0.03789742517706454
-0.03803883978397421
-0.03817992689643212
-0.038320685299821786
-0.038461113782356386
-0.03860121113508913
-0.03874097615192382
-0.038880407629625045
-0.03901950436782873
-0.03915826516905228
-0.039296688838705074
-0.03943477418509862
-0.0395725200194569
-0.03970992515592648
-0.03984698841158691
-0.03998370860646073
-0.04012008456352374
-0.0402561151087151
-0.04039179907094739
-0.04052713528211682
-0.040662122577113144
-0.04079675979382977
-0.04093104577317375
-0.04106497935907578
-0.04119855939850011
-0.041331784741454505
-0.04146465424100014
-0.04159716675326148
-0.041729321137436104
-0.04186111625580455
-0.04199255097374011
-0.04212362415971861
-0.04225433468532809
-0.04238468142527863
-0.04251466325741193
-0.04264427906271103
-0.04277352772530994
-0.04290240813250321
-0.04303091917475561
-0.043159059745711506
-0.04328682874220461
-0.0434142250642673
-0.043541247615140145
-0.04366789530128135
-0.04379416703237627
-0.043920061721346576
-0.04404557828435982
-0.04417071564083868
-0.04429547271347028
-0.04441984842821541
-0.04454384171431789
-0.04466745150431371
-0.04479067673404023
-0.04491351634264531
-0.045035969272596524
-0.045158034469690224
-0.04527971088306058
-0.04540099746518872
-0.04552189317191163
-0.04564239696243127
-0.04576250779932343
-0.04588222464854671
-0.04600154647945144
-0.04612047226478853
-0.04623900098071828
-0.04635713160681927
-0.04647486312609713
-0.04659219452499321
-0.04670912479339344
-0.046825652924636904
-0.04694177791552462
-0.04705749876632808
-0.0471728144807979
-0.047287724066172446
-0.04740222653318624
-0.04751632089607868
-0.04763000617260236
-0.04774328138403157
-0.04785614555517078
-0.047968597714362994
-0.048080636893498056
-0.04819226212802115
-0.04830347245694094
-0.04841426692283787
-0.048524644571872555
-0.04863460445379379
-0.048744145621946844
-0.04885326713328166
-0.0489619680483608
-0.04907024743136772
-0.04917810435011471
-0.04928553787605102
-0.04939254708427071
-0.049499131053520766
-0.04960528886620891
-0.049711019608411615
-0.04981632236988186
-0.04992119624405707
-0.05002564032806684
-0.0501296537227408
-0.0502332355326162
-0.0503363848659458
-0.05043910083470548
-0.05054138255460179
-0.05064322914507975
-0.05074463972933027
-0.05084561343429779
-0.050946149390687735
-0.05104624673297407
-0.0511459045994067
-0.051245122132018935
-0.051343898476634765
-0.051442232782876414
-0.051540124204171436
-0.05163757189776022
-0.051734575024703064
-0.051831132749887536
-0.0519272442420355
-0.05202290867371053
-0.05211812522132477
-0.05221289306514616
-0.052307211389305504
-0.05240107938180347
-0.05249449623451751
-0.052587461143208974
-0.05267997330752985
-0.05277203193102982
-0.05286363622116305
-0.05295478538929499
-0.05304547865070914
-0.05313571522461396
-0.05322549433414942
-0.05331481520639376
-0.053403677072370107
-0.053492079167053265
-0.05358002072937601
-0.053667501002235864
-0.053754519232501595
-0.05384107467101961
-0.05392716657262045
-0.05401279419612525
-0.05409795680435203
-0.05418265366412213
-0.054266884046266506
-0.0543506472256319
-0.054433942481087294
-0.05451676909552994
-0.05459912635589159
-0.054681013553144635
-0.05476242998230821
-0.05484337494245435
-0.05492384773671383
-0.05500384767228237
-0.05508337406042643
-0.055162426216489306
-0.0552410034598969
-0.055319105114163596
-0.055396730506898174
-0.05547387896980949
-0.055550549838712285
-0.055626742453532885
-0.05570245615831493
-0.05577769030122495
-0.05585244423455807
-0.05592671731474344
-0.05600050890234998
-0.056073818362091694
-0.05614664506283324
-0.05621898837759539
-0.05629084768356031
-0.056362222362077094
-0.05643311179866688
-0.05650351538302836
-0.05657343250904286
-0.05664286257477972
-0.05671180498250126
-0.056780259138668174
-0.05684822445394443
-0.056915700343202515
-0.056982686225528364
-0.057049181524226375
-0.0571151856668244
-0.05718069808507869
-0.057245718214978765
-0.05731024549675224
-0.057374279374869684
-0.057437819298049454
-0.05750086471926231
-0.05756341509573623
-0.057625469888961084
-0.057687028564693175
-0.057748090592959975
-0.057808655448064586
-0.05786872260859024
-0.057928291557405
-0.05798736178166591
-0.058045932772823675
-0.05810400402662685
-0.05816157504312627
-0.0582186453266794
-0.05827521438595449
-0.05833128173393493
-0.05838684688792329
-0.058441909369545644
-0.05849646870475559
-0.0585505244238383
-0.05860407606141467
-0.058657123156445286
-0.05870966525223438
-0.05876170189643369
-0.05881323264104653
-0.058864257042431506
-0.058914774661306374
-0.05896478506275184
-0.05901428781621526
-0.05906328249551443
-0.059111768678841214
-0.05915974594876511
-0.05920721389223696
-0.05925417210059239
-0.05930062016955545
-0.059346557699242054
-0.059391984294163286
-0.05943689956322906
-0.059481303119751264
-0.059525194581447255
-0.05956857357044298
-0.05961143971327639
-0.05965379264090064
-0.059695631988687076
-0.059736957396428626
-0.05977776850834277
-0.05981806497307464
-0.05985784644369997
-0.05989711257772823
-0.05993586303710545
-0.05997409748821715
-0.060011815601891304
-0.06004901705340105
-0.06008570152246757
-0.06012186869326279
-0.060157518254412186
-0.060192649898997364
-0.06022726332455876
-0.06026135823309826
-0.06029493433108172
-0.06032799132944152
-0.06036052894357905
-0.06039254689336718
-0.06042404490315262
-0.06045502270175831
-0.06048548002248585
-0.060515416603117635
-0.06054483218591927
-0.06057372651764166
-0.06060209934952329
-0.060629950437292295
-0.06065727954116861
-0.060684086425866
-0.06071037086059413
-0.06073613261906055
-0.06076137147947258
-0.060786087224539265
-0.06081027964147327
-0.06083394852199266
-0.06085709366232278
-0.06087971486319786
-0.06090181192986292
-0.06092338467207528
-0.0609444329041063
-0.06096495644474293
-0.06098495511728931
-0.06100442874956829
-0.061023377173922824
-0.06104180022721756
-0.061059697750840136
-0.061077069590702575
-0.06109391559724265
-0.0611102356254251
-0.061126029534742964
-0.0611412971892187
-0.06115603845740544
-0.061170253212388094
-0.06118394133178436
-0.06119710269774596
-0.06120973719695949
-0.06122184472064745
-0.06123342516456919
-0.06124447842902186
-0.06125500441884112
-0.061265003043402155
-0.061274474216620266
-0.06128341785695177
-0.061291833887394606
-0.061299722235488976
-0.0613070828333181
-0.06131391561750873
-0.06132022052923158
-0.06132599751420206
-0.061331246522680544
-0.06133596750947293
-0.06134016043393094
-0.061343825259952536
-0.06134696195598222
-0.06134957049501126
-0.06135165085457797
-0.06135320301676788
-0.061354226968213924
-0.06135472270009649
-0.06135469020814359
-0.061354129492630825
-0.0613530405583814
-0.06135142341476608
-0.06134927807570312
-0.06134660455965817
-0.06134340288964407
-0.06133967309322066
-0.061335415202494595
-0.061330629254118994
-0.06132531528929317
-0.0613194733537623
-0.06131310349781692
-0.061306205776292665
-0.06129878024856966
-0.061290826978572056
-0.06128234603476749
-0.06127333749016644
-0.0612638014223217
-0.06125373791332766
-0.06124314704981952
-0.061232028922972685
-0.061220383628501907
-0.06120821126666045
-0.06119551194223925
-0.06118228576456602
-0.06116853284750431
-0.06115425330945247
-0.06113944727334275
-0.061124114866640114
-0.06110825622134121
-0.061091871473973255
-0.0610749607655928
-0.061057524241784566
-0.06103956205266012
-0.061021074352856704
-0.06100206130153581
-0.060982523062381805
-0.06096245980360057
-0.060941871697918086
-0.060920758922578803
-0.06089912165934425
-0.06087696009449147
-0.060854274418811326
-0.06083106482760689
-0.06080733152069185
-0.06078307470238866
-0.06075829458152689
-0.06073299137144131
-0.0607071652899702
-0.060680816559453364
-0.060653945406730275
-0.06062655206313804
-0.06059863676450957
-0.060570199751171346
-0.06054124126794152
-0.06051176156412769
-0.060481760893524875
-0.0604512395144132
-0.06042019768955575
-0.06038863568619633
-0.06035655377605704
-0.06032395223533614
-0.06029083134470544
-0.06025719138930808
-0.06022303265875598
-0.060188355447127334
-0.06015316005296413
-0.060117446779269564
-0.060081215933505405
-0.060044467827589376
-0.06000720277789248
-0.05996942110523621
-0.059931123134889935
-0.059892309196567885
-0.05985297962442649
-0.05981313475706145
-0.059772774937504804
-0.059731900513221955
-0.05969051183610876
-0.0596486092624884
-0.05960619315310842
-0.059563263873137574
-0.05951982179216257
-0.05947586728418512
-0.059431400727618516
-0.059386422505284496
-0.05934093300440987
-0.05929493261662325
-0.05924842173795162
-0.05920140076881702
-0.059153870114032905
-0.05910583018280097
-0.05905728138870728
-0.059008224149719
-0.05895865888818058
-0.05890858603081029
-0.05885800600869646
-0.05880691925729372
-0.058755326216419386
-0.05870322733024956
-0.05865062304731534
-0.058597513820499006
-0.05854390010703002
-0.05848978236848121
-0.058435161070764706
-0.058380036684127966
-0.05832440968314971
-0.05826828054673586
-0.05821164975811539
-0.05815451780483623
-0.05809688517876096
-0.05803875237606262
-0.057980119897220565
-0.05792098824701588
-0.05786135793452734
-0.05780122947312685
-0.057740603380475
-0.05767948017851676
-0.05761786039347685
-0.05755574455585525
-0.05749313320042269
-0.05743002686621593
-0.05736642609653326
-0.05730233143892967
-0.05723774344521231
-0.057172662671435566
-0.057107089677896385
-0.05704102502912943
-0.056974469293902215
-0.05690742304521014
-0.056839886860271686
-0.0567718613205234
-0.05670334701161482
-0.05663434452340349
-0.05656485444994992
-0.05649487738951236
-0.056424413944541764
-0.05635346472167655
-0.056282030331737426
-0.05621011138972203
-0.05613770851479968
-0.05606482233030615
-0.05599145346373813
-0.05591760254674795
-0.05584327021513809
-0.05576845710885573
-0.05569316387198723
-0.05561739115275254
-0.055541139603499726
-0.055464409880699214
-0.05538720264493831
-0.05530951856091531
-0.055231358297433995
-0.055152722527397675
-0.05507361192780358
-0.05499402717973681
-0.05491396896836472
-0.054833437982930805
-0.05475243491674895
-0.05467096046719728
-0.054589015335712344
-0.054506600227782934
-0.05442371585294403
-0.054340362924770784
-0.05425654216087225
-0.05417225428288533
-0.05408750001646845
-0.0540022800912954
-0.053916595241049005
-0.05383044620341481
-0.05374383372007477
-0.053656758536700766
-0.05356922140294834
-0.05348122307245007
-0.053392764302809294
-0.05330384585559329
-0.053214468496327036
-0.053124632994486394
-0.053034340123491584
-0.052943590660700535
-0.052852385387402105
-0.0527607250888095
-0.052668610554053336
-0.05257604257617503
-0.052483021952119756
-0.05238954948272987
-0.05229562597273773
-0.052201252230758916
-0.052106429069285295
-0.05201115730467796
-0.05191543775716017
-0.05181927125081036
-0.051722658613555045
-0.05162560067716167
-0.05152809827723142
-0.051430152253192085
-0.051331763448290775
-0.05123293270958673
-0.05113366088794397
-0.051033948838023986
-0.05093379741827832
-0.05083320749094135
-0.050732179922022676
-0.0506307155812998
-0.05052881534231052
-0.050426480082345515
-0.05032371068244073
-0.05022050802736982
-0.0501168730056365
-0.05001280650946692
-0.04990830943480205
-0.0498033826812898
-0.04969802715227742
-0.049592243754803644
-0.049486033399591005
-0.04937939700103778
-0.049272335477210306
-0.04916484974983502
-0.0490569407442905
-0.048948609389599475
-0.04883985661842095
-0.04873068336704199
-0.048621090575369834
-0.04851107918692369
-0.04840065014882668
-0.048289804411797636
-0.04817854293014297
-0.048066866661748364
-0.04795477656807062
-0.04784227361412936
-0.04772935876849871
-0.047616033003298905
-0.04750229729418801
-0.04738815262035348
-0.04727359996450373
-0.04715864031285969
-0.04704327465514625
-0.0469275039845838
-0.04681132929787976
-0.04669475159521982
-0.04657777188025939
-0.046460391160115085
-0.046342610445355856
-0.046224430749994515
-0.04610585309147868
-0.04598687849068246
-0.04586750797189724
-0.045747742562823115
-0.045627583294559924
-0.045507031201598505
-0.04538608732181166
-0.04526475269644524
-0.04514302837010919
-0.045020915390768655
-0.04489841480973483
-0.04477552768165589
-0.04465225506450807
-0.044528598019586384
-0.04440455761149564
-0.044280134908141096
-0.04415533098071948
-0.04403014690370956
-0.043904583754863044
-0.043778642615195255
-0.04365232456897574
-0.04352563070371909
-0.04339856211017546
-0.04327111988232127
-0.04314330511734964
-0.043015118915661094
-0.04288656238085407
-0.04275763661971526
-0.042628342742210334
-0.04249868186147411
-0.04236865509380127
-0.04223826355863647
-0.04210750837856489
-0.04197639067930238
-0.04184491158968609
-0.0417130722416644
-0.04158087377028735
-0.04144831731369688
-0.041315404013116994
-0.041182135012843894
-0.04104851146023621
-0.04091453450570506
-0.040780205302704195
-0.04064552500772
-0.04051049478026165
