0.19453822028880902
1001
-0.0019566407378253732
-0.001977702808762313
-0.0019987078516785035
-0.0020196552621772894
-0.002040544437521561
-0.002061374776651096
-0.0020821456801998523
-0.002102856550513218
-0.002123506791665202
-0.002144095809475583
-0.0021646230115270047
-0.002185087807182023
-0.0022054896076000984
-0.0022258278257545404
-0.0022461018764493943
-0.0022663111763362833
-0.00228645514393119
-0.00230653319963119
-0.0023265447657311246
-0.002346489266440228
-0.0023663661278986907
-0.002386174778194173
-0.00240591464737826
-0.0024255851674828592
-0.002445185772536546
-0.0024647158985808457
-0.0024841749836864613
-0.002503562467969441
-0.0025228777936072877
-0.002542120404855013
-0.0025612897480611196
-0.0025803852716835413
-0.0025994064263055038
-0.00261835266465134
-0.0026372234416022333
-0.002656018214211899
-0.0026747364417222166
-0.002693377585578779
-0.0027119411094463923
-0.002730426479224509
-0.0027488331630625947
-0.00276716063137543
-0.0027854083568583507
-0.0028035758145024165
-0.002821662481609522
-0.0028396678378074325
-0.0028575913650647575
-0.002875432547705858
-0.0028931908724256807
-0.0029108658283045308
-0.0029284569068227734
-0.0029459636018754607
-0.0029633854097868965
-0.0029807218293251333
-0.0029979723617163862
-0.0030151365106593866
-0.003032213782339671
-0.003049203685443777
-0.0030661057311733857
-0.003082919433259388
-0.003099644307975874
-0.0031162798741540504
-0.003132825653196087
-0.003149281169088889
-0.003165645948417786
-0.0031819195203801635
-0.0031981014167990064
-0.003214191172136363
-0.00323018832350675
-0.0032460924106904668
-0.003261902976146835
-0.003277619565027369
-0.0032932417251888575
-0.003308769007206379
-0.003324200964386228
-0.0033395371527787723
-0.003354777131191222
-0.0033699204612003286
-0.0033849667071649972
-0.0033999154362388236
-0.0034147662183825443
-0.003429518626376417
-0.0034441722358325064
-0.003458726625206896
-0.003473181375811823
-0.0034875360718277194
-0.0035017903003151806
-0.003515943651226841
-0.0035299957174191785
-0.0035439460946642266
-0.003557794381661206
-0.003571540180048071
-0.0035851830944129692
-0.0035987227323056236
-0.003612158704248623
-0.0036254906237486208
-0.003638718107307473
-0.0036518407744332492
-0.003664858247651205
-0.0036777701525146206
-0.003690576117615595
-0.0037032757745957125
-0.00371586875815666
-0.0037283547060707255
-0.003740733259191225
-0.0037530040614628334
-0.0037651667599318344
-0.003777221004756269
-0.003789166449216009
-0.003801002749722724
-0.003812729565829778
-0.0038243465602420144
-0.003835853398825468
-0.0038472497506169784
-0.0038585352878337076
-0.0038697096858825754
-0.0038807726233695975
-0.0038917237821091337
-0.003902562847133041
-0.003913289506699738
-0.003923903452303173
-0.0039344043786817
-0.003944791983826863
-0.003955065968992084
-0.0039652260387012615
-0.003975271900757266
-0.003985203266250356
-0.0039950198495664795
-0.004004721368395503
-0.0040143075437393235
-0.004023778099919903
-0.004033132764587197
-0.004042371268726992
-0.004051493346668647
-0.004060498736092727
-0.004069387178038566
-0.004078158416911706
-0.004086812200491256
-0.004095348279937143
-0.004103766409797281
-0.004112066348014625
-0.004120247855934133
-0.004128310698309642
-0.004136254643310629
-0.004144079462528884
-0.004151784930985075
-0.004159370827135229
-0.004166836932877102
-0.004174183033556455
-0.004181408917973228
-0.004188514378387615
-0.004195499210526044
-0.004202363213587051
-0.00420910619024706
-0.004215727946666056
-0.004222228292493164
-0.004228607040872124
-0.004234864008446668
-0.0042409990153657925
-0.004247011885288933
-0.004252902445391041
-0.0042586705263675485
-0.004264315962439246
-0.004269838591357045
-0.00427523825440665
-0.004280514796413123
-0.0042856680657453435
-0.004290697914320376
-0.004295604197607728
-0.004300386774633506
-0.004305045507984469
-0.004309580263811987
-0.004313990911835886
-0.004318277325348194
-0.004322439381216797
-0.004326476959888961
-0.00433038994539479
-0.004334178225350549
-0.004337841690961903
-0.004341380237027043
-0.00434479376193971
-0.004348082167692123
-0.004351245359877789
-0.004354283247694227
-0.0043571957439455765
-0.004359982765045098
-0.004362644231017585
-0.004365180065501663
-0.004367590195751977
-0.004369874552641295
-0.004372033070662484
-0.004374065687930401
-0.004375972346183672
-0.004377752990786358
-0.004379407570729536
-0.004380936038632759
-0.004382338350745421
-0.004383614466948009
-0.004384764350753261
-0.004385787969307208
-0.004386685293390127
-0.00438745629741737
-0.004388100959440103
-0.004388619261145936
-0.004389011187859445
-0.004389276728542596
-0.0043894158757950595
-0.004389428625854418
-0.004389314978596276
-0.004389074937534262
-0.004388708509819922
-0.004388215706242516
-0.004387596541228698
-0.004386851032842109
-0.004385979202782845
-0.004384981076386839
-0.004383856682625124
-0.004382606054102998
-0.0043812292270590854
-0.004379726241364291
-0.004378097140520651
-0.004376341971660077
-0.0043744607855430015
-0.004372453636556908
-0.004370320582714773
-0.004368061685653385
-0.004365677010631577
-0.004363166626528338
-0.004360530605840833
-0.004357769024682318
-0.00435488196277994
-0.004351869503472443
-0.0043487317337077705
-0.004345468744040558
-0.004342080628629525
-0.004338567485234764
-0.0043349294152149245
-0.004331166523524292
-0.0043272789187097675
-0.0043232667129077425
-0.004319130021840867
-0.004314868964814714
-0.004310483664714356
-0.004305974248000807
-0.0043013408447074
-0.004296583588436031
-0.0042917026163533135
-0.004286698069186634
-0.00428157009122009
-0.004276318830290345
-0.004270944437782369
-0.004265447068625072
-0.004259826881286858
-0.004254084037771045
-0.004248218703611214
-0.004242231047866432
-0.004236121243116398
-0.004229889465456458
-0.004223535894492544
-0.004217060713336005
-0.004210464108598327
-0.004203746270385765
-0.004196907392293871
-0.004189947671401914
-0.004182867308267213
-0.004175666506919356
-0.0041683454748543325
-0.004160904423028557
-0.0041533435658527885
-0.00414566312118597
-0.004137863310328945
-0.004129944358018098
-0.0041219064924188685
-0.004113749945119198
-0.004105474951122852
-0.004097081748842661
-0.0040885705800936525
-0.004079941690086087
-0.004071195327418409
-0.004062331744070076
-0.004053351195394317
-0.004044253940110774
-0.004035040240298052
-0.004025710361386181
-0.00401626457214897
-0.004006703144696266
-0.003997026354466133
-0.003987234480216909
-0.003977327804019185
-0.003967306611247689
-0.003957171190573065
-0.003946921833953566
-0.003936558836626647
-0.003926082497100471
-0.0039154931171453055
-0.003904791001784845
-0.0038939764592874223
-0.003883049801157145
-0.0038720113421249125
-0.0038608614001393697
-0.0038496002963577486
-0.0038382283551366162
-0.003826745904022552
-0.0038151532737427055
-0.0038034507981952828
-0.0037916388144399278
-0.00377971766268803
-0.003767687686292918
-0.003755549231739986
-0.0037433026486367155
-0.0037309482897026043
-0.003718486510759027
-0.003705917670718979
-0.0036932421315767506
-0.0036804602583975095
-0.003667572419306781
-0.0036545789854798595
-0.0036414803311311233
-0.0036282768335032614
-0.003614968872856409
-0.003601556832457206
-0.0035880410985677617
-0.003574422060434544
-0.003560700110277156
-0.0035468756432770663
-0.003532949057566218
-0.0035189207542155737
-0.003504791137223573
-0.0034905606135044926
-0.00347622959287675
-0.0034617984880510842
-0.003447267714618696
-0.0034326376910392697
-0.0034179088386289387
-0.003403081581548146
-0.0033881563467894438
-0.003373133564165198
-0.0033580136662952156
-0.003342797088594287
-0.0033274842692596657
-0.003312075649258437
-0.003296571672314837
-0.00328097278489747
-0.00326527943620647
-0.0032494920781605536
-0.003233611165384022
-0.003217637155193669
-0.003201570507585625
-0.003185411685222102
-0.0031691611534180875
-0.0031528193801279433
-0.0031363868359319375
-0.0031198639940226993
-0.0031032513301915967
-0.003086549322815038
-0.0030697584528407056
-0.0030528792037737094
-0.003035912061662665
-0.003018857515085716
-0.0030017160551364533
-0.0029844881754097835
-0.0029671743719877288
-0.0029497751434251363
-0.0029322909907353346
-0.002914722417375706
-0.0028970699292331977
-0.00287933403460976
-0.0028615152442077064
-0.0028436140711150287
-0.002825631030790613
-0.002807566641049407
-0.002789421422047513
-0.002771195896267225
-0.0027528905885019655
-0.0027345060258412088
-0.002716042737655282
-0.0026975012555801466
-0.0026788821135020824
-0.002660185847542322
-0.002641412996041626
-0.0026225640995447773
-0.002603639700785021
-0.002584640344668452
-0.00256556657825832
-0.0025464189507592846
-0.002527198013501606
-0.0025079043199252807
-0.002488538425564097
-0.002469100888029655
-0.0024495922669953182
-0.002430013124180093
-0.0024103640233324626
-0.002390645530214164
-0.0023708582125838962
-0.002351002640180981
-0.002331079384708966
-0.0023110890198191577
-0.002291032121094118
-0.0022709092660310945
-0.0022507210340253947
-0.0022304680063537016
-0.0022101507661573656
-0.0021897698984255838
-0.002169325989978585
-0.0021488196294507413
-0.0021282514072736053
-0.0021076219156589207
-0.0020869317485815897
-0.002066181501762556
-0.0020453717726516677
-0.002024503160410474
-0.002003576265894992
-0.001982591691638388
-0.001961550041833651
-0.0019404519223161928
-0.0019192979405464189
-0.0018980887055922305
-0.001876824828111498
-0.0018555069203344812
-0.0018341355960462137
-0.0018127114705688235
-0.0017912351607438303
-0.0017697072849143804
-0.001748128462907462
-0.0017264993160160474
-0.0017048204669812168
-0.0016830925399742395
-0.0016613161605785929
-0.001639491955771956
-0.0016176205539081855
-0.001595702584699197
-0.0015737386791968566
-0.0015517294697748106
-0.0015296755901102906
-0.0015075776751658566
-0.001485436361171135
-0.0014632522856045033
-0.0014410260871747299
-0.0014187584058025966
-0.0013964498826024823
-0.0013741011598638988
-0.0013517128810330062
-0.0013292856906941004
-0.0013068202345510383
-0.0012843171594086732
-0.001261777113154227
-0.001239200744738638
-0.001216588704157881
-0.0011939416424342673
-0.0011712602115976913
-0.0011485450646668673
-0.0011257968556305465
-0.0011030162394286664
-0.0010802038719335088
-0.0010573604099308332
-0.001034486511100956
-0.001011582833999823
-0.0009886500380400527
-0.0009656887834719638
-0.0009426997313645564
-0.0009196835435864889
-0.0008966408827870306
-0.0008735724123769844
-0.0008504787965095828
-0.000827360700061384
-0.0008042187886131279
-0.0007810537284305727
-0.0007578661864453217
-0.0007346568302356194
-0.0007114263280071495
-0.0006881753485737884
-0.0006649045613383513
-0.0006416146362733385
-0.0006183062439016338
-0.0005949800552772103
-0.0005716367419658124
-0.000548276976025642
-0.0005249014299879836
-0.0005015107768378601
-0.00047810568999467163
-0.0004546868432927926
-0.0004312549109621893
-0.0004078105676090009
-0.0003843544881961353
-0.0003608873480238278
-0.00033740982271020443
-0.0003139225881718458
-0.000290426320604317
-0.00026692169646270314
-0.00024340939244215455
-0.0002198900854583942
-0.00019636445262823072
-0.0001728331712500808
-0.00014929691878446072
-0.00012575637283448638
-0.00010221221112638209
-0.00007866511148995684
-0.00005511575183910394
-0.00003156481015227906
-8.012964452990502e-6
0.000015539107209722496
0.00003909072678079689
0.00006264121621867683
0.00008618989751482232
0.00010973609271323106
0.0001332791239299442
0.00015681831337256604
0.00018035298335978439
0.0002038824563408443
0.00022740605491509283
0.00025092310185145073
0.0002744329201079096
0.0002979348328510246
0.0003214281634754065
0.0003449122356231748
0.00036838637320344596
0.00039184990041178983
0.000415302141749673
0.0004387424220439145
0.0004621700664661196
0.0004855844005520913
0.0005089847502212675
0.0005323704417960993
0.0005557408020214589
0.0005790951580840159
0.0006024328376316028
0.0006257531687925623
0.0006490554801950985
0.0006723391009865953
0.0006956033608529281
0.000718847590037754
0.0007420711193617996
0.000765273280242118
0.0007884534047113286
0.0008116108254368541
0.0008347448757401279
0.0008578548896157748
0.0008809402017507877
0.0009040001475436835
0.0009270340631236298
0.000950041285369543
0.0009730211519292011
0.0009959730012382825
0.0010188961725394203
0.0010417900059012336
0.0010646538422372982
0.0010874870233251403
0.0011102888918251726
0.001133058791299619
0.001155796066231405
0.0011785000620430296
0.0012011701251154149
0.0012238056028067077
0.001246405843471067
0.001268970196477434
0.0012914980122282445
0.0013139886421781309
0.001336441438852608
0.0013588557558666745
0.0013812309479434596
0.001403566370932769
0.0014258613818296298
0.0014481153387928152
0.0014703276011633047
0.001492497529482723
0.0015146244855117547
0.0015367078322485218
0.0015587469339469048
0.001580741156134847
0.0016026898656326294
0.0016245924305710725
0.0016464482204097443
0.0016682566059551074
0.0016900169593786231
0.0017117286542348274
0.001733391065479363
0.0017550035694869702
0.0017765655440694368
0.001798076368493502
0.001819535423498745
0.001840942091315378
0.001862295755682062
0.0018835958018636144
0.0019048416166687256
0.0019260325884676098
0.001947168107209582
0.001968247564440657
0.001989270353321038
0.0020102358686425958
0.002031143506846283
0.002051992666039501
0.0020727827460134507
0.0020935131482603714
0.002114183275990803
0.0021347925341507444
0.0021553403294387887
0.0021758260703232
0.002196249167058936
0.002216609031704636
0.002236905078139524
0.002257136722080298
0.0022773033810979493
0.002297404474634501
0.0023174394240197543
0.0023374076524879284
0.0023573085851942466
0.0023771416492315207
0.0023969062736466005
0.0024166018894568363
0.002436227929666454
0.0024557838292828577
0.0024752690253329137
0.002494682956879138
0.002514025065035863
0.002533294792985299
0.00255249158599358
0.0025716148914267344
0.0025906641587665705
0.002609638839626545
0.0026285383877675413
0.0026473622591135838
0.0026661099117675094
0.0026847808060265566
0.0027033744043979155
0.002721890171614184
0.0027403275746487755
0.0027586860827312773
0.0027769651673627033
0.0027951643023307305
0.0028132829637248385
0.002831320629951374
0.002849276781748592
0.002867150902201576
0.0028849424767571352
0.0029026509932386117
0.0029202759418606094
0.0029378168152436913
0.0029552731084289577
0.002972644318892609
0.002989929946560388
0.0030071294938219793
0.003024242465545348
0.0030412683690909607
0.0030582067143259954
0.0030750570136384406
0.00309181878195112
0.0031084915367356677
0.0031250747980264087
0.003141568088434187
0.0031579709331600895
0.00317428286000912
0.0031905033994038025
0.003206632084397673
0.003222668450688746
0.003238612036632863
0.0032544623832569805
0.0032702190342723926
0.003285881536087847
0.0033014494378226173
0.0033169222913194793
0.003332299651157598
0.0033475810746653616
0.003362766121933115
0.003377854355825835
0.003392845341995693
0.0034077386488945674
0.0034225338477864736
0.0034372305127598935
0.003451828220740031
0.0034663265515010085
0.0034807250876779418
0.0034950234147789632
0.00350922112119715
0.003523317798222379
0.0035373130400530796
0.0035512064438079213
0.0035649976095374074
0.0035786861402353895
0.003592271641850488
0.0036057537232974477
0.0036191319964683755
0.003632406076243936
0.00364557558050441
0.0036586401301407145
0.0036715993490653042
0.003684452864222995
0.0036972003056017083
0.003709841306243122
0.003722375502253228
0.0037348025328128036
0.0037471220401878013
0.003759333669739654
0.0037714370699354666
0.0037834318923581378
0.003795317791716402
0.003807094425854757
0.003818761455763309
0.0038303185455875383
0.0038417653626379657
0.003853101577399719
0.0038643268635420312
0.0038754408979276254
0.003886443360622011
0.0038973339349027067
0.0039081123072683445
0.0039187781674476915
0.003929331208408597
0.003939771126366808
0.00395009762079473
0.00396031039443007
0.003970409153284386
0.003980393606651571
0.003990263467116189
0.004000018450561774
0.004009658276178994
0.004019182666473734
0.004028591347275096
0.004037884047743269
0.004047060500377342
0.004056120441022994
0.004065063608880106
0.0040738897465102545
0.004082598599844128
0.004091189918188848
0.0040996634542351685
0.004108018964064604
0.004116256207156451
0.004124374946394702
0.004132374948074883
0.004140255981910765
0.004148017821041007
0.004155660242035675
0.0041631830249026745
0.00417058595309409
0.004177868813512404
0.00418503139651664
0.004192073495928397
0.0041989949090377775
0.00420579543660923
0.0042124748828872675
0.004219033055602123
0.004225469765975268
0.004231784828724852
0.00423797806207103
0.004244049287741198
0.004249998330975128
0.004255825020529988
0.0042615291886852775
0.004267110671247655
0.004272569307555657
0.004277904940484327
0.004283117416449737
0.004288206585413409
0.004293172300886629
0.0042980144199346645
0.004302732803180881
0.004307327314810752
0.004311797822575761
0.004316144197797218
0.004320366315369956
0.004324464053765931
0.004328437295037727
0.0043322859248219395
0.004336009832342473
0.004339608910413727
0.004343083055443683
0.004346432167436883
0.0043496561499973075
0.0043527549103311485
0.004355728359249485
0.004358576411170842
0.004361298984123654
0.0043638959997486316
0.0043663673833010085
0.004368713063652694
0.004370932973294319
0.004373027048337185
0.0043749952285150875
0.004376837457186065
0.004378553681334023
0.0043801438515702566
0.004381607922134874
0.0043829458508981125
0.0043841575993615505
0.004385243132659213
0.004386202419558577
0.004387035432461469
0.004387742147404855
0.004388322544061534
0.004388776605740721
0.0043891043193885265
0.004389305675588327
0.004389380668561042
0.0043893292961652945
0.0043891515598974765
0.004388847464891699
0.004388417019919647
0.004387860237390327
0.004387177133349705
0.004386367727480246
0.004385432043100349
0.004384370107163669
0.004383181950258344
0.0043818676066061145
0.004380427114061334
0.0043788605141098814
0.004377167851867966
0.004375349176080823
0.004373404539121315
0.004371333996988423
0.00436913760930563
0.004366815439319204
0.004364367553896382
0.004361794023523437
0.0043590949223036544
0.004356270327955191
0.004353320321808847
0.004350244988805709
0.004347044417494721
0.00434371870003012
0.004340267932168791
0.004336692213267508
0.0043329916462800724
0.0043291663377543425
0.004325216397829181
0.004321141940231264
0.004316943082271818
0.004312619944843248
0.004308172652415635
0.004303601333033179
0.0042989061183104915
0.004294087143428813
0.004289144547132128
0.00428407847172315
0.004278889063059252
0.004273576470548243
0.004268140847144082
0.004262582349342459
0.004256901137176306
0.00425109737421118
0.00424517122754055
0.004239122867780995
0.004232952469067288
0.004226660209047381
0.004220246268877294
0.004213710833215889
0.004207054090219574
0.004200276231536861
0.004193377452302866
0.004186357951133686
0.004179217930120677
0.004171957594824645
0.004164577154269908
0.004157076820938306
0.004149456810763064
0.004141717343122575
0.004133858640834096
0.004125880930147327
0.004117784440737891
0.004109569405700731
0.004101236061543396
0.0040927846481792285
0.004084215408920463
0.004075528590471219
0.004066724442920392
0.004057803219734471
0.0040487651777502175
0.004039610577167289
0.004030339681540744
0.00402095275777345
0.004011450076108402
0.004001831910120947
0.003992098536710898
0.003982250236094571
0.003972287291796717
0.003962209990642351
0.003952018622748505
0.003941713481515871
0.003931294863620351
0.003920763069004527
0.003910118400869012
0.003899361165663732
0.003888491673079093
0.003877510236037082
0.0038664171706822375
0.0038552127963725606
0.00384389743567033
0.003832471414332788
0.0038209350613027907
0.003809288708699325
0.0037975326918079397
0.0037856673490711157
0.0037736930220784977
0.00376161005555708
0.0037494187973612677
0.0037371195984628714
0.0037247128129410034
0.003712198797971872
0.0036995779138185216
0.0036868505238204356
0.0036740169943830937
0.0036610776949674247
0.00364803299807915
0.0036348832792580874
0.003621628917067322
0.003608270293082306
0.0035948077918798865
0.0035812418010272304
0.0035675727110706565
0.003553800915524407
0.0035399268108593077
0.003525950796491359
0.0035118732747702395
0.003497694650967719
0.0034834153332659874
0.0034690357327459218
0.00345455626337523
0.0034399773419965473
0.003425299388315426
0.003410522824888267
0.003395648077110141
0.0033806755732025484
0.003365605744201093
0.0033504390239430743
0.003335175849054994
0.003319816658939977
0.0033043618957651526
0.0032888120044488878
0.0032731674326480042
0.003257428630744884
0.0032415960518345018
0.003225670151711381
0.003209651388856477
0.003193540224423975
0.0031773371222280095
0.0031610425487293183
0.00314465697302183
0.003128180866819115
0.003111614704440855
0.003094958962799161
0.0030782141213848407
0.0030613806622536172
0.0030444590700122297
0.0030274498318045013
0.0030103534372972955
0.0029931703786664375
0.0029759011505825273
0.0029585462501967165
0.0029411061771263975
0.002923581433440793
0.00290597252364654
0.002888279954673146
0.0028705042358583835
0.0028526458789336594
0.00283470539800926
0.002816683309559545
0.0027985801324081115
0.002780396387712822
0.0027621325989508226
0.0027437892919034692
0.002725366994641187
0.002706866237508275
0.0026882875531076315
0.0026696314762854278
0.0026508985441157074
0.002632089295884931
0.0026132042730764426
0.0025942440193548826
0.002575209080550555
0.0025561000046436786
0.0025369173417486434
0.0025176616440981707
0.002498333466027397
0.002478933363957933
0.0024594618963818407
0.0024399196238455456
0.0024203071089337245
0.002400624916253086
0.0023808736124161234
0.0023610537660248157
0.0023411659476542403
0.0023212107298361587
0.0023011886870425284
0.0022811003956689827
0.0022609464340182005
0.0022407273822833062
0.0022204438225311325
0.0022000963386854624
0.0021796855165102562
0.0021592119435927476
0.00213867620932655
0.002118078904894684
0.002097420623252556
0.0020767019591109034
0.00205592350891865
0.002035085870845755
0.0020141896447659845
0.0019932354322396424
0.001972223836496269
0.001951155462417237
0.0019300309165183917
