0.13070536675654357
1001
0.007495562378501119
0.007830139496308081
0.008164614926165277
0.008498984321393956
0.008833243336692909
0.00916738762819505
0.009501412853523763
0.009835314671849432
0.010169088743945766
0.010502730732246288
0.010836236300900606
0.011169601115830862
0.011502820844787981
0.01183589115740802
0.012168807725268406
0.012501566221944267
0.012834162323064542
0.013166591706368292
0.013498850051760802
0.013830933041369778
0.01416283635960139
0.014494555693196475
0.014826086731286447
0.015157425165449443
0.015488566689766265
0.01581950700087633
0.01615024179803364
0.016480766783162626
0.016811077660914022
0.017141170138720747
0.01747103992685356
0.017800682738476972
0.01813009428970483
0.01845927029965604
0.018788206490510218
0.01911689858756325
0.019445342319282875
0.0197735334173642
0.02010146761678511
0.020429140655861797
0.0207565482763041
0.021083686223270767
0.021410550245424924
0.02173713609498915
0.022063439527800776
0.022389456303367052
0.022715182184920194
0.023040612939472523
0.023365744337871402
0.023690572154854206
0.024015092169103348
0.024339300163300968
0.024663191924183852
0.024986763242598173
0.02531000991355415
0.02563292773628077
0.025955512514280306
0.02627776005538289
0.026599666171800998
0.026921226680183884
0.0272424374016719
0.027563294161950875
0.027883792791306285
0.0282039291246775
0.02852369900171191
0.028843098266818964
0.0291621227692242
0.02948076836302319
0.029799030907235353
0.030116906265857904
0.030434390307919473
0.030751478907533915
0.031068167943953787
0.03138445330162401
0.03170033087023532
0.0320157965447777
0.0323308462255937
0.032645475818431725
0.03295968123449926
0.03327345839051601
0.033586803208766926
0.03389971161715523
0.03421217954925539
0.03452420294436582
0.03483577774756179
0.03514689990974808
0.03545756538771158
0.03576777014417386
0.03607751014784362
0.03638678137346912
0.03669557980189043
0.037003901420091696
0.037311742221253316
0.03761909820480396
0.03792596537647262
0.038232339748340456
0.038538217338892664
0.03884359417307022
0.03914846628232153
0.039452829704653976
0.03975668048468545
0.040060014673695764
0.040362828329677906
0.040665117517389326
0.04096687830840305
0.041268106781158755
0.041568799021013715
0.041868951120293665
0.042168559178343626
0.04246761930157855
0.042766127603533925
0.04306408020491636
0.04336147323365386
0.043658302824946295
0.0439545651213155
0.04425025627265549
0.04454537243628249
0.04483990977698479
0.045133864467072696
0.04542723268642822
0.045720010622554694
0.0460121944706264
0.04630378043353794
0.04659476472195361
0.046885143554356704
0.04717491315709851
0.04746406976444748
0.04775260961863817
0.048040528969919984
0.04832782407660596
0.04861449120512144
0.04890052663005248
0.04918592663419437
0.04947068750859987
0.049754805552627464
0.05003827707398941
0.050321098388799744
0.05060326582162219
0.050884775705517825
0.051165624382092816
0.051445808201545956
0.0517253235227161
0.05200416671312943
0.0522823341490467
0.05255982221551033
0.05283662730639146
0.053112745824436584
0.05338817418131456
0.05366290879766316
0.05393694610313542
0.05421028253644634
0.05448291454541889
0.05475483858703035
0.05502605112745825
0.05529654864212635
0.05556632761575045
0.05583538454238401
0.056103715925463774
0.05637131827785523
0.056638188121897824
0.05690432198945024
0.05716971642193547
0.0574343679703857
0.05769827319548721
0.057961428667625
0.05822383096692742
0.05848547668331054
0.05874636241652254
0.05900648477618789
0.05926584038185131
0.05952442586302188
0.059782237859216665
0.06003927302000446
0.06029552800504941
0.06055099948415422
0.060805684137303674
0.061059578654707604
0.061312679736843935
0.06156498409450162
0.06181648844882334
0.062067189531348196
0.06231708408405398
0.06256616885939979
0.06281444062036799
0.06306189614050643
0.06330853220397036
0.06355434560556407
0.06379933315078284
0.0640434916558541
0.06428681794777906
0.06452930886437389
0.06477096125431074
0.06501177197715875
0.06525173790342488
0.06549085591459455
0.06572912290317211
0.06596653577272134
0.06620309143790568
0.06643878682452814
0.06667361886957149
0.06690758452123795
0.06714068073898886
0.06737290449358418
0.06760425276712186
0.06783472255307713
0.06806431085634146
0.06829301469326154
0.06852083109167804
0.06874775709096433
0.06897378974206474
0.06919892610753307
0.06942316326157076
0.06964649829006478
0.06986892829062562
0.07009045037262492
0.07031106165723314
0.07053075927745685
0.07074954037817613
0.07096740211618152
0.07118434166021105
0.07140035619098709
0.07161544290125282
0.0718295989958089
0.07204282169154969
0.0722551082174994
0.07246645581484819
0.07267686173698784
0.07288632324954782
0.07309483763043031
0.07330240216984601
0.0735090141703491
0.07371467094687241
0.07391936982676227
0.07412310814981322
0.07432588326830276
0.07452769254702545
0.07472853336332731
0.07492840310714005
0.07512729918101478
0.07532521900015576
0.07552215999245415
0.07571811959852136
0.0759130952717222
0.07610708447820817
0.07630008469695028
0.07649209341977177
0.07668310815138074
0.0768731264094027
0.07706214572441267
0.07725016363996727
0.07743717771263674
0.07762318551203665
0.07780818462085948
0.07799217263490606
0.07817514716311676
0.07835710582760255
0.07853804626367603
0.07871796611988204
0.07889686305802815
0.07907473475321534
0.07925157889386787
0.0794273931817635
0.07960217533206335
0.07977592307334151
0.07994863414761466
0.08012030631037138
0.08029093733060126
0.08046052499082394
0.08062906708711794
0.08079656142914927
0.08096300584019996
0.08112839815719616
0.08129273623073652
0.08145601792511996
0.08161824111837336
0.08177940370227933
0.08193950358240341
0.08209853867812147
0.0822565069226466
0.082413406263056
0.08256923466031772
0.08272399008931712
0.0828776705388832
0.08303027401181466
0.083181798524906
0.08333224210897308
0.08348160280887901
0.08362987868355923
0.08377706780604696
0.08392316826349822
0.0840681781572165
0.08421209560267763
0.0843549187295543
0.08449664568174016
0.08463727461737411
0.08477680370886415
0.0849152311429112
0.08505255512053256
0.08518877385708543
0.08532388558228998
0.0854578885402524
0.08559078098948769
0.08572256120294239
0.08585322746801688
0.08598277808658773
0.08611121137502975
0.08623852566423783
0.0863647192996487
0.08648979064126237
0.08661373806366349
0.08673655995604239
0.0868582547222161
0.08697882078064907
0.08709825656447369
0.08721656052151071
0.08733373111428933
0.08744976682006728
0.08756466613085045
0.08767842755341268
0.08779104960931507
0.08790253083492511
0.08801286978143591
0.08812206501488476
0.08823011511617201
0.08833701868107939
0.08844277432028821
0.08854738065939756
0.08865083633894202
0.08875314001440945
0.08885429035625834
0.08895428604993526
0.08905312579589167
0.08915080830960115
0.08924733232157578
0.08934269657738282
0.089436899837661
0.08952994087813652
0.08962181848963906
0.08971253147811747
0.08980207866465524
0.08989045888548591
0.08997767099200808
0.09006371385080039
0.09014858634363634
0.09023228736749864
0.09031481583459366
0.09039617067236559
0.09047635082351027
0.09055535524598896
0.09063318291304204
0.0907098328132021
0.09078530395030723
0.09085959534351397
0.09093270602731005
0.09100463505152684
0.09107538148135177
0.09114494439734057
0.09121332289542905
0.0912805160869449
0.09134652309861933
0.09141134307259831
0.09147497516645374
0.09153741855319446
0.0915986724212769
0.09165873597461567
0.09171760843259397
0.09177528903007359
0.09183177701740504
0.09188707166043707
0.09194117224052636
0.09199407805454687
0.09204578841489892
0.09209630264951808
0.09214562010188397
0.09219374013102885
0.09224066211154579
0.09228638543359693
0.09233090950292136
0.09237423374084282
0.09241635758427724
0.09245728048574006
0.09249700191335336
0.09253552135085273
0.09257283829759395
0.09260895226855968
0.09264386279436548
0.09267756942126613
0.09271007171116148
0.09274136924160203
0.09277146160579455
0.09280034841260731
0.0928280292865752
0.09285450386790453
0.09287977181247778
0.09290383279185804
0.09292668649329329
0.09294833261972044
0.09296877088976922
0.09298800103776583
0.09300602281373631
0.09302283598340999
0.0930384403282223
0.09305283564531774
0.0930660217475525
0.09307799846349687
0.0930887656374375
0.09309832312937937
0.09310667081504762
0.09311380858588922
0.09311973634907438
0.09312445402749764
0.09312796155977898
0.09313025890026458
0.09313134601902742
0.0931312229018677
0.09312988955031297
0.09312734598161806
0.09312359222876504
0.09311862834046258
0.09311245438114547
0.09310507043097374
0.09309647658583152
0.09308667295732594
0.09307565967278555
0.09306343687525884
0.09305000472351217
0.0930353633920278
0.09301951307100169
0.09300245396634092
0.09298418629966107
0.09296471030828331
0.09294402624523132
0.09292213437922808
0.09289903499469224
0.09287472839173451
0.09284921488615373
0.09282249480943285
0.09279456850873441
0.0927654363468963
0.09273509870242684
0.09270355596949992
0.09267080855794993
0.09263685689326638
0.09260170141658836
0.09256534258469885
0.09252778087001873
0.0924890167606007
0.0924490507601229
0.09240788338788238
0.09236551517878827
0.09232194668335499
0.092277178467695
0.09223121111351139
0.09218404521809037
0.0921356813942936
0.09208612027055008
0.092035362490848
0.0919834087147265
0.09193025961726699
0.09187591588908434
0.09182037823631801
0.09176364738062281
0.09170572405915955
0.09164660902458541
0.09158630304504425
0.0915248069041565
0.09146212140100914
0.0913982473501451
0.09133318558155286
0.09126693694065566
0.09119950228830034
0.09113088250074629
0.09106107846965414
0.09099009110207389
0.09091792132043344
0.09084457006252641
0.09077003828150003
0.0906943269458427
0.0906174370393714
0.09053936956121902
0.09046012552582122
0.09037970596290332
0.09029811191746694
0.09021534444977643
0.09013140463534497
0.09004629356492068
0.08996001234447257
0.08987256209517586
0.08978394395339773
0.0896941590706823
0.08960320861373587
0.08951109376441166
0.08941781571969434
0.08932337569168466
0.08922777490758371
0.08913101460967672
0.08903309605531722
0.08893402051691048
0.08883378928189709
0.08873240365273619
0.08862986494688853
0.08852617449679939
0.08842133364988126
0.08831534376849624
0.08820820622993848
0.0880999224264162
0.08799049376503351
0.08787992166777232
0.08776820757147373
0.08765535292781937
0.08754135920331256
0.08742622787925926
0.08730996045174873
0.08719255843163423
0.08707402334451328
0.08695435673070788
0.08683356014524453
0.08671163515783382
0.08658858335285032
0.08646440632931184
0.08633910570085858
0.08621268309573232
0.08608514015675518
0.08595647854130818
0.08582669992130991
0.08569580598319458
0.08556379842789032
0.08543067897079687
0.08529644934176342
0.08516111128506611
0.0850246665593853
0.08488711693778282
0.08474846420767874
0.08460871017082847
0.08446785664329896
0.08432590545544537
0.08418285845188718
0.08403871749148425
0.08389348444731258
0.08374716120664012
0.08359974967090214
0.0834512517556765
0.08330166939065882
0.08315100451963739
0.0829992591004679
0.08284643510504795
0.0826925345192915
0.08253755934310304
0.08238151159035159
0.0822243932888445
0.08206620648030116
0.08190695322032644
0.08174663557838391
0.08158525563776908
0.08142281549558222
0.08125931726270108
0.08109476306375371
0.08092915503709043
0.08076249533475637
0.08059478612246344
0.08042602957956214
0.08025622789901311
0.08008538328735897
0.07991349796469528
0.07974057416464196
0.07956661413431414
0.07939162013429289
0.07921559443859601
0.07903853933464834
0.07886045712325214
0.07868135011855712
0.07850122064803035
0.07832007105242605
0.0781379036857553
0.07795472091525509
0.07777052512135793
0.0775853186976608
0.07739910405089387
0.07721188360088954
0.07702365978055067
0.07683443503581924
0.07664421182564433
0.07645299262195038
0.07626077990960482
0.076067576186386
0.07587338396295072
0.07567820576280145
0.07548204412225357
0.07528490159040256
0.07508678072909064
0.07488768411287382
0.07468761432898798
0.0744865739773157
0.07428456567035222
0.07408159203317141
0.07387765570339194
0.07367275933114285
0.07346690557902903
0.07326009712209669
0.07305233664779881
0.07284362685595971
0.07263397045874047
0.07242337018060346
0.07221182875827692
0.0719993489407194
0.07178593348908414
0.07157158517668306
0.07135630678895086
0.07114010112340864
0.0709229709896277
0.07070491920919302
0.07048594861566641
0.07026606205454988
0.0700452623832487
0.06982355247103406
0.06960093519900591
0.06937741346005562
0.06915299015882803
0.06892766821168422
0.0687014505466631
0.06847434010344376
0.06824633983330704
0.06801745269909713
0.06778768167518344
0.06755702974742142
0.06732549991311408
0.06709309518097319
0.0668598185710796
0.0666256731148447
0.06639066185497051
0.06615478784541039
0.06591805415132923
0.06568046384906366
0.06544202002608224
0.06520272578094488
0.0649625842232632
0.06472159847365962
0.06447977166372688
0.0642371069359877
0.06399360744385349
0.06374927635158355
0.06350411683424413
0.06325813207766688
0.06301132527840762
0.06276369964370472
0.06251525839143746
0.06226600475008422
0.062015941958680536
0.061765073266776896
0.061513401934396666
0.06126093123199373
0.06100766444040974
0.06075360485083186
0.06049875576474967
0.060243120493912346
0.05998670236028577
0.05972950469600919
0.059471530843352015
0.05921278415467043
0.05895326799236356
0.05869298572883008
0.05843194074642429
0.058170136437412076
0.057907576203926905
0.057644263457925796
0.05738020162114446
0.057115394125053405
0.05684984441081303
0.05658355592922894
0.05631653214070725
0.05604877651520931
0.05578029253220701
0.05551108368063733
0.055241153458856926
0.0549705053745968
0.05469914294491679
0.05442706969615969
0.05415428916390541
0.053880804892925335
0.05360662043713592
0.05333173935955255
0.05305616523224349
0.05277990163628318
0.052502952161705856
0.052225320407458815
0.05194700998135573
0.05166802450002979
0.05138836758888643
0.05110804288205651
0.05082705402234918
0.05054540466120405
0.05026309845864422
0.04998013908322855
0.049696530212004
0.04941227553045766
0.04912737873246927
0.048841843520262815
0.048555673604358536
0.04826887270352487
0.04798144454472992
0.04769339286309314
0.0474047214018367
0.04711543391223699
0.04682553415357568
0.04653502589309106
0.046243912905928886
0.04595219897509358
0.04565988789139879
0.04536698345341827
0.04507348946743662
0.04477940974739952
0.044484748114864435
0.04418950839895095
0.04389369443629084
0.043597310070978265
0.043300359154519984
0.0430028455457851
0.04270477311095489
0.04240614572347284
0.042106967263994065
0.041807241620334744
0.04150697268742215
0.04120616436724348
0.040904820568795276
0.040602945208032905
0.040300542207819215
0.0399976154978741
0.0396941690147228
0.039390206701645385
0.039085732508625154
0.03878075039229716
0.0384752643158972
0.038169278249210035
0.03786279616851788
0.03755582205654864
0.03724835990242451
0.03694041370160954
0.0366319874558582
0.03632308517316321
0.0360137108677034
0.0357038685597917
0.03539356227582268
0.03508279604822043
0.034771573915386114
0.03445989992164536
0.03414777811719579
0.03383521255805453
0.03352220730600519
0.03320876642854532
0.03289489399883356
0.03258059409563654
0.03226587080327597
0.03195072821157569
0.031635170415808184
0.031319201516641804
0.0310028256200871
0.030686046837443654
0.030368869285246607
0.03005129708521321
0.029733334364189155
0.02941498525409507
0.029096253891872738
0.028777144419431373
0.02845766098359373
0.028137807736042443
0.02781758883326572
0.02749700843650362
0.027176070711693815
0.0268547798294175
0.026533139964845354
0.026211155297682864
0.02588883001211651
0.025566168296759163
0.025243174344595408
0.02491985235292759
0.024596206523320792
0.024272241061548495
0.02394796017753783
0.023623368085314848
0.02329846900294997
0.022973267152502745
0.022647766759967394
0.02232197205521781
0.021995887271952334
0.021669516647639046
0.02134286442346051
0.021015934844258833
0.020688732158480307
0.020361260618120266
0.020033524478668043
0.0197055279990511
0.019377275441580456
0.019048771071894656
0.01872001915890473
0.01839102397473855
0.018061789794685316
0.017732320897139924
0.017402621563547598
0.017072696078348083
0.016742548728919903
0.016412183805525053
0.016081605601252554
0.015750818411963276
0.015419826536233831
0.015088634275300777
0.0147572459330047
0.014425665815734278
0.014093898232370427
0.013761947494230204
0.013429817915010765
0.013097513810733203
0.01276503949968688
0.012432399302372865
0.012099597541447873
0.011766638541668385
0.011433526629834084
0.011100266134731815
0.010766861387079298
0.010433316719468845
0.010099636466311103
0.0097658249637784
0.009431886549749288
0.00909782556375109
0.008763646346903997
0.00842935324186478
0.008094950592770276
0.007760442745180536
0.007425834046023118
0.007091128843535904
0.006756331487211028
0.006421446327738076
0.006086477716947666
0.005751430007755051
0.005416307554103113
0.005081114710906328
0.004745855833993794
0.004410535280052781
0.004075157406571938
0.003739726571785048
0.0034042471346140252
0.003068723454612278
0.002733159891908408
0.0023975608071491817
0.00206193056144292
0.001726273516303185
0.0013905940335915935
0.0010548964754613366
0.0007191852043006197
0.0003834645826758103
0.00004773897327492243
-0.00028798726114931313
-0.0006237097578359872
-0.0009594241540726989
-0.0012951260872523947
-0.001630811194929945
-0.0019664751148785868
-0.002302113485147271
-0.0026377219441166854
-0.0029732961305561755
-0.0033088316836806545
-0.003644324243206913
-0.0039797694494103746
-0.0043151629431818555
-0.004650500366084246
-0.004985777360408995
-0.005320989569232644
-0.00565613263647392
-0.005991202206949733
-0.006326193926432215
-0.006661103441705113
-0.006995926400620467
-0.0073306584521551635
-0.007665295246467021
-0.007999832434952135
-0.008334265670300788
-0.00866859060655413
-0.009002802899160715
-0.009336898205032888
-0.00967087218260296
-0.01000472049188023
-0.010338438794506877
-0.010672022753814521
-0.011005468034880526
-0.011338770304584569
-0.011671925231664382
-0.01200492848677267
-0.012337775742533039
-0.012670462673596285
-0.01300298495669665
-0.013335338270707852
-0.013667518296699453
-0.01399952071799282
-0.014331341220217385
-0.014662975491366484
-0.01499441922185366
-0.015325668104568209
-0.015656717834931833
-0.01598756411095402
-0.016318202633288162
-0.016648629105287444
-0.016978839233060598
-0.017308828725527508
-0.017638593294475664
-0.017968128654615164
-0.018297430523634674
-0.018626494622257097
-0.01895531667429518
-0.019283892406706853
-0.019612217549651187
-0.019940287836543658
-0.020268099004111494
-0.02059564679244921
-0.02092292694507381
-0.021249935208980462
-0.02157666733469726
-0.021903119076340807
-0.022229286191671388
-0.0225551644421479
-0.02288074959298292
-0.023206037413198127
-0.023531023675678723
-0.023855704157228836
-0.024180074638626106
-0.024504130904676603
-0.024827868744269704
-0.025151283950432656
-0.02547437232038542
-0.025797129655595104
-0.026119551761830635
-0.026441634449217162
-0.02676337353229066
-0.027084764830052205
-0.027405804166022323
-0.02772648736829535
-0.02804681026959357
-0.02836676870732115
-0.02868635852361871
-0.029005575565417052
-0.029324415684491022
-0.02964287473751383
-0.029960948586110384
-0.030278633096911426
-0.0305959241416072
-0.030912817597000944
-0.03122930934506262
-0.03154539527298228
-0.03186107127322368
-0.032176333243577576
-0.03249117708721499
-0.03280559871274068
-0.03311959403424579
-0.03343315897136158
-0.03374628944931195
-0.03405898139896674
-0.034371230756894355
-0.03468303346541471
-0.03499438547265209
-0.035305282732587255
-0.035615721205110695
-0.03592569685607483
-0.036235205657346344
-0.03654424358685867
-0.03685280662866425
-0.03716089077298657
-0.03746849201627252
-0.03777560636124414
-0.038082229816950884
-0.03838835839882117
-0.03869398812871445
-0.038999115034972526
-0.039303735152471556
-0.03960784452267337
-0.03991143919367698
-0.040214515220269906
-0.040517068663979326
-0.040819095593123515
-0.04112059208286281
-0.04142155421525057
-0.04172197807928404
-0.042021859770955475
-0.04232119539330236
-0.04261998105645853
-0.042918212877704566
-0.043215886981518126
-0.04351299949962445
-0.04380954657104664
-0.04410552434215559
-0.04440092896672035
-0.04469575660595803
-0.04499000342858371
-0.04528366561086013
-0.04557673933664729
-0.04586922079745243
-0.046161106192479054
-0.04645239172867666
-0.046743073620789825
-0.04703314809140763
-0.04732261137101238
-0.04761145969802892
-0.04789968931887353
-0.04818729648800224
