0.19757787998082169
1001
-0.002615722471315552
-0.0026263460824669117
-0.002636891610470843
-0.0026473587424728326
-0.002657747167946715
-0.0026680565787038928
-0.0026782866689024675
-0.0026884371350563226
-0.002698507676044117
-0.002708497993118229
-0.002718407789913609
-0.0027282367724565733
-0.002737984649173528
-0.002747651130899616
-0.002757235930887293
-0.002766738764814837
-0.00277615935079478
-0.0027854974093822725
-0.0027947526635833685
-0.0028039248388632477
-0.002813013663154355
-0.00282201886686447
-0.0028309401828847097
-0.002839777346597446
-0.0028485300958841575
-0.0028571981711332066
-0.0028657813152475338
-0.002874279273652291
-0.00288269179430239
-0.0028910186276899777
-0.0028992595268518373
-0.0029074142473767147
-0.002915482547412567
-0.002923464187673738
-0.0029313589314480543
-0.002939166544603845
-0.0029468867955968897
-0.002954519455477283
-0.002962064297896227
-0.002969521099112746
-0.0029768896380003174
-0.0029841696960534367
-0.0029913610573940965
-0.002998463508778185
-0.0030054768396018177
-0.0030124008419075764
-0.0030192353103906822
-0.0030259800424050813
-0.0030326348379694583
-0.0030391994997731645
-0.0030456738331820685
-0.0030520576462443345
-0.0030583507496961047
-0.0030645529569671235
-0.0030706640841862624
-0.0030766839501869788
-0.0030826123765126806
-0.003088449187422027
-0.003094194209894133
-0.003099847273633706
-0.0031054082110760924
-0.0031108768573922447
-0.0031162530504936143
-0.003121536631036953
-0.003126727442429041
-0.00313182533083133
-0.0031368301451644995
-0.0031417417371129453
-0.0031465599611291677
-0.003151284674438095
-0.0031559157370413086
-0.003160453011721203
-0.003164896364045046
-0.0031692456623689655
-0.0031735007778418566
-0.0031776615844091977
-0.003181727958816787
-0.0031856997806143992
-0.0031895769321593514
-0.0031933592986199953
-0.0031970467679791168
-0.003200639231037258
-0.0032041365814159547
-0.003207538715560888
-0.003210845532744951
-0.0032140569350712386
-0.003217172827475944
-0.0032201931177311795
-0.003223117716447707
-0.0032259465370775876
-0.003228679495916743
-0.003231316512107439
-0.0032338575076406814
-0.003236302407358521
-0.0032386511389562844
-0.003240903632984718
-0.0032430598228520356
-0.0032451196448258987
-0.003247083038035301
-0.0032489499444723693
-0.003250720308994081
-0.0032523940793238977
-0.003253971206053309
-0.0032554516426432987
-0.003256835345425715
-0.0032581222736045726
-0.003259312389257246
-0.003260405657335601
-0.003261402045667022
-0.0032623015249553695
-0.0032631040687818415
-0.0032638096536057523
-0.003264418258765227
-0.003264929866477811
-0.0032653444618409946
-0.003265662032832646
-0.003265882570311366
-0.0032660060680167555
-0.003266032522569599
-0.003265961933471951
-0.003265794303107158
-0.003265529636739773
-0.0032651679425154006
-0.0032647092314604482
-0.0032641535174817954
-0.003263500817366374
-0.0032627511507806687
-0.0032619045402701237
-0.003260961011258473
-0.003259920592046981
-0.0032587833138135957
-0.0032575492106120176
-0.0032562183193706874
-0.0032547906798916838
-0.0032532663348495373
-0.003251645329789957
-0.0032499277131284796
-0.0032481135361490184
-0.0032462028530023473
-0.0032441957207044792
-0.0032420921991349744
-0.0032398923510351565
-0.0032375962420062476
-0.0032352039405074127
-0.003232715517853726
-0.0032301310482140467
-0.0032274506086088176
-0.0032246742789077674
-0.003221802141827542
-0.0032188342829292415
-0.0032157707906158703
-0.0032126117561297224
-0.0032093572735496525
-0.0032060074397882907
-0.0032025623545891557
-0.003199022120523689
-0.0031953868429882067
-0.003191656630200768
-0.0031878315931979564
-0.003183911845831582
-0.0031798975047652904
-0.003175788689471103
-0.0031715855222258613
-0.0031672881281075956
-0.0031628966349918045
-0.003158411173547658
-0.0031538318772341106
-0.003149158882295938
-0.0031443923277596885
-0.003139532355429547
-0.003134579109883127
-0.003129532738467171
-0.003124393391293174
-0.0031191612212329214
-0.0031138363839139462
-0.003108419037714908
-0.003102909343760886
-0.0030973074659185855
-0.003091613570791481
-0.003085827827714857
-0.0030799504087507764
-0.0030739814886829777
-0.0030679212450116723
-0.0030617698579482764
-0.0030555275104100542
-0.003049194388014689
-0.0030427706790747593
-0.003036256574592154
-0.0030296522682523946
-0.00302295795641888
-0.003016173838127055
-0.0030093001150784935
-0.0030023369916349165
-0.0029952846748121094
-0.002988143374273779
-0.002980913302325327
-0.002973594673907537
-0.0029661877065901977
-0.002958692620565631
-0.0029511096386421612
-0.002943438986237487
-0.002935680891371995
-0.0029278355846619765
-0.002919903299312788
-0.0029118842711119155
-0.002903778738421979
-0.002895586942173643
-0.002887309125858468
-0.0028789455355216743
-0.0028704964197548374
-0.0028619620296884986
-0.002853342618984713
-0.002844638443829509
-0.002835849762925282
-0.002826976837483113
-0.0028180199312150063
-0.002808979310326057
-0.002799855243506549
-0.0027906480019239707
-0.0027813578592149604
-0.002771985091477183
-0.002762529977261129
-0.002752992797561837
-0.002743373835810555
-0.0027336733778663175
-0.0027238917120074578
-0.0027140291289230465
-0.002704085921704254
-0.002694062385835654
-0.0026839588191864406
-0.0026737755220015863
-0.0026635127968929204
-0.0026531709488301475
-0.0026427502851317872
-0.0026322511154560457
-0.0026216737517916235
-0.002611018508448445
-0.0026002857020483317
-0.002589475651515586
-0.002578588678067536
-0.0025676251052049836
-0.0025565852587026024
-0.002545469466599264
-0.0025342780591882893
-0.0025230113690076494
-0.0025116697308300837
-0.002500253481653159
-0.0024887629606892615
-0.0024771985093555242
-0.0024655604712636894
-0.0024538491922098996
-0.002442065020164433
-0.0024302083052613653
-0.0024182793997881828
-0.0024062786581752994
-0.002394206436985556
-0.0023820630949036165
-0.0023698489927253172
-0.0023575644933469587
-0.0023452099617545233
-0.0023327857650128404
-0.0023202922722546848
-0.0023077298546698125
-0.002295098885493939
-0.0022823997399976635
-0.002269632795475307
-0.002256798431233728
-0.0022438970285810467
-0.002230928970815325
-0.0022178946432131847
-0.002204794433018366
-0.0021916287294302286
-0.002178397923592193
-0.0021651024085801262
-0.0021517425793906677
-0.002138318832929507
-0.002124831567999587
-0.0021112811852892644
-0.002097668087360418
-0.002083992678636489
-0.002070255365390471
-0.002056456555732846
-0.002042596659599468
-0.002028676088739392
-0.0020146952567026383
-0.0020006545788279206
-0.0019865544722303106
-0.001972395355788852
-0.0019581776501341186
-0.001943901777635728
-0.001929568162389798
-0.001915177230206356
-0.0019007294085966876
-0.0018862251267606522
-0.001871664815573925
-0.0018570489075752175
-0.0018423778369534229
-0.0018276520395347268
-0.0018128719527696646
-0.0017980380157201342
-0.0017831506690463563
-0.001768210354993789
-0.0017532175173799972
-0.0017381726015814748
-0.0017230760545204177
-0.0017079283246514527
-0.00169272986194832
-0.0016774811178905187
-0.0016621825454498943
-0.00164683459907719
-0.001631437734688546
-0.001615992409651979
-0.0016004990827737803
-0.0015849582142849073
-0.0015693702658273107
-0.0015537357004402291
-0.0015380549825464392
-0.0015223285779384609
-0.0015065569537647376
-0.001490740578515755
-0.0014748799220101337
-0.0014589754553806721
-0.0014430276510603746
-0.0014270369827684018
-0.0014110039254960193
-0.0013949289554924865
-0.0013788125502509198
-0.0013626551884941094
-0.0013464573501603084
-0.0013302195163889799
-0.0013139421695065121
-0.001297625793011898
-0.0012812708715623695
-0.0012648778909590186
-0.0012484473381323697
-0.001231979701127913
-0.0012154754690916257
-0.001198935132255431
-0.0011823591819226647
-0.0011657481104534622
-0.0011491024112501606
-0.0011324225787426308
-0.0011157091083736108
-0.0010989624965839831
-0.0010821832407980404
-0.001065371839408715
-0.0010485287917627783
-0.0010316545981460192
-0.001014749759768379
-0.0009978147787490783
-0.0009808501581017074
-0.0009638564017192829
-0.0009468340143592958
-0.0009297835016287149
-0.0009127053699689836
-0.0008956001266409716
-0.000878468279709923
-0.0008613103380303592
-0.000844126811230991
-0.0008269182096995562
-0.0008096850445676889
-0.0007924278276957376
-0.0007751470716575601
-0.0007578432897253103
-0.0007405169958541936
-0.0007231687046672099
-0.0007057989314398751
-0.0006884081920849137
-0.0006709970031369486
-0.0006535658817371597
-0.0006361153456179284
-0.0006186459130874674
-0.00060115810301443
-0.0005836524348125019
-0.0005661294284249845
-0.0005485896043093495
-0.0005310334834217897
-0.0005134615872017483
-0.0004958744375564419
-0.000478272556845356
-0.00046065646786474205
-0.00044302669383208587
-0.000425383758370585
-0.00040772818549359303
-0.0003900604995890597
-0.00037238122540396277
-0.000354690888028733
-0.0003369900128816502
-0.0003192791256932545
-0.00030155875249073487
-0.00028382941958230356
-0.0002660916535415775
-0.00024834598119193073
-0.00023059292959087303
-0.0002128330260143792
-0.00019506679794124642
-0.00017729477303742562
-0.0001595174791403621
-0.00014173544424331454
-0.00012394919647967968
-0.00010615926410731395
-0.00008836617549285618
-0.00007057045909602183
-0.00005277264345392295
-0.000034973257165373264
-0.000017172828875198852
6.281127414655421e-7
0.000018429038994875843
0.000036229421196368556
0.00005402873067405904
0.00007182643878854696
0.00008962201694859829
0.00010741493662685913
0.00012520466937552543
0.000142990686842058
0.000160772460784846
0.00017854946308890933
0.00019632116578157088
0.0002140870410481339
0.00023184656124755358
0.00024959919892810476
0.0002673444268430429
0.0002850817179662523
0.00030281054550790435
0.0003205303829300922
0.0003382407039624651
0.00035594098261785553
0.0003736306932078956
0.00039130931035862644
0.00040897630902608735
0.00042663116451192965
0.00044427335247896644
0.00046190234896676026
0.00047951763040716966
0.0004971186736399024
0.0005147049559280416
0.0005322759549735782
0.000549831148932896
0.0005673700164322892
0.0005848920365834358
0.0006023966889988523
0.0006198834538073579
0.000637351811669505
0.0006548012437929983
0.0006722312319480999
0.0006896412584830112
0.0007070308063392545
0.0007243993590670075
0.0007417464008404527
0.0007590714164730853
0.000776373891433011
0.0007936533118582192
0.0008109091645718507
0.0008281409370974231
0.0008453481176740494
0.0008625301952716376
0.0008796866596060555
0.0008968170011542929
0.0009139207111695788
0.0009309972816964886
0.000948046205586032
0.0009650669765107042
0.000982059088979522
0.0009990220383530324
0.001015955320858293
0.0010328584336038297
0.0010497308745945747
0.0010665721427467636
0.0010833817379028148
0.0011001591608461763
0.0011169039133161586
0.0011336154980227196
0.001150293418661222
0.0011669371799271878
0.0011835462875309916
0.0012001202482125435
0.0012166585697559178
0.0012331607610039893
0.0012496263318730037
0.0012660547933671291
0.001282445657592978
0.001298798437774091
0.0013151126482653882
0.0013313878045675901
0.0013476234233416014
0.0013638190224228685
0.001379974120835679
0.0013960882388074605
0.0014121608977830122
0.001428191620438721
0.0014441799306967268
0.0014601253537390665
0.0014760274160217574
0.0014918856452888784
0.001507699570586567
0.0015234687222770184
0.0015391926320524262
0.0015548708329488812
0.0015705028593602426
0.0015860882470519581
0.0016016265331748444
0.0016171172562788351
0.001632559956326682
0.0016479541747076085
0.0016632994542509234
0.0016785953392396014
0.0016938413754238146
0.0017090371100344163
0.0017241820917963723
0.0017392758709421803
0.0017543179992252091
0.0017693080299330131
0.001784245517900591
0.0017991300195236086
0.0018139610927715606
0.0018287382972009025
0.001843461193968127
0.0018581293458427872
0.0018727423172204844
0.0018872996741357948
0.0019018009842751613
0.0019162458169897237
0.0019306337433081045
0.001944964335949147
0.0019592371693346036
0.001973451819601767
0.0019876078646160525
0.0020017048839835344
0.002015742459063433
0.002029720172980537
0.002043637610637578
0.002057494358727559
0.0020712900057460264
0.002085024142003285
0.002098696359636568
0.0021123062526221294
0.0021258534167873187
0.0021393374498225684
0.0021527579512933452
0.0021661145226520304
0.0021794067672497625
0.002192634290348204
0.002205796699131269
0.0022188936027167827
0.0022319246121680846
0.002244889340505576
0.0022577874027182123
0.002270618415774932
0.002283381998636033
0.0022960777722644695
0.0023087053596371255
0.0023212643857560013
0.002333754477659338
0.0023461752644327047
0.002358526377220003
0.0023708074492344157
0.0023830181157693015
0.002395158014209017
0.0024072267840396923
0.002419224066859926
0.002431149506391427
0.0024430027484895964
0.002454783441154034
0.0024664912345389997
0.0024781257809637874
0.0024896867349230548
0.002501173753097084
0.002512586494361967
0.0025239246197997374
0.0025351877927084314
0.0025463756786120854
0.0025574879452706614
0.0025685242626899197
0.0025794843031312067
0.002590367741121191
0.002601174253461524
0.002611903519238436
0.0026225552198322626
0.002633129038926904
0.0026436246625192203
0.002654041778928343
0.002664380078804942
0.0026746392551404027
0.0026848190032759383
0.0026949190209116397
0.0027049390081154423
0.002714878667332045
0.002724737703391732
0.0027345158235191347
0.0027442127373419325
0.0027538281568994676
0.0027633617966512963
0.002772813373485662
0.0027821826067279073
0.0027914692181488007
0.0028006729319728003
0.002809793474886236
0.0028188305760454306
0.002827783967084736
0.002836653382124499
0.0028454385577789585
0.0028541392331640648
0.00286275514990522
0.002871286052144955
0.0028797316865505165
0.0028880918023213983
0.0028963661511967795
0.0029045544874628953
0.0029126565679603363
0.002920672152091263
0.0029286010018265466
0.0029364428817128443
0.0029441975588795737
0.0029518648030458466
0.0029594443865272844
0.0029669360842427936
0.0029743396737212406
0.0029816549351080507
0.0029888816511717473
0.0029960196073103933
0.0030030685915579634
0.0030100283945906285
0.0030168988097329865
0.0030236796329641867
0.003030370662923986
0.003036971700918727
0.003043482550927242
0.003049903019606667
0.0030562329162981796
0.003062472053032665
0.0030686202445362903
0.0030746773082360075
0.003080643064264975
0.003086517335467887
0.0030922999474062482
0.003097990728363537
0.0031035895093503144
0.0031090961241092303
0.0031145104091199667
0.0031198322036040892
0.0031250613495298206
0.0031301976916167274
0.0031352410773403325
0.0031401913569366444
0.0031450483834066
0.00314981201252043
0.003154482102821935
0.0031590585156326956
0.0031635411150561753
0.003167929767981763
0.003172224344088721
0.003176424715850054
0.003180530758536297
0.003184542350219209
0.003188459371775405
0.0031922817068898764
0.003196009242059459
0.003199641866596188
0.0032031794726305957
0.003206621955114901
0.0032099692118261382
0.0032132211433691816
0.0032163776531797055
0.0032194386475270374
0.003222404035516953
0.003225273729094363
0.0032280476430459337
0.003230725695002611
0.003233307805442067
0.0032357938976910645
0.0032381838979277195
0.0032404777351837067
0.0032426753413463544
0.003244776651160671
0.0032467816022312807
0.0032486901350242746
0.003250502192868973
0.0032522177219596157
0.003253836671356949
0.003255358992989742
0.0032567846416562125
0.003258113575025366
0.0032593457536382515
0.003260481140909133
0.003261519703126574
0.003262461409454438
0.0032633062319328
0.003264054145478778
0.003264705127887277
0.0032652591598316414
0.0032657162248642376
0.00326607630941693
0.003266339402801492
0.0032665054972099137
0.0032665745877146412
0.003266546672268711
0.0032664217517058215
0.0032661998297402956
0.0032658809129669773
0.0032654650108610308
0.0032649521357776576
0.0032643423029517305
0.0032636355304973383
0.003262831839407245
0.0032619312535522712
0.003260933799680576
0.0032598395074168664
0.0032586484092615164
0.0032573605405895986
0.003255975939649835
0.0032544946475634544
0.003252916708322978
0.003251242168790908
0.003249471078698331
0.0032476034906434486
0.0032456394600900054
0.003243579045365648
0.003241422307660186
0.0032391693110237784
0.0032368201223650266
0.0032343748114489917
0.003231833450895115
0.003229196116175065
0.0032264628856104936
0.0032236338403707114
0.0032207090644702716
0.0032176886447664774
0.0032145726709568033
0.0032113612355762254
0.003208054433994476
0.003204652364413213
0.003201155127863095
0.003197562828200788
0.0031938755721058745
0.003190093469077689
0.003186216631432064
0.0031822451742979903
0.0031781792156142046
0.0031740188761256783
0.003169764279380036
0.003165415551723883
0.0031609728222990567
0.0031564362230387835
0.0031518058886637686
0.003147081956678187
0.003142264567365605
0.00313735386378481
0.003132349991765563
0.003127253099904266
0.00312206333955955
0.0031167808648477776
0.0031114058326384693
0.0031059384025496394
0.0031003787369430578
0.003094727000919429
0.0030889833623134856
0.0030831479916890083
0.0030772210623337534
0.00307120275025431
0.003065093234170877
0.003058892695511943
0.003052601318408908
0.0030462192896906176
0.0030397467988778023
0.003033184038177461
0.003026531202477142
0.003019788489339164
0.003012956098994741
0.0030060342343380415
0.002999023100920163
0.00299192290694302
0.002984733863253172
0.002977456183335549
0.002970090083307122
0.002962635781910479
0.00295509350050733
0.0029474634630719324
0.002939745896184443
0.002931941029024183
0.0029240490933628363
0.0029160703235575625
0.0029080049565440432
0.002899853231829437
0.002891615391485276
0.002883291680140266
0.0028748823449730363
0.0028663876357047837
0.002857807804591865
0.002849143106418303
0.002840393798488223
0.0028315601406182075
0.0028226423951295825
0.0028136408268406255
0.002804555703058707
0.0027953872935723434
0.0027861358706431924
0.0027768017089979604
0.0027673850858202505
0.00275788628074233
0.002748305575836823
0.0027386432556083355
0.0027288996069850086
0.002719074919309994
0.00270916948433286
0.0026991835962009367
0.0026891175514505657
0.00267897164899831
0.002668746190132066
0.002658441478502124
0.002648057820112144
0.0026375955233100697
0.0026270548987789785
0.0026164362595278465
0.002605739920882255
0.0025949662004750313
0.0025841154182368125
0.0025731878963865446
0.0025621839594219165
0.002551103934109721
0.002539948149476149
0.0025287169367970226
0.002517410629587962
0.0025060295635944653
0.0024945740767819548
0.002483044509325731
0.0024714412036008827
0.002459764504172098
0.002448014757783454
0.0024361923133481072
0.0024242975219379414
0.0024123307367731315
0.002400292313211661
0.0023881826087387703
0.002376001982956335
0.0023637507975721927
0.0023514294163894008
0.0023390382052954346
0.0023265775322513114
0.002314047767280679
0.002301449282458815
0.0022887824519015926
0.002276047651754349
0.002263245260180734
0.002250375657351477
0.0022374392254330905
0.0022244363485765255
0.002211367412905767
0.0021982328065063613
0.002185032919413898
0.002171768143602422
0.0021584388729727995
0.0021450455033410155
0.002131588432426423
0.0021180680598399315
0.0021044847870721394
0.0020908390174814136
0.0020771311562819117
0.002063361610531553
0.0020495307891199143
0.0020356391027561006
0.0020216869639565595
0.002007674787032808
0.0019936029880791447
0.001979471984960289
0.0019652821972989776
0.0019510340464634936
0.0019367279555551624
0.0019223643493957842
0.0019079436545150195
0.0018934662991377264
0.0018789327131712335
0.001864343328192583
0.0018496985774357274
0.0018349988957786342
0.0018202447197303935
0.0018054364874182537
0.0017905746385746006
0.0017756596145239154
0.0017606918581696553
0.0017456718139811126
0.0017305999279802133
0.0017154766477282593
0.0017003024223126567
0.001685077702333571
0.0016698029398905473
0.0016544785885690872
0.001639105103427176
0.0016236829409817719
0.001608212559195254
0.0015926944174618149
0.0015771289765938255
0.0015615166988081413
0.001545858047712392
0.0015301534882912078
0.0015144034868924078
0.0014986085112131536
0.001482769030286065
0.0014668855144652892
0.0014509584354125333
0.001434988266083057
0.001418975480711639
0.0014029205547984767
0.001386823965095083
0.0013706861895901128
0.0013545077074951866
0.0013382889992306496
0.001322030546411306
0.001305732831832128
0.0012893963394539024
0.0012730215543888723
0.001256608962886324
0.0012401590523181635
0.001223672311164416
0.0012071492289987482
0.0011905902964739158
0.0011739960053071988
0.0011573668482657944
0.0011407033191521982
0.001124005912789523
0.0011072751250068161
0.0010905114526243327
0.0010737153934387857
0.0010568874462085587
0.001040028110638902
0.0010231378873670888
0.0010062172779475508
0.0009892667848369824
0.0009722869113794316
0.0009552781617913323
0.0009382410411465599
0.0009211760553613995
0.0009040837111795525
0.0008869645161570752
0.0008698189786473097
0.0008526476077857878
0.0008354509134751106
0.000818229406369819
0.0008009835978612114
0.0007837140000621731
0.0007664211257919558
0.0007491054885609669
0.0007317676025555078
0.0007144079826225047
0.000697027144254242
0.0006796256035730211
0.0006622038773158612
0.0006447624828191359
0.0006273019380032301
0.0006098227613571509
0.0005923254719231212
0.0005748105892811912
0.0005572786335337938
0.0005397301252902972
0.0005221655856515539
0.000504585536194426
0.00048699049895629335
0.000469380996419557
0.0004517575514961195
0.0004341206875118616
0.0004164709281910988
0.0003988087976410329
0.000381134820336187
0.0003634495211028311
0.0003457534251034004
0.0003280470578208949
0.000310330945043289
0.00029260561284790126
0.0002748715875857863
0.0002571293958660914
0.00023937956454043297
0.0002216226206872538
0.00020385909159615576
0.0001860895047522541
0.00016831438782050856
0.00015053426863007003
0.0001327496751585757
0.00011496113551650397
0.00009716917793147068
0.00007937433073256238
0.00006157712233462809
0.000043778081222600714
0.00002597773593579809
8.176615052240913e-6
-9.624752827058796e-6
-0.000027425839093792847
-0.000045226115148043265
-0.0000630250524139774
-0.0000808221223555591
-0.00009861679649222923
-0.00011640854641460581
-0.00013419684380016985
-0.00015198116042895718
-0.00016976096819924075
-0.00018753573914321415
-0.0002053049454426683
-0.00022306805944466524
-0.00024082455367720445
-0.0002585739008648917
-0.00027631557394458106
-0.0002940490460810482
-0.00031177379068260863
