0.11550706829648036
1001
-0.061614254350769206
-0.06177385120400819
-0.0619328210837069
-0.0620911623767116
-0.06224887347624808
-0.06240595278193797
-0.06256239869981495
-0.062718209642341
-0.06287338402842244
-0.06302792028342596
-0.0631818168391947
-0.06333507213406402
-0.06348768461287743
-0.06363965272700234
-0.0637909749343458
-0.06394164969937008
-0.06409167549310832
-0.06424105079318
-0.06438977408380643
-0.06453784385582603
-0.06468525860670983
-0.06483201684057643
-0.06497811706820744
-0.06512355780706247
-0.06526833758129418
-0.06541245492176327
-0.06555590836605334
-0.06569869645848578
-0.06584081775013456
-0.06598227079884081
-0.06612305416922763
-0.06626316643271445
-0.06640260616753169
-0.06654137195873512
-0.06667946239822022
-0.0668168760847364
-0.06695361162390132
-0.06708966762821503
-0.067225042717074
-0.06735973551678506
-0.06749374466057953
-0.06762706878862686
-0.06775970654804862
-0.06789165659293211
-0.06802291758434408
-0.06815348819034418
-0.06828336708599872
-0.06841255295339384
-0.0685410444816491
-0.06866884036693062
-0.06879593931246442
-0.0689223400285495
-0.06904804123257095
-0.06917304164901301
-0.06929734000947195
-0.06942093505266893
-0.06954382552446281
-0.06966601017786295
-0.06978748777304178
-0.06990825707734735
-0.07002831686531594
-0.07014766591868438
-0.07026630302640251
-0.07038422698464539
-0.07050143659682555
-0.07061793067360513
-0.07073370803290796
-0.07084876749993149
-0.07096310790715879
-0.07107672809437032
-0.07118962690865575
-0.07130180320442568
-0.07141325584342315
-0.07152398369473535
-0.07163398563480496
-0.07174326054744157
-0.07185180732383309
-0.07195962486255691
-0.0720667120695911
-0.07217306785832552
-0.07227869114957282
-0.07238358087157944
-0.07248773596003644
-0.07259115535809027
-0.07269383801635357
-0.07279578289291576
-0.07289698895335363
-0.07299745517074184
-0.07309718052566325
-0.07319616400621949
-0.07329440460804094
-0.07339190133429713
-0.07348865319570674
-0.07358465921054773
-0.07367991840466716
-0.07377442981149125
-0.07386819247203502
-0.07396120543491215
-0.07405346775634457
-0.07414497850017199
-0.07423573673786149
-0.07432574154851691
-0.07441499201888814
-0.07450348724338045
-0.07459122632406368
-0.07467820837068129
-0.0747644325006594
-0.07484989783911583
-0.07493460351886888
-0.07501854868044618
-0.07510173247209334
-0.07518415404978272
-0.07526581257722188
-0.07534670722586209
-0.07542683717490678
-0.07550620161131975
-0.0755847997298336
-0.0756626307329578
-0.07573969383098669
-0.07581598824200764
-0.07589151319190894
-0.07596626791438763
-0.07604025165095728
-0.07611346365095563
-0.07618590317155235
-0.07625756947775648
-0.07632846184242385
-0.07639857954626454
-0.0764679218778501
-0.07653648813362085
-0.07660427761789297
-0.07667128964286554
-0.07673752352862753
-0.07680297860316476
-0.07686765420236666
-0.0769315496700329
-0.07699466435788034
-0.07705699762554931
-0.0771185488406102
-0.07717931737857002
-0.07723930262287848
-0.0772985039649345
-0.07735692080409215
-0.07741455254766694
-0.0774713986109417
-0.0775274584171726
-0.07758273139759492
-0.0776372169914289
-0.07769091464588537
-0.07774382381617138
-0.07779594396549572
-0.0778472745650744
-0.0778978150941359
-0.07794756503992668
-0.07799652389771614
-0.0780446911708018
-0.07809206637051451
-0.07813864901622314
-0.07818443863533969
-0.07822943476332396
-0.07827363694368823
-0.07831704472800202
-0.07835965767589656
-0.07840147535506921
-0.07844249734128793
-0.0784827232183956
-0.0785221525783141
-0.07856078502104866
-0.07859862015469167
-0.0786356575954269
-0.07867189696753321
-0.07870733790338848
-0.07874198004347324
-0.07877582303637441
-0.07880886653878881
-0.07884111021552663
-0.07887255373951492
-0.07890319679180076
-0.07893303906155459
-0.07896208024607342
-0.07899032005078377
-0.07901775818924472
-0.07904439438315083
-0.07907022836233496
-0.07909525986477094
-0.07911948863657636
-0.07914291443201499
-0.07916553701349942
-0.07918735615159335
-0.079208371625014
-0.07922858322063428
-0.0792479907334851
-0.0792665939667572
-0.07928439273180336
-0.07930138684814025
-0.07931757614345024
-0.07933296045358315
-0.07934753962255789
-0.07936131350256417
-0.07937428195396377
-0.07938644484529227
-0.07939780205325997
-0.07940835346275359
-0.0794180989668371
-0.07942703846675292
-0.07943517187192296
-0.07944249909994952
-0.07944902007661606
-0.07945473473588802
-0.07945964301991347
-0.07946374487902365
-0.07946704027173358
-0.07946952916474241
-0.0794712115329337
-0.07947208735937582
-0.07947215663532194
-0.07947141936021036
-0.07946987554166418
-0.07946752519549156
-0.07946436834568535
-0.07946040502442292
-0.07945563527206582
-0.07945005913715933
-0.07944367667643204
-0.07943648795479526
-0.07942849304534226
-0.07941969202934766
-0.07941008499626655
-0.07939967204373355
-0.07938845327756186
-0.07937642881174216
-0.07936359876844151
-0.07934996327800199
-0.07933552247893957
-0.0793202765179424
-0.0793042255498697
-0.07928736973774986
-0.07926970925277896
-0.07925124427431898
-0.07923197498989604
-0.07921190159519832
-0.07919102429407433
-0.07916934329853065
-0.0791468588287298
-0.0791235711129881
-0.07909948038777323
-0.079074586897702
-0.0790488908955376
-0.07902239264218733
-0.07899509240669975
-0.07896699046626202
-0.07893808710619707
-0.07890838261996076
-0.07887787730913878
-0.0788465714834437
-0.07881446546071182
-0.07878155956689985
-0.07874785413608171
-0.07871334951044508
-0.07867804604028794
-0.07864194408401502
-0.0786050440081341
-0.07856734618725246
-0.07852885100407286
-0.07848955884938981
-0.07844947012208554
-0.07840858522912596
-0.07836690458555652
-0.07832442861449809
-0.0782811577471425
-0.07823709242274823
-0.07819223308863611
-0.0781465802001845
-0.07810013422082486
-0.07805289562203703
-0.07800486488334435
-0.0779560424923089
-0.07790642894452651
-0.07785602474362169
-0.07780483040124259
-0.07775284643705575
-0.07770007337874087
-0.07764651176198538
-0.07759216213047909
-0.07753702503590873
-0.07748110103795208
-0.0774243907042726
-0.07736689461051348
-0.07730861334029186
-0.07724954748519297
-0.07718969764476395
-0.07712906442650795
-0.07706764844587784
-0.07700545032627006
-0.07694247069901822
-0.07687871020338669
-0.07681416948656421
-0.07674884920365717
-0.07668275001768311
-0.0766158725995639
-0.07654821762811895
-0.07647978579005835
-0.07641057777997577
-0.07634059430034171
-0.07626983606149604
-0.07619830378164094
-0.07612599818683367
-0.07605292001097903
-0.07597906999582213
-0.07590444889094065
-0.07582905745373737
-0.07575289644943249
-0.0756759666510557
-0.07559826883943857
-0.07551980380320646
-0.07544057233877051
-0.07536057525031974
-0.07527981334981264
-0.07519828745696909
-0.07511599839926202
-0.07503294701190902
-0.07494913413786373
-0.07486456062780752
-0.07477922734014064
-0.07469313514097367
-0.07460628490411858
-0.07451867751107999
-0.0744303138510462
-0.07434119482088009
-0.07425132132511007
-0.07416069427592095
-0.07406931459314457
-0.07397718320425058
-0.07388430104433696
-0.07379066905612053
-0.07369628818992742
-0.0736011594036834
-0.07350528366290415
-0.0734086619406855
-0.0733112952176935
-0.07321318448215453
-0.07311433072984522
-0.07301473496408235
-0.07291439819571273
-0.0728133214431028
-0.07271150573212852
-0.07260895209616472
-0.07250566157607477
-0.07240163522019995
-0.07229687408434882
-0.07219137923178655
-0.07208515173322406
-0.07197819266680723
-0.07187050311810585
-0.07176208418010271
-0.0716529369531825
-0.07154306254512055
-0.07143246207107169
-0.07132113665355885
-0.07120908742246179
-0.07109631551500545
-0.0709828220757486
-0.07086860825657214
-0.07075367521666731
-0.0706380241225241
-0.07052165614791936
-0.07040457247390484
-0.07028677428879519
-0.07016826278815602
-0.07004903917479163
-0.06992910465873284
-0.06980846045722476
-0.06968710779471451
-0.06956504790283852
-0.0694422820204103
-0.06931881139340779
-0.06919463727496063
-0.06906976092533756
-0.06894418361193358
-0.06881790660925709
-0.0686909311989169
-0.06856325866960937
-0.06843489031710523
-0.06830582744423634
-0.0681760713608827
-0.06804562338395896
-0.06791448483740113
-0.06778265705215315
-0.0676501413661534
-0.06751693912432101
-0.06738305167854239
-0.06724848038765736
-0.06711322661744547
-0.066977291740612
-0.06684067713677419
-0.06670338419244716
-0.06656541430102983
-0.06642676886279078
-0.0662874492848541
-0.066147456981185
-0.0660067933725756
-0.06586545988663041
-0.06572345795775185
-0.0655807890271257
-0.06543745454270652
-0.06529345595920298
-0.06514879473806293
-0.06500347234745874
-0.06485749026227235
-0.06471084996408029
-0.06456355294113861
-0.06441560068836792
-0.06426699470733797
-0.06411773650625263
-0.06396782759993455
-0.06381726950980972
-0.06366606376389203
-0.06351421189676783
-0.06336171544958029
-0.06320857597001385
-0.06305479501227838
-0.06290037413709351
-0.06274531491167283
-0.06258961890970781
-0.062433287711352
-0.06227632290320491
-0.062118726078296
-0.06196049883606835
-0.06180164278236257
-0.06164215952940051
-0.061482050695768765
-0.06132131790640238
-0.06115996279256828
-0.060997986991848795
-0.06083539214812496
-0.06067217991155989
-0.06050835193858198
-0.06034390989186817
-0.060178855440327
-0.06001319025908173
-0.05984691602945328
-0.05968003443894321
-0.059512547181216596
-0.059344455956084834
-0.05917576246948842
-0.05900646843347951
-0.058836575566204745
-0.058666085591887664
-0.058495000240811286
-0.058323321249300494
-0.05815105035970446
-0.05797818932037893
-0.05780473988566847
-0.05763070381588872
-0.057456082877308585
-0.05728087884213206
-0.05710509348848051
-0.0569287286003745
-0.0567517859677157
-0.0565742673862688
-0.05639617465764317
-0.05621750958927464
-0.05603827399440715
-0.05585846969207435
-0.05567809850708114
-0.05549716226998513
-0.05531566281707816
-0.05513360199036748
-0.0549509816375572
-0.05476780361202955
-0.054584069772826
-0.05439978198462839
-0.05421494211774008
-0.05402955204806691
-0.05384361365709818
-0.05365712883188751
-0.05347009946503389
-0.05328252745466218
-0.05309441470440393
-0.05290576312337835
-0.0527165746261725
-0.05252685113282217
-0.052336594568792215
-0.052145806864957164
-0.051954489957581514
-0.05176264578830016
-0.05157027630409862
-0.05137738345729329
-0.05118396920551173
-0.050990035511672555
-0.050795584343965874
-0.05060061767583298
-0.050405137485946556
-0.05020914575819041
-0.05001264448163948
-0.049815635650539675
-0.049618121264287385
-0.049420103327409634
-0.04922158384954323
-0.049022564845414715
-0.048823048334819805
-0.04862303634260297
-0.04842253089863675
-0.04822153403780126
-0.04802004779996347
-0.04781807422995664
-0.04761561537755941
-0.047412673297475
-0.04720925004931056
-0.047005347697556016
-0.04680096831156325
-0.046596113965525154
-0.0463907867384544
-0.04618498871416251
-0.04597872198123868
-0.045771988633028525
-0.045564790767612835
-0.04535713048778635
-0.045149009901036374
-0.044940431119521417
-0.0447313962600497
-0.04452190744405774
-0.04431196679758884
-0.04410157645127134
-0.0438907385402973
-0.043679455204400496
-0.04346772858783501
-0.04325556083935321
-0.04304295411218411
-0.04282991056401147
-0.04261643235695188
-0.04240252165753294
-0.04218818063667095
-0.04197341146964933
-0.041758216336096166
-0.04154259741996235
-0.04132655690949922
-0.0411100969972365
-0.040893219879959926
-0.04067592775868907
-0.040458222838654946
-0.0402401073292776
-0.04002158344414381
-0.039802653400984406
-0.039583319421652
-0.03936358373209832
-0.0391434485623516
-0.03892291614649399
-0.03870198872263887
-0.03848066853290822
-0.03825895782340967
-0.03803685884421393
-0.03781437384933179
-0.03759150509669134
-0.03736825484811502
-0.03714462536929663
-0.036920618929778486
-0.036696237802928196
-0.036471484265915684
-0.0362463605996901
-0.03602086908895661
-0.03579501202215329
-0.03556879169142785
-0.03534221039261426
-0.035115270425209816
-0.03488797409235135
-0.03466032370079216
-0.03443232156087849
-0.03420396998652609
-0.03397527129519677
-0.033746227807874854
-0.033516841849043626
-0.03328711574666172
-0.03305705183213964
-0.032826652440315796
-0.032595919909433155
-0.03236485658111524
-0.03213346480034252
-0.031901746915428665
-0.031669705277996486
-0.03143734224295429
-0.031204660168471836
-0.03097166141595651
-0.030738348350029303
-0.030504723338500836
-0.03027078875234737
-0.03003654696568661
-0.029802000355753776
-0.029567151302877317
-0.029332002190454932
-0.029096555404929225
-0.028860813335763652
-0.028624778375418027
-0.028388452919324538
-0.028151839365863213
-0.027914940116337637
-0.027677757574950664
-0.027440294148779944
-0.027202552247753423
-0.02696453428462513
-0.026726242674950433
-0.026487679837061642
-0.026248848192043477
-0.026009750163708427
-0.02577038817857226
-0.0255307646658293
-0.025290882057327796
-0.025050742787545363
-0.024810349293564075
-0.024569704015045848
-0.024328809394207666
-0.024087667875796814
-0.023846281907066124
-0.02360465393774887
-0.02336278642003432
-0.023120681808542494
-0.022878342560299466
-0.022635771134712292
-0.022392969993544256
-0.022149941600889584
-0.02190668842314867
-0.021663212929003046
-0.021419517589390175
-0.021175604877478504
-0.020931477268642324
-0.020687137240436616
-0.020442587272571994
-0.02019782984688944
-0.019952867447335248
-0.019707702559935647
-0.019462337672771734
-0.019216775275954025
-0.018971017861597547
-0.018725067923796117
-0.018478927958597156
-0.018232600463976734
-0.017986087939813603
-0.01773939288786434
-0.017492517811737676
-0.017245465216869135
-0.01699823761049575
-0.01675083750163034
-0.016503267401036525
-0.016255529821202663
-0.016007627276316716
-0.01575956228224063
-0.01551133735648488
-0.015262955018182891
-0.015014417788065327
-0.01476572818843472
-0.014516888743139831
-0.014267901977549824
-0.014018770418529041
-0.013769496594410915
-0.013520083034972626
-0.013270532271409277
-0.013020846836308216
-0.012771029263623572
-0.012521082088650062
-0.012271007847997766
-0.012020809079565988
-0.01177048832251777
-0.011520048117254083
-0.011269491005387695
-0.01101881952971816
-0.010768036234205067
-0.010517143663942862
-0.0102661443651349
-0.010015040885067421
-0.009763835772083918
-0.009512531575559117
-0.009261130845873228
-0.009009636134385981
-0.008758049993410691
-0.00850637497618853
-0.008254613636862397
-0.00800276853045124
-0.007750842212823833
-0.007498837240673128
-0.00724675617149019
-0.00699460156353813
-0.0067423759758263166
-0.006490081968084396
-0.006237722100736117
-0.005985298934873576
-0.0057328150322311314
-0.005480272955159432
-0.005227675266599338
-0.00497502453005599
-0.004722323309572822
-0.0044695741697053605
-0.004216779675495558
-0.003963942392445267
-0.0037110648864906587
-0.003458149723975997
-0.0032051994716273922
-0.0029522166965271907
-0.0026992039660874855
-0.0024461638480244986
-0.0021930989103320997
-0.0019400117212558937
-0.0016869048492674555
-0.0014337808630377209
-0.0011806423314114035
-0.0009274918233805925
-0.0006743319080588509
-0.0004211651546551278
-0.00016799413244771317
0.00008517858924195078
0.000338350441075309
0.000591518853722651
0.0008446812578892901
0.0010978350843416907
0.001350977763933394
0.001604106727631123
0.0018572194065410346
0.00211031323193454
0.002363385635274573
0.002616434048241422
0.0028694559027591044
0.003122448631021201
0.003375409665516843
0.0036283364390571125
0.0038812263848007366
0.0041340769362803835
0.004386885527428565
0.004639649592603681
0.004892366566616193
0.0051450338847544574
0.005397648982810902
0.005650209297107961
0.005902712264524262
0.006155155322520342
0.006407535909164848
0.006659851463160741
0.006912099423870601
0.00716427723134349
0.007416382326340365
0.0076684121503600875
0.007920364145665713
0.008172235755309924
0.008424024423161543
0.008675727593931206
0.008927342713197055
0.009178867227431147
0.009430298584025087
0.009681634231315923
0.009932871618612097
0.010184008196219375
0.01043504141546662
0.010685968728731655
0.010936787589467336
0.011187495452227048
0.011438089772690854
0.011688568007691167
0.011938927615238473
0.012189166054547384
0.012439280786062051
0.012689269271482338
0.012939128973789411
0.013188857357271233
0.013438451887548808
0.013687910031601448
0.013937229257792776
0.014186407035896206
0.014435440837120674
0.014684328134136556
0.014933066401100863
0.015181653113683248
0.015430085749091424
0.015678361786096856
0.0159264787050603
0.016174433987957385
0.016422225118404212
0.016669849581682893
0.016917304864766867
0.017164588456346823
0.01741169784685571
0.017658630528494552
0.017905383995257616
0.018151955742958185
0.01839834326925373
0.0186445440736713
0.018890555657633066
0.019136375524481365
0.019382001179504532
0.01962743012996172
0.019872659885108473
0.0201176879562219
0.020362511856625968
0.02060712910171677
0.020851537208987744
0.02109573369805474
0.021339716090681308
0.021583481910803785
0.021827028684556563
0.022070353940296977
0.02231345520863062
0.022556330022436143
0.022798975916890514
0.02304139042949394
0.02328357110009481
0.023525515470914832
0.02376722108657382
0.024008685494114553
0.024249906243027995
0.024490880885277663
0.02473160697532495
0.024972082070153657
0.025212303729294866
0.025452269514851744
0.025691976991524264
0.025931423726633776
0.02617060729014804
0.02640952525470546
0.026648175195640014
0.02688655469100579
0.027124661321601597
0.027362492670995338
0.02760004632554871
0.02783731987444176
0.028074310909697024
0.028311017026204383
0.028547435821745206
0.028783564897016743
0.02901940185565658
0.029254944304266905
0.02949018985243876
0.029725136112776326
0.029959780700921174
0.030194121235576486
0.030428155338531118
0.030661880634683863
0.030895294752067398
0.03112839532187254
0.03136117997847226
0.03159364635944533
0.03182579210560093
0.03205761486100204
0.032289112272989695
0.03252028199220663
0.0327511216726212
0.03298162897155138
0.033211801549688114
0.03344163707111947
0.03367113320335423
0.03390028761734533
0.034129097987513894
0.03435756199177243
0.03458567731154874
0.034813441631809196
0.035040852641082344
0.03526790803148241
0.03549460549873262
0.035720942742188656
0.0359469174648619
0.03617252737344304
0.03639777017832475
0.036622643593625645
0.03684714533721299
0.03707127313072599
0.03729502469959895
0.03751839777308441
0.03774139008427599
0.03796399937013158
0.038186223371496214
0.03840805983312512
0.038629506503706376
0.03885056113588398
0.03907122148628062
0.03929148531552028
0.03951135038825117
0.03973081447316828
0.03994987534303605
0.04016853077471106
0.040386778549164434
0.04060461645150452
0.040822042270999226
0.04103905380109862
0.04125564883945711
0.041471825187955946
0.04168758065272556
0.041902913044167676
0.04211782017697766
0.04233229987016669
0.04254634994708379
0.042759968235437935
0.04297315256732028
0.043185900779225926
0.04339821071207606
0.043610080211239674
0.043821507126555664
0.04403248931235438
0.044243024627479685
0.04445311093531046
0.044662746103782354
0.044871928005409574
0.04508065451730618
0.04528892352120795
0.045496732903493556
0.04570408055520626
0.045910964372075286
0.046117382254537
0.04632333210775646
0.04652881184164844
0.04673381937089887
0.046938352614985815
0.047142409498200574
0.047345987949669086
0.04754908590337239
0.04775170129816811
0.04795383207781105
0.04815547619097419
0.04835663159126951
0.04855729623726864
0.048757468092523744
0.048957145125588145
0.04915632531003668
0.04935500662448684
0.04955318705261858
0.04975086458319539
0.04994803721008436
0.050144702932276526
0.0503408597539075
0.050536505684277255
0.05073163873787078
0.050926256934377925
0.05112035829871361
0.05131394086103792
0.051507002656775956
0.05169954172663787
0.051891556116638655
0.05208304387811834
0.05227400306776105
0.05246443174761558
0.052654327985114296
0.05284368985309323
0.05303251542981148
0.05322080279897081
0.053408550049734896
0.0535957552767488
0.05378241658015849
0.05396853206562994
0.054154099844368336
0.0543391180331372
0.05452358475427788
0.05470749813572801
0.054890856311041104
0.055073657419404946
0.055255899605660984
0.055437581020322826
0.05561869981959493
0.05579925416539179
0.05597924222535606
0.05615866217287751
0.056337512187111374
0.056515790452996865
0.056693495161275566
0.05687062450851006
0.05704717669710173
0.05722314993530945
0.05739854243726755
0.05757335242300399
0.057747578118458515
0.057921217755500416
0.05809426957194674
0.058266731811579986
0.05843860272416611
0.058609880565472054
0.05878056359728361
0.058950650087423125
0.05912013830976683
0.059289026544262574
0.059457313076947196
0.059624996199964024
0.05979207421157992
0.059958545416203
0.06012440812439937
0.060289660652910616
0.06045430132467074
0.060618328468823084
0.060781740420737605
0.06094453552202742
0.06110671212056585
0.06126826857050307
0.06142920323228295
0.06158951447265943
0.061749200664713524
0.06190826018786933
0.062066691427910894
0.06222449277699828
0.062381662633684186
0.06253819940292998
0.06269410149612178
0.06284936733108702
0.06300399533211004
0.06315798392994837
0.06331133156184844
0.06346403667156163
0.06361609770936004
0.06376751313205194
