0.15198298460063206
1001
-0.013538944752924132
-0.01380790608972594
-0.014076624743477022
-0.014345095992942355
-0.014613315121234236
-0.014881277415895153
-0.01514897816898059
-0.015416412677141729
-0.015683576241708092
-0.01595046416877006
-0.016217071769261397
-0.01648339435904159
-0.016749427258978135
-0.01701516579502876
-0.017280605298323575
-0.01754574110524703
-0.017810568557519918
-0.01807508300228116
-0.01833927979216958
-0.01860315428540556
-0.018866701845872563
-0.01912991784319861
-0.01939279765283762
-0.019655336656150664
-0.01991753024048709
-0.020179373799265588
-0.02044086273205511
-0.02070199244465568
-0.020962758349179152
-0.02122315586412977
-0.021483180414484673
-0.02174282743177428
-0.022002092354162565
-0.022260970626527155
-0.022519457700539428
-0.022777549034744375
-0.023035240094640377
-0.02329252635275893
-0.023549403288744126
-0.023805866389432103
-0.02406191114893033
-0.024317533068696794
-0.024572727657618976
-0.024827490432092796
-0.025081816916101424
-0.02533570264129382
-0.025589143147063318
-0.02584213398062598
-0.026094670697098796
-0.026346748859577815
-0.026598364039216074
-0.02684951181530141
-0.02710018777533413
-0.02735038751510454
-0.027600106638770314
-0.027849340758933742
-0.028098085496718782
-0.02834633648184801
-0.028594089352719405
-0.028841339756482995
-0.029088083349117274
-0.02933431579550558
-0.029580032769512245
-0.029825229954058587
-0.030069903041198758
-0.03031404773219544
-0.03055765973759538
-0.03080073477730473
-0.031043268580664248
-0.031285256886524344
-0.031526695443319916
-0.0317675800091451
-0.032007906351827736
-0.03224767024900375
-0.03248686748819133
-0.03272549386686496
-0.03296354519252924
-0.03320101728279252
-0.033437905965440405
-0.03367420707850905
-0.03390991647035833
-0.03414502999974465
-0.03437954353589386
-0.03461345295857377
-0.034846754158166446
-0.035079443035740565
-0.03531151550312332
-0.035542967482972324
-0.03577379490884717
-0.03600399372528091
-0.036233559887851347
-0.03646248936325199
-0.036690778129363034
-0.03691842217532193
-0.03714541750159389
-0.03737176012004222
-0.03759744605399823
-0.03782247133833127
-0.03804683201951827
-0.03827052415571331
-0.03849354381681673
-0.03871588708454435
-0.03893755005249615
-0.03915852882622505
-0.0393788195233052
-0.0395984182734003
-0.03981732121833148
-0.040035524512145225
-0.04025302432118085
-0.040469816824137875
-0.04068589821214315
-0.040901264688817815
-0.04111591247034399
-0.0413298377855312
-0.04154303687588268
-0.04175550599566143
-0.04196724141195596
-0.04217823940474593
-0.04238849626696745
-0.04259800830457833
-0.042806771836622806
-0.04301478319529634
-0.043222038726010055
-0.04342853478745488
-0.04363426775166553
-0.04383923400408436
-0.04404342994362471
-0.0442468519827343
-0.044449496547458174
-0.04465136007750151
-0.04485243902629227
-0.04505272986104334
-0.045252229062814765
-0.045450933126575443
-0.045648838561264775
-0.04584594188985401
-0.04604223964940729
-0.0462377283911425
-0.0464324046804919
-0.04662626509716244
-0.04681930623519581
-0.04701152470302841
-0.04720291712355075
-0.04739348013416695
-0.04758321038685375
-0.0477721045482193
-0.0479601592995618
-0.04814737133692773
-0.048333737371170006
-0.048519254128005604
-0.048703918348073236
-0.04888772678699057
-0.04907067621541123
-0.04925276341908147
-0.04943398519889675
-0.0496143383709579
-0.04979381976662702
-0.04997242623258322
-0.050150154630877936
-0.05032700183899022
-0.05050296474988136
-0.05067804027204966
-0.05085222532958476
-0.05102551686222151
-0.05119791182539391
-0.05136940719028854
-0.05153999994389771
-0.05170968708907252
-0.051878465644575426
-0.05204633264513261
-0.0522132851414862
-0.052379320200445945
-0.0525444349049408
-0.05270862635407022
-0.052871891663155035
-0.05303422796378826
-0.05319563240388536
-0.053356102147734445
-0.053515634376046055
-0.05367422628600269
-0.053831875091308136
-0.05398857802223626
-0.05414433232567982
-0.05429913526519876
-0.05445298412106831
-0.054605876190326766
-0.054757808786822966
-0.054908779241263514
-0.05505878490125968
-0.05520782313137395
-0.05535589131316636
-0.05550298684524057
-0.055649107143289384
-0.055794249640140396
-0.05593841178580088
-0.05608159104750277
-0.05622378490974697
-0.05636499087434775
-0.05650520646047647
-0.05664442920470528
-0.05678265666105036
-0.05691988640101484
-0.0570561160136316
-0.05719134310550547
-0.05732556530085546
-0.05745878024155631
-0.05759098558718006
-0.05772217901503714
-0.05785235822021708
-0.0579815209156292
-0.0581096648320426
-0.058236787718126175
-0.05836288734048804
-0.05848796148371491
-0.0586120079504109
-0.05873502456123618
-0.05885700915494529
-0.058977959588425076
-0.05909787373673236
-0.05921674949313128
-0.05933458476913031
-0.05945137749451889
-0.059567125617403884
-0.05968182710424562
-0.059795479939893544
-0.05990808212762167
-0.060019631689163744
-0.06013012666474783
-0.060239565113130916
-0.06034794511163288
-0.060455264756170385
-0.060561522161290224
-0.06066671546020257
-0.06077084280481362
-0.060873902365758265
-0.060975892332432
-0.06107681091302298
-0.06117665633454326
-0.06127542684286014
-0.06137312070272687
-0.06146973619781317
-0.061565271630735434
-0.06165972532308646
-0.061753095615465006
-0.06184538086750493
-0.06193657945790402
-0.06202668978445242
-0.062115710264060875
-0.06220363933278847
-0.06229047544587017
-0.06237621707774387
-0.06246086272207731
-0.06254441089179444
-0.06262686011910164
-0.0627082089555134
-0.06278845597187792
-0.06286759975840203
-0.06294563892467614
-0.06302257209969855
-0.0630983979318996
-0.06317311508916537
-0.06324672225886112
-0.06331921814785434
-0.0633906014825375
-0.06346087100885037
-0.06353002549230208
-0.06359806371799281
-0.06366498449063517
-0.06373078663457511
-0.06379546899381272
-0.06385903043202237
-0.06392146983257282
-0.06398278609854675
-0.06404297815276006
-0.0641020449377808
-0.06415998541594775
-0.06421679856938868
-0.06427248340003815
-0.0643270389296551
-0.0643804641998401
-0.06443275827205204
-0.06448392022762477
-0.06453394916778311
-0.06458284421365879
-0.06463060450630571
-0.06467722920671523
-0.06472271749583072
-0.0647670685745621
-0.0648102816637998
-0.06485235600442849
-0.06489329085734034
-0.06493308550344815
-0.06497173924369781
-0.06500925139908074
-0.06504562131064573
-0.0650808483395105
-0.06511493186687302
-0.06514787129402227
-0.06517966604234889
-0.06521031555335517
-0.06523981928866507
-0.0652681767300335
-0.0652953873793555
-0.06532145075867506
-0.06534636641019337
-0.06537013389627694
-0.06539275279946538
-0.06541422272247857
-0.06543454328822372
-0.06545371413980203
-0.06547173494051486
-0.06548860537386977
-0.06550432514358602
-0.06551889397359971
-0.06553231160806874
-0.06554457781137729
-0.06555569236813988
-0.06556565508320521
-0.06557446578165961
-0.06558212430883009
-0.06558863053028699
-0.06559398433184652
-0.06559818561957255
-0.06560123431977842
-0.06560313037902814
-0.06560387376413744
-0.06560346446217419
-0.06560190248045876
-0.06559918784656389
-0.0655953206083141
-0.06559030083378498
-0.06558412861130186
-0.06557680404943836
-0.06556832727701448
-0.06555869844309427
-0.06554791771698328
-0.0655359852882255
-0.06552290136660015
-0.0655086661821179
-0.06549327998501685
-0.06547674304575815
-0.06545905565502126
-0.0654402181236988
-0.06542023078289107
-0.06539909398390037
-0.06537680809822467
-0.06535337351755115
-0.06532879065374933
-0.06530305993886376
-0.06527618182510658
-0.06524815678484942
-0.06521898531061518
-0.06518866791506935
-0.065157205131011
-0.06512459751136347
-0.06509084562916458
-0.0650559500775566
-0.06501991146977584
-0.06498273043914188
-0.06494440763904637
-0.06490494374294166
-0.0648643394443289
-0.06482259545674586
-0.06477971251375439
-0.06473569136892758
-0.06469053279583646
-0.06464423758803645
-0.06459680655905335
-0.06454824054236918
-0.0644985403914074
-0.06444770697951797
-0.06439574119996205
-0.06434264396589617
-0.0642884162103564
-0.06423305888624171
-0.06417657296629743
-0.06411895944309806
-0.06406021932902989
-0.0640003536562731
-0.06393936347678375
-0.06387724986227526
-0.06381401390419951
-0.06374965671372779
-0.06368417942173117
-0.06361758317876066
-0.06354986915502704
-0.06348103854038026
-0.0634110925442885
-0.06334003239581702
-0.06326785934360643
-0.06319457465585092
-0.0631201796202758
-0.06304467554411503
-0.06296806375408812
-0.06289034559637696
-0.06281152243660203
-0.06273159565979844
-0.06265056667039175
-0.06256843689217303
-0.06248520776827408
-0.06240088076114191
-0.062315457352513155
-0.062228939043387964
-0.06214132735400371
-0.0620526238238082
-0.06196283001143268
-0.06187194749466437
-0.0617799778704189
-0.06168692275471211
-0.06159278378263165
-0.06149756260830842
-0.06140126090488728
-0.06130388036449786
-0.06120542269822463
-0.06110588963607706
-0.061005282926959024
-0.060903604338638194
-0.06080085565771491
-0.06069703868959085
-0.06059215525843728
-0.06048620720716299
-0.06037919639738194
-0.06027112470938052
-0.06016199404208459
-0.060051806313026014
-0.059940563458309
-0.05982826743257618
-0.05971492020897411
-0.059600523779118716
-0.059485080153060255
-0.059368591359248046
-0.059251059444494714
-0.05913248647394042
-0.059012874531016335
-0.0588922257174083
-0.05877054215301967
-0.05864782597593419
-0.058524079342378424
-0.05839930442668383
-0.05827350342124857
-0.05814667853649902
-0.05801883200085089
-0.05788996606067011
-0.057760082980233315
-0.05762918504168814
-0.05749727454501299
-0.05736435380797682
-0.0572304251660982
-0.05709549097260447
-0.05695955359839028
-0.05682261543197595
-0.05668467887946552
-0.056545746364504525
-0.05640582032823729
-0.05626490322926417
-0.05612299754359825
-0.05598010576462191
-0.05583623040304295
-0.05569137398685064
-0.05554553906127099
-0.05539872818872244
-0.055250943948770434
-0.05510218893808243
-0.05495246577038203
-0.05480177707640322
-0.054650125503844085
-0.054497513717320284
-0.054343944398318224
-0.054189420245148
-0.054033943972895966
-0.053877518313376935
-0.05372014601508634
-0.053561829843151915
-0.05340257257928489
-0.05324237702173148
-0.053081245985223416
-0.05291918230092869
-0.0527561888164016
-0.052592268395532986
-0.052427423918499715
-0.052261658281714155
-0.05209497439777322
-0.05192737519540727
-0.05175886361942864
-0.0515894426306799
-0.05141911520598174
-0.051247884338080835
-0.05107575303559712
-0.05090272432297107
-0.05072880124041029
-0.05055398684383653
-0.05037828420483156
-0.05020169641058346
-0.050024226563832305
-0.04984587778281563
-0.04966665320121374
-0.04948655596809446
-0.049305589247858043
-0.04912375622018133
-0.0489410600799622
-0.04875750403726299
-0.04857309131725458
-0.04838782516015935
-0.048201708821194476
-0.04801474557051458
-0.04782693869315443
-0.047638291488971043
-0.04744880727258591
-0.04725848937332663
-0.04706734113516837
-0.046875365916675245
-0.04668256709094125
-0.04648894804553094
-0.04629451218242002
-0.04609926291793543
-0.045903203682695515
-0.04570633792154948
-0.04550866909351717
-0.04531020067172809
-0.04511093614336047
-0.04491087900957993
-0.04471003278547795
-0.04450840100001028
-0.044305987195934766
-0.04410279492974911
-0.043898827771628464
-0.043694089305362664
-0.043488583128293345
-0.043282312851250476
-0.04307528209848927
-0.042867494507626246
-0.04265895372957547
-0.042449663428484254
-0.04223962728166895
-0.042028848979550226
-0.0418173322255883
-0.04160508073621769
-0.04139209824078221
-0.04117838848146925
-0.04096395521324399
-0.04074880220378362
-0.040532933233410964
-0.040316352095028075
-0.040099062594049786
-0.0398810685483365
-0.0396623737881275
-0.03944298215597333
-0.03922289750666849
-0.03900212370718358
-0.03878066463659754
-0.038558524186029196
-0.03833570625856921
-0.03811221476921124
-0.037888053644783384
-0.037663226823878945
-0.03743773825678745
-0.03721159190542522
-0.036984791743265515
-0.036757341755268985
-0.036529245937813634
-0.0363005082986244
-0.03607113285670306
-0.035841123642257174
-0.03561048469662978
-0.03537922007222799
-0.03514733383245208
-0.034914830051623845
-0.03468171281491511
-0.03444798621827605
-0.0342136543683631
-0.0339787213824668
-0.03374319138843963
-0.03350706852462326
-0.03327035693977595
-0.03303306079299961
-0.03279518425366683
-0.03255673150134746
-0.032317706725735355
-0.032078114126574596
-0.031837957913585825
-0.031597242306392166
-0.031355971534445276
-0.0311141498369508
-0.030871781462793988
-0.03062887067046512
-0.030385421727984665
-0.030141438912828115
-0.029896926511851003
-0.02965188882121361
-0.02940633014630535
-0.02916025480166909
-0.028913667110925644
-0.028666571406697493
-0.028418972030532803
-0.028170873332829013
-0.0279222796727566
-0.02767319541818241
-0.027423624945592785
-0.027173572640016828
-0.026923042894949328
-0.026672040112273532
-0.026420568702183796
-0.0261686330831081
-0.02591623768163049
-0.025663386932413195
-0.0254100852781188
-0.025156337169332084
-0.024902147064482034
-0.024647519429763176
-0.024392458739057498
-0.024136969473855404
-0.02388105612317742
-0.023624723183495015
-0.023367975158651657
-0.02311081655978384
-0.022853251905241664
-0.022595285720509416
-0.022336922538126143
-0.022078166897606076
-0.021819023345358776
-0.021559496434609162
-0.02129959072531779
-0.021039310784100387
-0.020778661184148027
-0.02051764650514629
-0.020256271333195228
-0.01999454026072858
-0.019732457886433075
-0.019470028815167705
-0.019207257657882826
-0.01894414903153904
-0.018680707559026174
-0.01841693786908201
-0.018152844596210953
-0.017888432380602642
-0.017623705868050503
-0.017358669709869837
-0.017093328562816423
-0.01682768708900445
-0.016561749955824833
-0.01629552183586287
-0.01602900740681665
-0.015762211351414337
-0.015495138357332282
-0.015227793117112368
-0.014960180328079817
-0.014692304692260537
-0.014424170916298471
-0.014155783711372905
-0.013887147793115867
-0.013618267881529084
-0.01334914870090105
-0.013079794979724118
-0.012810211450611382
-0.012540402850213498
-0.012270373919135547
-0.012000129401853578
-0.01172967404663152
-0.011459012605437404
-0.011188149833860184
-0.010917090491025938
-0.01064583933951449
-0.010374401145275502
-0.010102780677544844
-0.009830982708760858
-0.009559012014480409
-0.009286873373295016
-0.009014571566746864
-0.008742111379244803
-0.008469497597980368
-0.008196735012843476
-0.00792382841633857
-0.007650782603500078
-0.007377602371808346
-0.007104292521105426
-0.0068308578535104456
-0.006557303173335617
-0.006283633287001445
-0.006009853002952778
-0.005735967131573631
-0.005461980485103325
-0.005187897877551505
-0.004913724124613817
-0.004639464043587134
-0.004365122453284948
-0.004090704173952796
-0.0038162140271834973
-0.0035416568358323988
-0.0032670374239326537
-0.0029923606166105746
-0.0027176312400007865
-0.0024428541211612112
-0.002168034087988729
-0.0018931759691339731
-0.0016182845939165414
-0.0013433647922402494
-0.0010684213945083053
-0.0007934592315381512
-0.0005184831344770554
-0.00024349793471676844
0.0000314915361910518
0.00030648044661994657
0.0005814639649533599
0.0008564372596696282
0.0011313954994268982
0.0014063338531479365
0.001681247490105208
0.0019561315800052624
0.002230981293074238
0.002505791800142223
0.0027805582727284967
0.0030552758831260273
0.003329939804486344
0.0036045452109047032
0.0038790872775043813
0.004153561180521814
0.004427962097391106
0.004702285206828979
0.0049765256889193294
0.0052506787251979485
0.005524739498737209
0.005798703194230627
0.006072564998077753
0.006346320098468155
0.006619963685466574
0.006893490951097191
0.007166897089428049
0.0074401772966555535
0.007713326771188711
0.007986340713733924
0.008259214327378939
0.00853194281767706
0.008804521392731746
0.009076945263280655
0.009349209642779596
0.009621309747486744
0.009893240796546948
0.010164998012075377
0.010436576619241678
0.010707971846353614
0.010979178924941341
0.011250193089840738
0.01152100957927749
0.011791623634950373
0.012062030502115293
0.012332225429668464
0.012602203670230107
0.012871960480227812
0.013141491119979698
0.01341079085377811
0.013679854949972292
0.01394867868105195
0.014217257323730045
0.014485586159026061
0.014753660472348724
0.015021475553578589
0.015289026697151455
0.01555630920214039
0.01582331837233885
0.016090049516342558
0.016356497947632682
0.01662265898465766
0.016888527950915583
0.017154100175036407
0.017419370990863964
0.017684335737538096
0.017948989759576324
0.01821332840695575
0.018477347035194897
0.018741041005435066
0.019004405684522097
0.01926743644508731
0.01953012866562953
0.019792477730595632
0.020054479030462022
0.020316127961815422
0.020577419927433834
0.020838350336367373
0.02109891460401878
0.02135910815222416
0.021618926409333196
0.021878364810289673
0.022137418796711734
0.022396083816971495
0.022654355326275737
0.022912228786745235
0.023169699667494686
0.02342676344471208
0.023683415601738683
0.023939651629147934
0.02419546702482487
0.024450857294045128
0.024705817949554097
0.024960344511645534
0.025214432508240445
0.02546807747496551
0.025721274955231774
0.0259740205003127
0.026226309669422385
0.026478138029793607
0.02672950115675585
0.026980394633812715
0.02723081405271995
0.027480755013562484
0.02773021312483206
0.02797918400350411
0.02822766327511517
0.02847564657383911
0.02872312954256455
0.02897010783297084
0.02921657710560491
0.02946253302995722
0.029707971284537775
0.02995288755695248
0.03019727754397847
0.030441136951639913
0.03068446149528343
0.030927246899653402
0.031169488898967115
0.03141118323698948
0.031652325667108155
0.03189291195240791
0.03213293786574535
0.03237239918982264
0.032611291717262174
0.03284961125068037
0.033087353602761126
0.033324514596329666
0.033561090064425946
0.03379707585037765
0.03403246780787345
0.03426726180103567
0.0345014537044932
0.0347350394034537
0.034968014793776044
0.035200375782042444
0.03543211828563032
0.03566323823278403
0.03589373156268642
0.0361235942255303
0.03635282218258927
0.03658141140628915
0.036809357880278275
0.03703665759949843
0.03726330657025487
0.03748930081028693
0.03771463634883759
0.037939309226723415
0.038163315496404115
0.03838665122205204
0.03860931247962089
0.03883129535691515
0.0390525959536586
0.039273210381562985
0.03949313476439597
0.0397123652380497
0.03993089795060848
0.04014872906241646
0.04036585474614493
0.040582271186859954
0.04079797458208914
0.0410129611418885
0.041227227088908934
0.041440768658462794
0.04165358209858994
0.041865663670123635
0.04207700964675621
0.04228761631510467
0.0424974799747759
0.04270659693843155
0.042914963531852854
0.04312257609400544
0.043329430977103324
0.04353552454667311
0.04374085318161799
0.043945413274281205
0.044149201230509416
0.04435221346971606
0.04455444642494397
0.044755896542928254
0.044956560284158696
0.04515643412294191
0.04535551454746327
0.0455537980598486
0.04575128117622577
0.04594796042678579
0.04614383235584371
0.046338893521899426
0.04653314049769824
0.04672656987029095
0.04691917824109375
0.047110962225948134
0.04730191845518022
0.047492043573660055
0.04768133424086033
0.04786978713091546
0.048057398932679754
0.04824416634978553
0.048430086100701264
0.048615154918789136
0.048799369552362325
0.04898272676474237
0.04916522333431573
0.04934685605459074
0.049527621734253686
0.04970751719722497
0.04988653928271497
0.05006468484527946
0.05024195075487481
0.050418333896913387
0.050593831172317735
0.050768439497575396
0.050942155804792985
0.05111497704175008
0.051286900171952775
0.05145792217468716
0.05162804004507238
0.051797250794113445
0.0519655514487535
0.05213293905192638
0.05229941066260861
0.05246496335587062
0.05262959422292861
0.0527933003711954
0.052956078924331414
0.05311792702229511
0.053278841821393204
0.053438820494330685
0.053597860230260676
0.05375595823483336
0.05391311173024551
0.054069317955289214
0.05422457416540009
0.054378877632706005
0.05453222564607452
0.054684615511160856
0.05483604455045503
0.05498651010332905
0.05513600952608362
0.055284540191994545
0.05543209949135883
0.05557868483154072
0.05572429363701711
0.05586892334942274
0.05601257142759535
0.05615523534762024
0.05629691260287443
0.05643760070407099
0.056577297179302606
0.05671599957408511
0.05685370545140047
0.05699041239173964
0.057126117993145285
0.05726081987125379
0.057394515659336925
0.05752720300834403
0.05765887958694281
0.05778954308156034
0.0579191911964239
0.05804782165360117
0.058175432193040374
0.05830202057260983
0.058427584568137486
0.05855212197344992
0.05867563060041114
0.058798108278960995
0.05891955285715329
0.05903996220119377
0.05915933419547726
0.05927766674262529
0.05939495776352244
0.0595112051973534
0.059626407001638675
0.059740561152270846
0.05985366564355
0.059965718488218876
0.06007671771749796
0.06018666138112002
0.0602955475473642
0.06040337430309017
0.060510139753771716
0.06061584202352999
0.0607204792551664
0.06082404961019527
0.060926551268876326
0.061027982430246396
0.06112834131215115
0.0612276261512766
0.06132583520317977
0.061422966742319555
0.06151901906208697
0.06161399047483514
0.061707879311908985
0.061800683923674514
0.061892402679547716
0.061983033968023446
0.06207257619670352
0.06216102779232468
0.06224838720078652
0.062334652887178446
0.06241982333580686
