0.0881501310683666
1001
-0.004384301053894759
-0.0043236930783109905
-0.004263059503556264
-0.004202400688138823
-0.004141716990716328
-0.004081008770093702
-0.004020276385221039
-0.003959520195191457
-0.0038987405592389814
-0.0038379378367364107
-0.003777112387193192
-0.003716264570253304
-0.003655394745693105
-0.003594503273419215
-0.0035335905134663854
-0.003472656825995366
-0.0034117025712907716
-0.003350728109758945
-0.0032897338019258334
-0.003228720008434841
-0.0031676870900447032
-0.0031066354076273502
-0.0030455653221657547
-0.002984477194751822
-0.002923371386584233
-0.0028622482589663015
-0.002801108173303863
-0.002739951491103094
-0.0026787785739684038
-0.002617589783600282
-0.0025563854817931622
-0.0024951660304332653
-0.0024339317914964815
-0.0023726831270462034
-0.0023114203992311956
-0.0022501439702834495
-0.0021888542025160366
-0.002127551458320962
-0.002066236100167024
-0.0020049084905976633
-0.00194356899222882
-0.0018822179677467862
-0.001820855779906057
-0.0017594827915271933
-0.001698099365494648
-0.0016367058647546522
-0.00157530265231304
-0.0015138900912331156
-0.0014524685446334923
-0.0013910383756859544
-0.001329599947613297
-0.001268153623687185
-0.00120669976722599
-0.0011452387415926625
-0.0010837709101925539
-0.0010222966364712809
-0.0009608162839125721
-0.0008993302160361266
-0.0008378387963954321
-0.0007763423885756495
-0.0007148413561914308
-0.0006533360628847933
-0.0005918268723229409
-0.0005303141481961354
-0.0004687982542155237
-0.00040727955411100055
-0.000345758411629052
-0.00028423519053059264
-0.00022271025458882733
-0.0001611839675870808
-0.00009965669331666966
-0.0000381287955747194
0.000023399361837958695
0.00008492741511904703
0.0001464550004668649
0.00020798175408250468
0.00026950731217201626
0.0003310313109485404
0.00039255338663445874
0.00045407317546355974
0.0005155903136831846
0.0005771044375563792
0.000638615183364046
0.0007001221874070993
0.0007616250860086219
0.0008231235155160057
0.0008846171123031108
0.00094610551277242
0.0010075883533571838
0.0010690652705235826
0.0011305359007728606
0.0011919998806434878
0.0012534568467133212
0.001314906435601732
0.0013763482839717724
0.0014377820285323229
0.0014992073060402396
0.0015606237533024984
0.0016220310071783635
0.00168342870458151
0.0017448164824821874
0.0018061939779093702
0.0018675608279529
0.0019289166697656342
0.0019902611405655892
0.0020515938776380933
0.002112914518337927
0.0021742227000914743
0.0022355180603988714
0.0022968002368361335
0.002358068867057317
0.002419323588796666
0.002480564039870733
0.002541789858180546
0.002603000681713737
0.002664196148546696
0.0027253758968466967
0.0027865395648740405
0.002847686790984217
0.0029088172136300192
0.0029699304713636846
0.003031026202839056
0.00309210404681369
0.0031531636421510156
0.0032142046278224607
0.0032752266429095984
0.0033362293266062555
0.0033972123182206913
0.0034581752571776854
0.0035191177830206978
0.0035800395354140075
0.0036409401541448163
0.0037018192791254006
0.003762676550395243
0.003823511608123142
0.0038843240926093644
0.003945113644287773
0.004005879903727924
0.004066622511637217
0.004127341108863024
0.004188035336394805
0.004248704835366236
0.004309349247057313
0.004369968212896516
0.004430561374462886
0.0044911283734881706
0.004551668851858929
0.004612182451618665
0.004672668814969941
0.004733127584276483
0.004793558402065305
0.004853960911028825
0.004914334754026973
0.004974679574089313
0.0050349950144171415
0.005095280718385613
0.005155536329545821
0.005215761491626954
0.005275955848538358
0.005336119044371661
0.005396250723402883
0.005456350530094531
0.005516418109097712
0.00557645310525422
0.005636455163598641
0.0056964239293604705
0.005756359047966192
0.00581626016504137
0.005876126926412771
0.005935958978110435
0.005995755966369784
0.006055517537633698
0.006115243338554624
0.006174933015996655
0.006234586217037621
0.006294202588971182
0.006353781779308896
0.006413323435782331
0.006472827206345126
0.006532292739175084
0.006591719682676258
0.00665110768548099
0.006710456396452072
0.006769765464684733
0.0068290345395087635
0.006888263270490584
0.006947451307435309
0.0070065983003888286
0.007065703899639862
0.007124767755722037
0.00718378951941596
0.007242768841751272
0.007301705374008712
0.007360598767722203
0.007419448674680863
0.007478254746931124
0.007537016636778748
0.007595733996790881
0.007654406479798155
0.007713033738896674
0.007771615427450127
0.007830151199091797
0.007888640707726624
0.007947083607533243
0.008005479552966063
0.008063828198757256
0.008122129199918837
0.00818038221174469
0.008238586889812617
0.008296742889986369
0.008354849868417674
0.008412907481548267
0.008470915386111952
0.008528873239136588
0.00858678069794616
0.008644637420162771
0.008702443063708687
0.00876019728680835
0.0088178997479904
0.008875550106089694
0.00893314802024934
0.008990693149922681
0.009048185154875335
0.009105623695187194
0.00916300843125444
0.009220339023791544
0.00927761513383328
0.009334836422736739
0.009392002552183299
0.009449113184180671
0.009506167981064855
0.009563166605502157
0.00962010872049119
0.00967699398936484
0.009733822075792292
0.009790592643780996
0.009847305357678648
0.009903959882175198
0.009960555882304817
0.010017093023447863
0.010073570971332902
0.010129989392038637
0.010186347951995918
0.010242646317989695
0.010298884157160985
0.010355061137008868
0.010411176925392408
0.010467231190532665
0.010523223601014611
0.010579153825789127
0.010635021534174942
0.010690826395860588
0.010746568080906354
0.010802246259746236
0.010857860603189903
0.010913410782424603
0.010968896469017162
0.011024317334915861
0.011079673052452436
0.011134963294343988
0.011190187733694904
0.011245346043998804
0.011300437899140491
0.01135546297339784
0.011410420941443756
0.011465311478348079
0.011520134259579505
0.011574888961007524
0.011629575258904307
0.011684192829946647
0.011738741351217843
0.011793220500209652
0.011847629954824124
0.011901969393375598
0.011956238494592519
0.012010436937619388
0.01206456440201865
0.01211862056777257
0.012172605115285149
0.012226517725383983
0.012280358079322195
0.01233412585878027
0.012387820745867978
0.012441442423126217
0.012494990573528911
0.01254846488048489
0.012601865027839736
0.012655190699877689
0.012708441581323473
0.01276161735734418
0.012814717713551138
0.01286774233600175
0.012920690911201373
0.012973563126105142
0.013026358668119856
0.01307907722510579
0.013131718485378568
0.013184282137710984
0.013236767871334865
0.013289175375942876
0.013341504341690397
0.0133937544591973
0.013445925419549837
0.013498016914302418
0.013550028635479461
0.013601960275577205
0.013653811527565517
0.013705582084889733
0.01375727164147244
0.013808879891715302
0.013860406530500868
0.013911851253194366
0.0139632137556455
0.014014493734190276
0.01406569088565277
0.014116804907346906
0.014167835497078288
0.014218782353145967
0.014269645174344198
0.014320423659964256
0.014371117509796206
0.014421726424130666
0.014472250103760579
0.014522688249983
0.014573040564600835
0.014623306749924632
0.014673486508774288
0.01472357954448089
0.014773585560888399
0.01482350426235542
0.014873335353756949
0.014923078540486122
0.014972733528455968
0.015022300024101114
0.01507177773437954
0.015121166366774323
0.015170465629295346
0.015219675230481022
0.015268794879400034
0.015317824285653052
0.015366763159374424
0.015415611211233924
0.015464368152438429
0.015513033694733653
0.015561607550405848
0.015610089432283479
0.01565847905373895
0.01570677612869027
0.01575498037160278
0.015803091497490825
0.0158511092219194
0.015899033261005887
0.01594686333142172
0.015994599150394032
0.016042240435707338
0.01608978690570523
0.016137238279292008
0.016184594275934345
0.016231854615662976
0.016279019019074303
0.0163260872073321
0.016373058902169096
0.016419933825888692
0.016466711701366547
0.016513392252052245
0.016559975201970924
0.01660646027572488
0.016652847198495246
0.01669913569604356
0.01674532549471343
0.016791416321432134
0.016837407903712225
0.01688329996965314
0.01692909224794286
0.016974784467859404
0.01702037635927255
0.017065867652645346
0.01711125807903574
0.017156547370098172
0.017201735258085132
0.017246821475848766
0.017291805756842454
0.01733668783512237
0.01738146744534906
0.017426144322789033
0.01747071820331629
0.017515188823413887
0.017559555920175527
0.017603819231307077
0.017647978495128152
0.01769203345057361
0.017735983837195147
0.01777982939516281
0.01782356986526654
0.017867204988917692
0.01791073450815058
0.017954158165624
0.01799747570462272
0.018040686869059044
0.018083791403474287
0.018126789053040316
0.018169679563561015
0.018212462681473827
0.018255138153851234
0.018297705728402256
0.01834016515347392
0.018382516178052793
0.018424758551766427
0.018466892024884846
0.018508916348322024
0.018550831273637367
0.01859263655303717
0.01863433193937607
0.018675917186158526
0.018717392047540284
0.018758756278329798
0.01880000963398969
0.01884115187063821
0.018882182745050668
0.018923102014660867
0.018963909437562546
0.019004604772510772
0.019045187778923427
0.019085658216882594
0.019126015847135965
0.01916626043109828
0.019206391730852722
0.01924640950915231
0.019286313529421346
0.019326103555756757
0.019365779352929526
0.019405340686386066
0.01944478732224961
0.0194841190273216
0.019523335569083047
0.019562436715695918
0.01960142223600451
0.0196402918995368
0.019679045476505817
0.01971768273781101
0.019756203455039558
0.019794607400467807
0.019832894347062487
0.019871064068482186
0.01990911633907858
0.019947050933897866
0.01998486762868199
0.020022566199870032
0.020060146424599534
0.020097608080707773
0.020134950946733125
0.020172174801916305
0.02020927942620175
0.020246264600238862
0.02028313010538333
0.020319875723698408
0.020356501237956213
0.02039300643163902
0.02042939108894049
0.02046565499476701
0.020501797934738934
0.02053781969519183
0.020573720063177765
0.020609498826466597
0.020645155773547134
0.020680690693628472
0.020716103376641228
0.020751393613238717
0.020786561194798273
0.020821605913422424
0.02085652756194014
0.020891325933908064
0.020926000823611707
0.0209605520260667
0.020994979337019964
0.021029282552950956
0.021063461471072836
0.021097515889333677
0.021131445606417686
0.021165250421746357
0.021198930135479653
0.021232484548517238
0.021265913462499578
0.021299216679809174
0.021332394003571703
0.02136544523765719
0.02139837018668115
0.02143116865600577
0.02146384045174102
0.021496385380745848
0.021528803250629266
0.02156109386975154
0.021593257047225277
0.021625292592916585
0.021657200317446175
0.021688980032190483
0.021720631549282814
0.021752154681614396
0.021783549242835525
0.02181481504735667
0.02184595191034954
0.021876959647748193
0.021907838076250134
0.02193858701331737
0.02196920627717751
0.021999695686824836
0.022030055062021364
0.022060284223297914
0.022090382991955173
0.022120351190064738
0.02215018864047018
0.02217989516678809
0.022209470593409105
0.022238914745498977
0.022268227448999558
0.02229740853062988
0.022326457817887148
0.02235537513904776
0.022384160323168326
0.02241281320008668
0.022441333600422893
0.022469721355580237
0.022497976297746247
0.022526098259893625
0.02255408707578132
0.02258194257995542
0.02260966460775022
0.022637252995289105
0.022664707579485584
0.022692028198044226
0.022719214689461614
0.022746266893027316
0.02277318464882482
0.02279996779773249
0.022826616181424488
0.02285312964237174
0.022879508023842816
0.02290575116990492
0.022931858925424757
0.022957831136069466
0.022983667648307563
0.02300936830940978
0.02303493296745005
0.023060361471306315
0.0230856536706615
0.023110809416004355
0.023135828558630344
0.023160710950642534
0.023185456444952453
0.02321006489528097
0.023234536156159162
0.023258870082929168
0.02328306653174504
0.023307125359573588
0.023331046424195243
0.02335482958420488
0.023378474699012657
0.02340198162884486
0.023425350234744704
0.023448580378573156
0.02347167192300978
0.023494624731553514
0.023517438668523506
0.02354011359905987
0.02356264938912455
0.023585045905502037
0.023607303015800208
0.02362942058845109
0.023651398492711646
0.02367323659866453
0.02369493477721887
0.02371649290011101
0.02373791083990529
0.023759188469994794
0.023780325664602104
0.023801322298779997
0.02382217824841224
0.02384289339021432
0.023863467601734113
0.023883900761352675
0.023904192748284914
0.02392434344258034
0.023944352725123744
0.0239642204776359
0.023983946582674304
0.024003530923633807
0.02402297338474734
0.02404227385108663
0.024061432208562796
0.024080448343927075
0.024099322144771517
0.024118053499529564
0.024136642297476803
0.024155088428731552
0.024173391784255545
0.024191552255854554
0.024209569736179045
0.024227444118724812
0.024245175297833578
0.024262763168693652
0.02428020762734054
0.024297508570657524
0.024314665896376354
0.02433167950307775
0.024348549290192072
0.02436527515799988
0.024381857007632547
0.024398294741072805
0.02441458826115538
0.024430737471567498
0.024446742276849523
0.024462602582395465
0.02447831829445356
0.02449388932012684
0.024509315567373638
0.02452459694500819
0.024539733362701103
0.024554724730979964
0.024569570961229813
0.02458427196569368
0.02459882765747312
0.024613237950528694
0.02462750275968051
0.0246416220006087
0.02465559558985394
0.024669423444817935
0.024683105483763894
0.024696641625817008
0.02471003179096497
0.0247232759000584
0.02473637387481133
0.02474932563780167
0.024762131112471664
0.024774790223128333
0.024787302894943936
0.024799669053956395
0.024811888627069737
0.024823961542054542
0.024835887727548352
0.024847667113056075
0.024859299628950445
0.024870785206472408
0.024882123777731507
0.024893315275706335
0.024904359634244876
0.02491525678806493
0.024926006672754495
0.02493660922477212
0.024947064381447323
0.024957372080980915
0.024967532262445406
0.02497754486578533
0.024987409831817624
0.02499712710223197
0.02500669661959112
0.025016118327331277
0.025025392169762392
0.02503451809206849
0.02504349604030804
0.025052325961414202
0.025061007803195198
0.02506954151433461
0.025077927044391667
0.02508616434380153
0.025094253363875614
0.02510219405680189
0.025109986375645096
0.025117630274347085
0.025125125707727066
0.025132472631481887
0.025139671002186254
0.02514672077729304
0.02515362191513351
0.025160374374917572
0.025166978116733997
0.025173433101550697
0.02517973929121491
0.025185896648453453
0.02519190513687294
0.025197764720959987
0.02520347536608141
0.025209037038484466
0.02521444970529702
0.02521971333452774
0.025224827895066314
0.025229793356683586
0.025234609690031787
0.025239276866644674
0.025243794858937692
0.02524816364020817
0.02525238318463544
0.025256453467281014
0.025260374464088745
0.02526414615188491
0.025267768508378412
0.02527124151216087
0.025274565142706772
0.025277739380373556
0.025280764206401785
0.02528363960291519
0.025286365552920846
0.0252889420403092
0.0252913690498542
0.025293646567213432
0.0252957745789281
0.025297753072423195
0.02529958203600752
0.025301261458873795
0.025302791331098654
0.025304171643642816
0.025305402388351002
0.025306483557952102
0.02530741514605914
0.025308197147169347
0.025308829556664185
0.025309312370809352
0.025309645586754855
0.02530982920253498
0.025309863217068306
0.025309747630157746
0.02530948244249051
0.02530906765563812
0.025308503272056394
0.025307789295085436
0.025306925728949596
0.025305912578757476
0.02530474985050189
0.02530343755105979
0.025301975688192303
0.025300364270544596
0.02529860330764588
0.025296692809909354
0.025294632788632112
0.02529242325599509
0.025290064225063007
0.02528755570978427
0.025284897724990905
0.025282090286398443
0.025279133410605854
0.025276027115095443
0.025272771418232743
0.025269366339266387
0.025265811898328033
0.025262108116432213
0.025258255015476214
0.02525425261823996
0.02525010094838587
0.025245800030458707
0.02524134988988545
0.025236750552975133
0.025232002046918684
0.02522710439978879
0.0252220576405397
0.025216861799007055
0.025211516905907744
0.025206022992839673
0.02520038009228162
0.02519458823759304
0.02518864746301382
0.02518255780366413
0.025176319295544203
0.025169931975534087
0.025163395881393484
0.025156711051761465
0.025149877526156297
0.025142895344975172
0.02513576454949398
0.02512848518186707
0.025121057285126973
0.025113480903184198
0.025105756080826925
0.025097882863720763
0.02508986129840847
0.025081691432309677
0.025073373313720625
0.025064906991813848
0.025056292516637917
0.025047529939117116
0.02503861931105115
0.025029560685114857
0.025020354114857844
0.02501099965470423
0.025001497359952305
0.02499184728677416
0.024982049492215438
0.024972104034194916
0.02496201097150419
0.024951770363807368
0.024941382271640646
0.024930846756412
0.024920163880400806
0.02490933370675747
0.024898356299503068
0.024887231723528937
0.02487596004459633
0.024864541329335996
0.0248529756452478
0.02484126306070032
0.02482940364493045
0.024817397468042967
0.024805244601010145
0.02479294511567133
0.02478049908473249
0.02476790658176581
0.024755167681209257
0.024742282458366124
0.0247292509894046
0.0247160733513573
0.02470274962212082
0.0246892798804553
0.024675664205983907
0.02466190267919242
0.024647995381428707
0.024633942394902256
0.02461974380268373
0.024605399688704403
0.024590910137755728
0.024576275235488797
0.024561495068413847
0.024546569723899753
0.0245314992901735
0.02451628385631969
0.02450092351227995
0.024485418348852487
0.024469768457691474
0.02445397393130656
0.024438034863062293
0.024421951347177572
0.024405723478725123
0.02438935135363088
0.024372835068673458
0.024356174721483576
0.024339370410543463
0.024322422235186294
0.024305330295595586
0.024288094692804626
0.02427071552869585
0.02425319290600025
0.024235526928296787
0.02421771770001174
0.02419976532641811
0.024181669913635004
0.024163431568627002
0.02414505039920351
0.024126526514018143
0.024107860022568067
0.02408905103519336
0.024070099663076355
0.024051006018240995
0.02403177021355214
0.024012392362714945
0.02399287258027414
0.023973210981613403
0.023953407682954616
0.023933462801357223
0.023913376454717555
0.02389314876176805
0.023872779842076662
0.023852269816046063
0.023831618804912965
0.023810826930747413
0.02378989431645206
0.023768821085761418
0.023747607363241156
0.02372625327428733
0.02370475894512569
0.02368312450281088
0.023661350075225716
0.02363943579108043
0.02361738177991191
0.023595188172082913
0.023572855098781324
0.02355038269201935
0.023527771084632772
0.02350502041028014
0.023482130803441963
0.023459102399419975
0.023435935334336248
0.02341262974513249
0.023389185769569134
0.023365603546224602
0.02334188321449443
0.023318024914590483
0.023294028787540114
0.023269894975185307
0.02324562362018187
0.023221214865998582
0.023196668856916354
0.023171985738027333
0.02314716565523409
0.023122208755248768
0.023097115185592144
0.023071885094592837
0.023046518631386376
0.023021015945914367
0.022995377188923544
0.022969602511964917
0.022943692067392902
0.02291764600836436
0.02289146448883771
0.022865147663572064
0.022838695688126267
0.022812108718857967
0.022785386912922725
0.022758530428273076
0.022731539423657594
0.022704414058619934
0.022677154493497918
0.022649760889422565
0.022622233408317177
0.022594572212896305
0.02256677746666487
0.022538849333917164
0.022510787979735845
0.022482593569991008
0.022454266271339205
0.02242580625122242
0.022397213677867105
0.02236848872028319
0.022339631548263086
0.022310642332380635
0.022281521243990163
0.02225226845522547
0.022222884138998734
0.02219336846899955
0.022163721619693922
0.02213394376632316
0.02210403508490294
0.022073995752222127
0.022043825945841918
0.022013525844094602
0.021983095626082614
0.021952535471677474
0.02192184556151868
0.021891026077012665
0.02186007720033172
0.021828999114412936
0.021797792002957075
0.02176645605042755
0.021734991442049274
0.02170339836380759
0.021671677002447196
0.02163982754547096
0.02160785018113897
0.0215757450984672
0.021543512487226593
0.021511152537941832
0.021478665441890234
0.021446051391100618
0.021413310578352215
0.021380443197173454
0.021347449441840867
0.02131432950737791
0.021281083589553867
0.021247711884882614
0.02121421459062152
0.021180591904770226
0.02114684402606955
0.021112971154000265
0.021078973488781873
0.02104485123137152
0.021010604583462742
0.02097623374748429
0.020941738926598934
0.02090712032470226
0.020872378146421483
0.020837512597114197
0.0208025238828672
0.020767412210495256
0.020732177787539864
0.020696820822268067
0.02066134152367119
0.020625740101463598
0.0205900167660815
0.02055417172868165
0.020518205201140123
0.020482117396051085
0.020445908526725502
0.0204095788071899
0.020373128452185092
0.020336557677164892
0.020299866698294877
0.020263055732451095
0.020226124997218757
0.020189074710890976
0.0201519050924675
0.020114616361653365
0.02007720873885763
0.02003968244519205
0.020002037702469822
0.019964274733204196
0.019926393760607227
0.019888395008588404
0.0198502787017534
0.019812045065402642
0.01977369432553004
0.019735226708821687
0.01969664244265442
0.019657941755094586
0.019619124874896584
0.019580192031501627
