0.05775353414824018
1001
0.0019276707265508263
0.0019280702195074205
0.0019284648491045796
0.001928854614258942
0.001929239513899345
0.0019296195469668317
0.0019299947124146561
0.0019303650092082872
0.0019307304363254155
0.001931090992755957
0.00193144667750206
0.0019317974895781075
0.0019321434280107248
0.0019324844918387836
0.0019328206801134062
0.0019331519918979708
0.001933478426268117
0.0019337999823117499
0.001934116659129045
0.0019344284558324531
0.001934735371546705
0.0019350374054088152
0.0019353345565680882
0.0019356268241861217
0.0019359142074368116
0.0019361967055063565
0.0019364743175932621
0.001936747042908345
0.001937014880674738
0.0019372778301278933
0.0019375358905155894
0.0019377890610979306
0.0019380373411473555
0.001938280729948639
0.001938519226798897
0.0019387528310075908
0.00193898154189653
0.0019392053587998772
0.001939424281064152
0.0019396383080482337
0.0019398474391233691
0.0019400516736731697
0.0019402510110936206
0.0019404454507930835
0.0019406349921922978
0.001940819634724387
0.0019409993778348614
0.001941174220981621
0.0019413441636349595
0.0019415092052775676
0.0019416693454045368
0.0019418245835233624
0.001941974919153947
0.0019421203518286039
0.0019422608810920584
0.0019423965065014555
0.0019425272276263588
0.0019426530440487541
0.0019427739553630554
0.0019428899611761054
0.0019430010611071783
0.0019431072547879845
0.001943208541862671
0.0019433049219878282
0.0019433963948324885
0.001943482960078131
0.0019435646174186855
0.0019436413665605311
0.001943713207222505
0.0019437801391358988
0.0019438421620444654
0.00194389927570442
0.0019439514798844418
0.0019439987743656779
0.001944041158941745
0.0019440786334187319
0.0019441111976152014
0.0019441388513621936
0.0019441615945032264
0.0019441794268942993
0.0019441923484038955
0.0019442003589129815
0.001944203458315014
0.0019442016465159367
0.0019441949234341857
0.0019441832890006896
0.001944166743158874
0.0019441452858646585
0.0019441189170864637
0.0019440876368052103
0.0019440514450143208
0.0019440103417197228
0.0019439643269398477
0.0019439134007056354
0.0019438575630605346
0.0019437968140605037
0.0019437311537740128
0.001943660582282046
0.0019435850996781011
0.001943504706068192
0.00194341940157085
0.0019433291863171249
0.0019432340604505864
0.0019431340241273243
0.0019430290775159505
0.001942919220797601
0.0019428044541659356
0.0019426847778271385
0.0019425601919999206
0.00194243069691552
0.0019422962928177026
0.001942156979962763
0.0019420127586195254
0.0019418636290693448
0.0019417095916061076
0.0019415506465362297
0.0019413867941786625
0.0019412180348648885
0.001941044368938924
0.0019408657967573202
0.0019406823186891623
0.0019404939351160694
0.0019403006464321978
0.0019401024530442395
0.0019398993553714204
0.0019396913538455047
0.001939478448910792
0.0019392606410241198
0.0019390379306548616
0.001938810318284927
0.0019385778044087648
0.0019383403895333591
0.0019380980741782307
0.0019378508588754383
0.001937598744169578
0.0019373417306177807
0.0019370798187897155
0.0019368130092675868
0.0019365413026461347
0.0019362646995326365
0.0019359832005469031
0.0019356968063212816
0.001935405517500652
0.0019351093347424304
0.0019348082587165648
0.0019345022901055364
0.0019341914296043597
0.0019338756779205802
0.0019335550357742737
0.0019332295038980468
0.0019328990830370376
0.0019325637739489086
0.0019322235774038548
0.0019318784941845957
0.0019315285250863777
0.001931173670916971
0.0019308139324966712
0.0019304493106582971
0.0019300798062471891
0.001929705420121208
0.0019293261531507348
0.0019289420062186691
0.0019285529802204272
0.001928159076063942
0.0019277602946696601
0.0019273566369705428
0.0019269481039120612
0.0019265346964521984
0.0019261164155614464
0.0019256932622228038
0.0019252652374317748
0.001924832342196369
0.0019243945775370972
0.0019239519444869714
0.0019235044440915033
0.0019230520774087018
0.0019225948455090704
0.0019221327494756072
0.0019216657904038022
0.0019211939694016343
0.0019207172875895715
0.001920235746100566
0.0019197493460800558
0.0019192580886859586
0.0019187619750886734
0.0019182610064710762
0.0019177551840285172
0.0019172445089688205
0.0019167289825122815
0.0019162086058916617
0.001915683380352191
0.0019151533071515617
0.0019146183875599274
0.0019140786228599002
0.0019135340143465484
0.0019129845633273936
0.0019124302711224091
0.0019118711390640154
0.0019113071684970797
0.001910738360778911
0.0019101647172792596
0.0019095862393803122
0.0019090029284766902
0.0019084147859754466
0.0019078218132960625
0.0019072240118704466
0.0019066213831429282
0.0019060139285702576
0.0019054016496216012
0.001904784547778538
0.0019041626245350593
0.0019035358813975622
0.001902904319884848
0.0019022679415281187
0.0019016267478709733
0.0019009807404694057
0.0019003299208917989
0.0018996742907189243
0.0018990138515439375
0.0018983486049723726
0.0018976785526221413
0.001897003696123529
0.001896324037119189
0.001895639577264142
0.00189495031822577
0.0018942562616838137
0.0018935574093303675
0.001892853762869878
0.001892145324019139
0.0018914320945072848
0.0018907140760757917
0.0018899912704784696
0.0018892636794814606
0.0018885313048632331
0.0018877941484145787
0.0018870522119386085
0.0018863054972507482
0.0018855540061787324
0.0018847977405626064
0.0018840367022547122
0.0018832708931196946
0.0018825003150344877
0.0018817249698883174
0.0018809448595826944
0.0018801599860314069
0.0018793703511605225
0.0018785759569083758
0.0018777768052255731
0.0018769728980749779
0.0018761642374317145
0.0018753508252831578
0.0018745326636289328
0.0018737097544809047
0.0018728820998631796
0.0018720497018120973
0.001871212562376225
0.001870370683616354
0.0018695240676054954
0.0018686727164288737
0.0018678166321839218
0.0018669558169802777
0.0018660902729397768
0.0018652200021964489
0.0018643450068965121
0.0018634652891983687
0.0018625808512725975
0.0018616916953019507
0.001860797823481349
0.0018598992380178738
0.0018589959411307636
0.001858087935051409
0.0018571752220233446
0.001856257804302248
0.0018553356841559292
0.0018544088638643302
0.0018534773457195132
0.001852541132025661
0.0018516002250990688
0.0018506546272681371
0.0018497043408733675
0.0018487493682673576
0.0018477897118147942
0.0018468253738924472
0.0018458563568891635
0.001844882663205862
0.0018439042952555283
0.0018429212554632074
0.0018419335462659956
0.0018409411701130402
0.0018399441294655267
0.001838942426796679
0.0018379360645917483
0.0018369250453480082
0.001835909371574751
0.0018348890457932775
0.001833864070536894
0.001832834448350903
0.0018318001817925994
0.001830761273431263
0.0018297177258481518
0.0018286695416364952
0.0018276167234014885
0.0018265592737602859
0.0018254971953419938
0.0018244304907876641
0.0018233591627502877
0.0018222832138947874
0.0018212026468980118
0.001820117464448728
0.0018190276692476145
0.0018179332640072558
0.0018168342514521345
0.0018157306343186228
0.0018146224153549795
0.0018135095973213387
0.0018123921829897058
0.0018112701751439486
0.0018101435765797923
0.00180901239010481
0.0018078766185384168
0.0018067362647118624
0.001805591331468224
0.001804441821662399
0.0018032877381610971
0.0018021290838428348
0.0018009658615979252
0.0017997980743284729
0.001798625724948365
0.001797448816383266
0.001796267351570607
0.0017950813334595816
0.0017938907650111345
0.0017926956491979575
0.0017914959890044796
0.001790291787426861
0.0017890830474729838
0.0017878697721624443
0.001786651964526548
0.0017854296276082974
0.0017842027644623865
0.001782971378155195
0.0017817354717647763
0.0017804950483808516
0.0017792501111048022
0.0017780006630496612
0.0017767467073401054
0.0017754882471124466
0.0017742252855146253
0.001772957825706199
0.0017716858708583397
0.0017704094241538183
0.0017691284887870048
0.001767843067963852
0.0017665531649018924
0.0017652587828302282
0.0017639599249895225
0.0017626565946319928
0.001761348795021399
0.0017600365294330386
0.0017587198011537368
0.0017573986134818364
0.001756072969727192
0.0017547428732111602
0.001753408327266589
0.0017520693352378134
0.0017507259004806424
0.001749378026362353
0.0017480257162616809
0.0017466689735688103
0.0017453078016853676
0.0017439422040244092
0.0017425721840104154
0.001741197745079281
0.0017398188906783058
0.0017384356242661854
0.0017370479493130026
0.0017356558693002175
0.0017342593877206608
0.0017328585080785214
0.00173145323388934
0.0017300435686799975
0.0017286295159887092
0.0017272110793650106
0.0017257882623697546
0.0017243610685750948
0.0017229295015644829
0.0017214935649326544
0.0017200532622856219
0.0017186085972406649
0.0017171595734263199
0.0017157061944823725
0.0017142484640598464
0.0017127863858209928
0.0017113199634392832
0.0017098492005993991
0.0017083741009972224
0.0017068946683398232
0.0017054109063454545
0.0017039228187435392
0.0017024304092746608
0.001700933681690555
0.0016994326397540992
0.001697927287239301
0.001696417627931291
0.0016949036656263106
0.0016933854041317035
0.0016918628472659056
0.0016903359988584335
0.001688804862749877
0.0016872694427918864
0.0016857297428471635
0.0016841857667894524
0.001682637518503527
0.0016810850018851848
0.0016795282208412312
0.001677967179289474
0.0016764018811587101
0.0016748323303887177
0.001673258530930243
0.0016716804867449916
0.00167009820180562
0.0016685116800957197
0.0016669209256098135
0.0016653259423533389
0.0016637267343426407
0.0016621233056049608
0.001660515660178427
0.0016589038021120408
0.0016572877354656696
0.0016556674643100325
0.0016540429927266944
0.00165241432480805
0.0016507814646573166
0.0016491444163885228
0.0016475031841264958
0.001645857772006852
0.0016442081841759873
0.0016425544247910637
0.0016408964980199996
0.001639234408041458
0.0016375681590448383
0.0016358977552302617
0.0016342232008085616
0.0016325445000012725
0.0016308616570406202
0.0016291746761695081
0.0016274835616415075
0.0016257883177208461
0.0016240889486823977
0.00162238545881167
0.0016206778524047922
0.001618966133768506
0.0016172503072201534
0.0016155303770876643
0.0016138063477095473
0.0016120782234348744
0.0016103460086232745
0.0016086097076449177
0.001606869324880507
0.001605124864721264
0.0016033763315689202
0.0016016237298357022
0.0015998670639443219
0.001598106338327966
0.0015963415574302806
0.0015945727257053648
0.0015927998476177542
0.0015910229276424107
0.0015892419702647118
0.0015874569799804376
0.00158566796129576
0.001583874918727229
0.0015820778568017618
0.001580276780056633
0.0015784716930394582
0.0015766626003081863
0.0015748495064310843
0.0015730324159867286
0.001571211333563987
0.0015693862637620151
0.0015675572111902376
0.0015657241804683374
0.0015638871762262458
0.001562046203104127
0.0015602012657523689
0.0015583523688315701
0.0015564995170125253
0.0015546427149762164
0.001552781967413797
0.0015509172790265824
0.0015490486545260366
0.0015471760986337586
0.0015452996160814727
0.0015434192116110129
0.0015415348899743121
0.0015396466559333898
0.001537754514260339
0.0015358584697373141
0.0015339585271565163
0.0015320546913201846
0.0015301469670405798
0.0015282353591399738
0.001526319872450636
0.0015244005118148214
0.0015224772820847563
0.0015205501881226274
0.001518619234800568
0.001516684427000644
0.0015147457696148448
0.0015128032675450658
0.0015108569257030985
0.0015089067490106159
0.0015069527423991614
0.001504994910810134
0.0015030332591947772
0.0015010677925141633
0.001499098515739182
0.0014971254338505286
0.0014951485518386867
0.0014931678747039218
0.0014911834074562609
0.0014891951551154823
0.0014872031227111063
0.0014852073152823734
0.0014832077378782401
0.0014812043955573593
0.0014791972933880686
0.00147718643644838
0.0014751718298259624
0.0014731534786181285
0.0014711313879318252
0.0014691055628836176
0.0014670760085996732
0.0014650427302157526
0.001463005732877195
0.0014609650217389026
0.0014589206019653281
0.001456872478730463
0.0014548206572178204
0.0014527651426204243
0.0014507059401407962
0.001448643054990938
0.0014465764923923211
0.001444506257575873
0.0014424323557819618
0.0014403547922603834
0.0014382735722703482
0.0014361887010804647
0.0014341001839687294
0.0014320080262225116
0.0014299122331385365
0.0014278128100228755
0.0014257097621909309
0.00142360309496742
0.0014214928136863636
0.0014193789236910715
0.001417261430334127
0.0014151403389773753
0.0014130156549919059
0.0014108873837580423
0.0014087555306653257
0.0014066201011125002
0.0014044811005075018
0.00140233853426744
0.0014001924078185873
0.0013980427265963622
0.0013958894960453164
0.0013937327216191205
0.0013915724087805491
0.0013894085630014666
0.0013872411897628135
0.0013850702945545903
0.0013828958828758454
0.0013807179602346592
0.0013785365321481303
0.0013763516041423592
0.0013741631817524372
0.0013719712705224292
0.0013697758760053596
0.0013675770037631988
0.0013653746593668475
0.0013631688483961223
0.0013609595764397416
0.0013587468490953102
0.0013565306719693054
0.0013543110506770617
0.0013520879908427567
0.0013498614980993957
0.0013476315780887964
0.0013453982364615763
0.0013431614788771353
0.0013409213110036433
0.0013386777385180227
0.0013364307671059365
0.0013341804024617704
0.00133192665028862
0.0013296695162982753
0.0013274090062112055
0.0013251451257565436
0.0013228778806720727
0.0013206072767042104
0.0013183333196079925
0.0013160560151470604
0.001313775369093643
0.0013114913872285445
0.0013092040753411277
0.0013069134392292982
0.0013046194846994916
0.0013023222175666562
0.0013000216436542384
0.0012977177687941667
0.0012954105988268387
0.0012931001396011038
0.0012907863969742477
0.0012884693768119794
0.0012861490849884127
0.0012838255273860534
0.0012814987098957824
0.0012791686384168418
0.0012768353188568173
0.0012744987571316243
0.0012721589591654934
0.0012698159308909523
0.0012674696782488113
0.0012651202071881499
0.001262767523666297
0.0012604116336488206
0.0012580525431095059
0.001255690258030347
0.0012533247844015254
0.0012509561282213965
0.0012485842954964735
0.0012462092922414139
0.0012438311244790006
0.0012414497982401263
0.0012390653195637816
0.0012366776944970352
0.00123428692909502
0.0012318930294209158
0.0012294960015459353
0.0012270958515493088
0.0012246925855182635
0.0012222862095480156
0.0012198767297417468
0.0012174641522105917
0.0012150484830736228
0.0012126297284578325
0.001210207894498119
0.0012077829873372683
0.001205355013125939
0.001202923978022648
0.0012004898881937513
0.0011980527498134303
0.0011956125690636753
0.0011931693521342677
0.0011907231052227661
0.0011882738345344887
0.001185821546282499
0.0011833662466875867
0.001180907941978254
0.001178446638390698
0.0011759823421687943
0.0011735150595640832
0.0011710447968357486
0.0011685715602506087
0.0011660953560830916
0.001163616190615225
0.0011611340701366177
0.001158649000944443
0.0011561609893434228
0.0011536700416458112
0.0011511761641713777
0.001148679363247391
0.0011461796452086025
0.0011436770163972304
0.001141171483162941
0.0011386630518628361
0.001136151728861432
0.0011336375205306462
0.0011311204332497805
0.0011286004734055014
0.001126077647391828
0.001123551961610112
0.0011210234224690225
0.001118492036384528
0.0011159578097798824
0.0011134207490856056
0.001110880860739468
0.0011083381511864737
0.0011057926268788433
0.0011032442942759979
0.0011006931598445424
0.001098139230058246
0.0010955825113980302
0.0010930230103519485
0.0010904607334151694
0.0010878956870899613
0.0010853278778856742
0.0010827573123187257
0.0010801839969125787
0.0010776079381977289
0.0010750291427116879
0.0010724476169989621
0.0010698633676110413
0.0010672764011063767
0.0010646867240503661
0.001062094343015339
0.0010594992645805352
0.0010569014953320907
0.00105430104186302
0.001051697910773198
0.0010490921086693452
0.0010464836421650065
0.0010438725178805392
0.0010412587424430924
0.0010386423224865897
0.0010360232646517147
0.0010334015755858897
0.0010307772619432627
0.0010281503303846877
0.001025520787577708
0.001022888640196539
0.001020253894922051
0.0010176165584417514
0.0010149766374497676
0.0010123341386468292
0.0010096890687402529
0.0010070414344439216
0.0010043912424782698
0.0010017384995702652
0.0009990832124533915
0.0009964253878676295
0.0009937650325594427
0.0009911021532817575
0.0009884367567939436
0.000985768849861805
0.000983098439257551
0.0009804255317597862
0.0009777501341534927
0.0009750722532300083
0.0009723918957870145
0.0009697090686285141
0.0009670237785648145
0.0009643360324125137
0.0009616458369944787
0.0009589531991398288
0.0009562581256839183
0.0009535606234683206
0.0009508606993408053
0.0009481583601553276
0.0009454536127720061
0.0009427464640571039
0.0009400369208830152
0.0009373249901282437
0.000934610678677387
0.0009318939934211178
0.0009291749412561664
0.0009264535290853041
0.0009237297638173226
0.0009210036523670177
0.0009182752016551733
0.0009155444186085399
0.000912811310159819
0.0009100758832476447
0.0009073381448165662
0.0009045981018170296
0.0009018557612053579
0.0008991111299437376
0.0008963642150001958
0.0008936150233485866
0.0008908635619685688
0.0008881098378455923
0.0008853538579708765
0.0008825956293413936
0.0008798351589598502
0.000877072453834672
0.0008743075209799793
0.000871540367415576
0.0008687710001669273
0.0008659994262651442
0.0008632256527469611
0.0008604496866547221
0.0008576715350363615
0.0008548912049453836
0.0008521087034408489
0.0008493240375873498
0.0008465372144549985
0.0008437482411194051
0.00084095712466166
0.0008381638721683166
0.0008353684907313721
0.0008325709874482487
0.0008297713694217778
0.0008269696437601788
0.0008241658175770437
0.000821359897991314
0.0008185518921272684
0.0008157418071144996
0.0008129296500878994
0.0008101154281876382
0.0008072991485591463
0.000804480818353098
0.0008016604447253907
0.0007988380348371265
0.0007960135958545973
0.0007931871349492594
0.0007903586592977244
0.0007875281760817312
0.0007846956924881347
0.0007818612157088846
0.0007790247529410043
0.0007761863113865781
0.0007733458982527275
0.0007705035207515949
0.0007676591861003261
0.0007648129015210489
0.0007619646742408572
0.0007591145114917904
0.0007562624205108161
0.000753408408539812
0.000750552482825544
0.0007476946506196533
0.0007448349191786315
0.0007419732957638057
0.00073910978764132
0.0007362444020821141
0.0007333771463619072
0.0007305080277611785
0.0007276370535651486
0.0007247642310637601
0.0007218895675516589
0.0007190130703281771
0.000716134746697312
0.0007132546039677096
0.0007103726494526432
0.0007074888904699955
0.0007046033343422438
0.0007017159883964334
0.0006988268599641665
0.0006959359563815774
0.0006930432849893177
0.0006901488531325363
0.0006872526681608585
0.0006843547374283714
0.0006814550682936003
0.0006785536681194923
0.0006756505442733982
0.0006727457041270514
0.000669839155056551
0.0006669309044423407
0.0006640209596691923
0.0006611093281261853
0.0006581960172066875
0.0006552810343083376
0.0006523643868330245
0.0006494460821868705
0.0006465261277802079
0.0006436045310275678
0.0006406812993476527
0.0006377564401633218
0.0006348299609015722
0.0006319018689935182
0.0006289721718743724
0.0006260408769834288
0.000623107991764041
0.0006201735236636047
0.0006172374801335377
0.0006142998686292613
0.0006113606966101827
0.0006084199715396714
0.0006054777008850461
0.0006025338921175498
0.0005995885527123351
0.0005966416901484432
0.0005936933119087835
0.0005907434254801173
0.0005877920383530354
0.0005848391580219427
0.0005818847919850347
0.0005789289477442817
0.0005759716328054085
0.0005730128546778739
0.000570052620874854
0.0005670909389132206
0.0005641278163135225
0.0005611632605999675
0.0005581972793004034
0.0005552298799462956
0.0005522610700727098
0.0005492908572182938
0.0005463192489252575
0.0005433462527393509
0.0005403718762098509
0.000537396126889535
0.000534419012334666
0.000531440540104973
0.0005284607177636288
0.0005254795528772351
0.0005224970530157982
0.0005195132257527137
0.0005165280786647461
0.0005135416193320065
0.0005105538553379377
0.0005075647942692916
0.0005045744437161116
0.0005015828112717116
0.0004985899045326576
0.00049559573109875
0.0004926002985729988
0.0004896036145616102
0.000486605686673964
0.0004836065225225939
0.0004806061297231702
0.00047760451589447765
0.00047460168865839827
0.000471597655639891
0.0004685924244669706
0.0004655860027706929
0.0004625783981851272
0.0004595696183473465
0.00045655967089740034
0.0004535485634782979
0.00045053630373599076
0.00044752289931934903
0.00044450835788014526
0.0004414926870730328
0.0004384758945555278
0.00043545798798798856
0.0004324389750335958
0.0004294188633583341
0.0004263976606309729
0.0004233753745230454
0.000420352012708826
0.00041732758286531986
0.00041430209267223205
0.0004112755498119578
0.0004082479619695562
0.0004052193368327334
0.00040218968209182205
0.00039915900543976214
0.0003961273145720837
0.00039309461718688084
0.00039006092098479783
0.0003870262336690075
0.00038399056294519384
0.0003809539165215257
0.00037791630210864637
0.00037487772741964483
0.0003718382001700448
0.0003687977280777761
0.000365756318863162
0.0003627139802488991
0.0003596707199600305
0.0003566265457239353
0.0003535814652703025
0.00035053548633111374
0.0003474886166406242
0.00034444086393534254
0.0003413922359540079
0.00033834274043757626
0.0003352923851291942
0.00033224117777418523
0.00032918912612002493
0.0003261362379163226
0.00032308252091480585
0.00032002798286929357
0.00031697263153568204
0.00031391647467192136
0.0003108595200379979
0.00030780177539591546
0.0003047432485096703
0.0003016839471452383
0.0002986238790705497
0.000295563052055473
0.00029250147387179046
0.00028943915229318637
0.00028637609509521704
0.0002833123100552996
0.00028024780495268623
0.0002771825875684492
0.00027411666568545893
0.00027105004708836056
0.000267982739563561
0.00026491475089920354
0.0002618460888851501
0.000258776761312962
0.0002557067759758808
0.00025263614066880276
0.00024956486318826834
0.00024649295133243374
0.00024342041290105622
0.00024034725569547206
0.0002372734875185759
0.0002341991161748068
0.00023112414947011744
0.00022804859521196477
0.00022497246120928402
0.0002218957552724725
0.00021881848521336609
0.00021574065884522067
0.00021266228398269605
