0.1854192412127711
1001
0.007916901311978374
0.00788712445482112
0.007857141428616815
0.007826953017203675
0.007796560009790595
0.007765963200936516
0.007735163390529668
0.007704161383766644
0.00767295799113136
0.007641554028373865
0.007609950316489018
0.007578147681695027
0.00754614695541184
0.0075139489742394264
0.007481554579935897
0.007448964619395491
0.007416179944626455
0.007383201412728761
0.007350029885871688
0.007316666231271304
0.0072831113211677765
0.007249366032802584
0.007215431248395569
0.007181307855121892
0.007146996745088816
0.007112498815312401
0.007077814967694043
0.0070429461089969135
0.007007893150822224
0.006972657009585419
0.006937238606492207
0.006901638867514481
0.006865858723366107
0.006829899109478594
0.0067937609659766305
0.006757445237653524
0.006720952873946483
0.0066842848289118
0.006647442061199911
0.006610425534030334
0.0065732362151664815
0.006535875076890361
0.006498343095977158
0.006460641253669693
0.006422770535652774
0.0063847319320274225
0.006346526437284984
0.00630815505028114
0.006269618774209778
0.006230918616576773
0.006192055589173641
0.006153030708051095
0.0061138449934924665
0.006074499469987038
0.006034995166203264
0.00599533311496186
0.005955514353208818
0.005915539921988276
0.0058754108664153155
0.005835128235648633
0.0057946930828630975
0.005754106465222233
0.005713369443850566
0.0056724830838058805
0.005631448454051387
0.0055902666274277495
0.005548938680625061
0.005507465694154667
0.0054658487523209405
0.005424088943192909
0.005382187358575821
0.0053401450939825935
0.005297963248605168
0.0052556429252857756
0.005213185230488094
0.005170591274268328
0.005127862170246175
0.0050849990355757175
0.005042002990916206
0.004998875160402761
0.004955616671616986
0.004912228655557471
0.004868712246610239
0.004825068582519071
0.0047812988043557615
0.004737404056490293
0.0046933854865609
0.00464924424544407
0.00460498148722445
0.004560598369164674
0.004516096051675099
0.004471475698283465
0.00442673847560448
0.004381885553309298
0.004336918104094959
0.004291837303653714
0.0042466443306422765
0.004201340366651021
0.0041559265961730735
0.004110404206573349
0.004064774388057506
0.004019038333640815
0.003973197239116975
0.00392725230302684
0.0038812047266270854
0.0038350557138588
0.003788806471315995
0.0037424582082140633
0.003696012136358162
0.0036494694701115216
0.0036028314263637
0.0035560992244987595
0.0035092740863633715
0.003462357236234893
0.003415349900789338
0.003368253309069303
0.0033210686924518315
0.003273797284616219
0.003226440321511754
0.0031789990413253976
0.003131474684449413
0.003083868493448925
0.0030361817130294313
0.002988415590004263
0.0029405713732619694
0.0028926503137336767
0.0028446536643603666
0.0027965826800601225
0.002748438617695308
0.00270022273603971
0.0026519362957456165
0.002603580559310859
0.0025551567910458003
0.0025066662570402635
0.0024581102251304467
0.0024094899648657462
0.002360806747475582
0.002312061845836144
0.002263256534437117
0.0022143920893483377
0.0021654697881864503
0.002116490910081483
0.002067456735643408
0.002018368546928648
0.001969227627406563
0.0019200352619258754
0.0018707927366810847
0.0018215013391788338
0.0017721623582042298
0.0017227770837871675
0.0016733468071685681
0.00162387282076664
0.001574356418143069
0.0015247988939691927
0.0014752015439921569
0.0014255656650010242
0.001375892554792871
0.0013261835121388412
0.0012764398367501905
0.0012266628292443061
0.0011768537911106937
0.0011270140246769315
0.0010771448330746335
0.0010272475202053684
0.0009773233907065565
0.0009273737499173681
0.000877399903844572
0.0008274031591284
0.0007773848230083756
0.0007273462032891257
0.0006772886083061832
0.0006272133468917816
0.0005771217283406283
0.0005270150623756532
0.00047689465911378737
0.00042676182903167583
0.0003766178829314313
0.00032646413190633926
0.00027630188730659306
0.00022613246070499104
0.00017595716386263022
0.0001257773086946311
0.00007559420723580336
0.00002540917160636012
-0.000024776486022413346
-0.0000749614534624544
-0.00012514441854325674
-0.00017532406914615728
-0.00022549909323866854
-0.00027566817890878304
-0.00032583001439927056
-0.0003759832881419967
-0.0004261266887921982
-0.0004762589052627954
-0.0005263786267586617
-0.00057648454281091
-0.0006265753433111547
-0.0006766497185457796
-0.0007267063592301755
-0.0007767439565429753
-0.0008267612021603059
-0.0008767567882899657
-0.00092672940770565
-0.0009766777537811157
-0.0010266005205243655
-0.001076496402611788
-0.0011263640954222965
-0.0011762022950714457
-0.001226009698445528
-0.001275785003235643
-0.001325526907971766
-0.0013752341120567674
-0.0014249053158004361
-0.0014745392204534604
-0.0015241345282413865
-0.0015736899423985636
-0.0016232041672020507
-0.0016726759080054909
-0.0017221038712729943
-0.0017714867646129214
-0.001820823296811727
-0.0018701121778676813
-0.001919352119024639
-0.001968541832805728
-0.0020176800330469987
-0.002066765434931096
-0.0021157967550208146
-0.002164772711292698
-0.002213692023170546
-0.0022625534115588964
-0.0023113555988764902
-0.0023600973090896686
-0.002408777267745756
-0.00245739420200636
-0.0025059468406806898
-0.0025544339142587738
-0.002602854154944669
-0.002651206296689613
-0.0026994890752251362
-0.0027477012280961036
-0.0027958414946937533
-0.0028439086162886543
-0.0028919013360636137
-0.0029398183991465516
-0.0029876585526433146
-0.0030354205456704494
-0.003083103129387887
-0.0031307050570316373
-0.0031782250839463557
-0.0032256619676179266
-0.0032730144677059272
-0.0033202813460760858
-0.0033674613668326415
-0.0034145532963506717
-0.003461555903308357
-0.003508467958719176
-0.003555288235964042
-0.003602015510823386
-0.0036486485615091586
-0.003695186168696805
-0.0037416271155571246
-0.0037879701877881105
-0.0038342141736466915
-0.0038803578639804294
-0.003926400052259139
-0.003972339534606434
-0.0040181751098312115
-0.004063905579459073
-0.004109529747763652
-0.004155046421797892
-0.004200454411425236
-0.004245752529350763
-0.004290939591152221
-0.004336014415311008
-0.004380975823243081
-0.00442582263932975
-0.0044705536909484525
-0.004515167808503396
-0.00455966382545616
-0.004604040578356189
-0.004648296906871216
-0.0046924316538176315
-0.004736443665190721
-0.004780331790194843
-0.004824094881273538
-0.0048677317941395355
-0.004911241387804662
-0.004954622524609703
-0.004997874070254143
-0.005040994893825823
-0.005083983867830521
-0.005126839868221441
-0.005169561774428601
-0.0052121484693881445
-0.005254598839571546
-0.005296911775014739
-0.005339086169347141
-0.005381120919820569
-0.005423014927338116
-0.005464767096482854
-0.005506376335546505
-0.005547841556557979
-0.0055891616753118364
-0.005630335611396632
-0.005671362288223176
-0.005712240633052679
-0.00575296957702482
-0.005793548055185685
-0.005833975006515622
-0.0058742493739569945
-0.005914370104441815
-0.005954336148919289
-0.005994146462383252
-0.006033800003899494
-0.0060732957366329875
-0.0061126326278749905
-0.006151809649070064
-0.006190825775842966
-0.006229679988025445
-0.006268371269682906
-0.006306898609141007
-0.006345260999012083
-0.00638345743622151
-0.00642148692203393
-0.006459348462079379
-0.00649704106637928
-0.006534563749372334
-0.0065719155299403045
-0.006609095431433671
-0.006646102481697152
-0.0066829357130951655
-0.006719594162537095
-0.006756076871502511
-0.00679238288606621
-0.006828511256923176
-0.0068644610394134
-0.006900231293546596
-0.006935821084026771
-0.006971229480276689
-0.007006455556462211
-0.007041498391516505
-0.007076357069164123
-0.0071110306779449935
-0.007145518311238211
-0.0071798190672858
-0.007213932049216253
-0.0072478563650680075
-0.0072815911278127764
-0.007315135455378724
-0.007348488470673554
-0.0073816493016074505
-0.00741461708111586
-0.007447390947182193
-0.007479970042860356
-0.007512353516297155
-0.007544540520754593
-0.007576530214631999
-0.007608321761488039
-0.007639914330062601
-0.0076713070942985165
-0.007702499233363189
-0.00773348993167003
-0.007764278378899814
-0.007794863770021859
-0.007825245305315084
-0.007855422190388917
-0.007885393636204073
-0.0079151588590932
-0.007944717080781354
-0.007974067528406372
-0.008003209434539076
-0.00803214203720333
-0.008060864579896002
-0.008089376311606701
-0.008117676486837469
-0.008145764365622237
-0.008173639213546196
-0.008201300301765
-0.008228746907023838
-0.008255978311676324
-0.008282993803703287
-0.008309792676731384
-0.00833637423005158
-0.008362737768637458
-0.008388882603163415
-0.008414808050022685
-0.008440513431345198
-0.00846599807501534
-0.0084912613146895
-0.008516302489813526
-0.008541120945639974
-0.00856571603324525
-0.00859008710954657
-0.008614233537318787
-0.008638154685211048
-0.00866184992776332
-0.008685318645422723
-0.008708560224559757
-0.008731574057484346
-0.008754359542461716
-0.008776916083728152
-0.00879924309150656
-0.008821339982021916
-0.008843206177516504
-0.008864841106265052
-0.00888624420258967
-0.008907414906874649
-0.0089283526655811
-0.008949056931261414
-0.008969527162573614
-0.008989762824295474
-0.009009763387338542
-0.00902952832876198
-0.009049057131786204
-0.009068349285806462
-0.009087404286406128
-0.009106221635369928
-0.009124800840696959
-0.00914314141661357
-0.009161242883586043
-0.009179104768333154
-0.00919672660383855
-0.009214107929362949
-0.009231248290456207
-0.009248147238969193
-0.009264804333065518
-0.009281219137233085
-0.009297391222295476
-0.009313320165423189
-0.009329005550144686
-0.009344446966357294
-0.009359644010337917
-0.00937459628475361
-0.00938930339867197
-0.00940376496757135
-0.009417980613350928
-0.009431949964340585
-0.00944567265531063
-0.009459148327481365
-0.00947237662853245
-0.009485357212612126
-0.009498089740346263
-0.009510573878847234
-0.009522809301722626
-0.009534795689083768
-0.009546532727554104
-0.009558020110277388
-0.009569257536925717
-0.009580244713707367
-0.009590981353374509
-0.009601467175230687
-0.009611701905138185
-0.009621685275525187
-0.009631417025392785
-0.00964089690032178
-0.009650124652479383
-0.009659100040625646
-0.009667822830119806
-0.009676292792926419
-0.009684509707621304
-0.009692473359397368
-0.009700183540070195
-0.009707640048083497
-0.009714842688514412
-0.009721791273078569
-0.009728485620135032
-0.009734925554691047
-0.009741110908406623
-0.009747041519598931
-0.009752717233246536
-0.009758137900993448
-0.00976330338115302
-0.009768213538711623
-0.009772868245332219
-0.009777267379357676
-0.009781410825813987
-0.00978529847641326
-0.009788930229556554
-0.009792305990336526
-0.009795425670539945
-0.009798289188649969
-0.0098008964698483
-0.009803247446017124
-0.009805342055740907
-0.009807180244307996
-0.009808761963712064
-0.009810087172653338
-0.009811155836539713
-0.009811967927487642
-0.009812523424322863
-0.009812822312580965
-0.009812864584507764
-0.0098126502390595
-0.009812179281902882
-0.009811451725414913
-0.009810467588682606
-0.009809226897502457
-0.00980772968437978
-0.009805975988527858
-0.009803965855866925
-0.009801699339022961
-0.00979917649732632
-0.009796397396810173
-0.009793362110208793
-0.009790070716955647
-0.00978652330318132
-0.009782719961711277
-0.00977866079206341
-0.009774345900445467
-0.009769775399752255
-0.009764949409562707
-0.00975986805613673
-0.009754531472411935
-0.00974893979800014
-0.00974309317918373
-0.00973699176891183
-0.009730635726796312
-0.009724025219107613
-0.009717160418770396
-0.00971004150535903
-0.009702668665092883
-0.009695042090831468
-0.009687161982069405
-0.009679028544931183
-0.009670641992165779
-0.009662002543141129
-0.00965311042383833
-0.009643965866845796
-0.009634569111353129
-0.009624920403144888
-0.009615019994594163
-0.009604868144655972
-0.009594465118860484
-0.009583811189306094
-0.009572906634652288
-0.00956175174011238
-0.009550346797446022
-0.009538692104951616
-0.009526787967458487
-0.009514634696318913
-0.009502232609400005
-0.009489582031075371
-0.009476683292216646
-0.009463536730184852
-0.009450142688821554
-0.009436501518439885
-0.009422613575815378
-0.00940847922417665
-0.009394098833195896
-0.009379472778979216
-0.009364601444056793
-0.009349485217372885
-0.009334124494275658
-0.009318519676506846
-0.009302671172191239
-0.009286579395826028
-0.009270244768269965
-0.009253667716732339
-0.009236848674761822
-0.009219788082235126
-0.009202486385345515
-0.00918494403659111
-0.009167161494763092
-0.009149139224933668
-0.009130877698443948
-0.009112377392891589
-0.00909363879211832
-0.0090746623861973
-0.00905544867142028
-0.009035998150284648
-0.009016311331480266
-0.008996388729876209
-0.008976230866507253
-0.00895583826856028
-0.008935211469360483
-0.008914351008357432
-0.008893257431110949
-0.008871931289276864
-0.008850373140592567
-0.008828583548862448
-0.008806563083943127
-0.008784312321728577
-0.008761831844135062
-0.008739122239085899
-0.008716184100496106
-0.008693018028256864
-0.008669624628219842
-0.008646004512181338
-0.008622158297866271
-0.008598086608912068
-0.00857379007485233
-0.008549269331100357
-0.008524525018932558
-0.008499557785471682
-0.008474368283669882
-0.008448957172291634
-0.008423325115896533
-0.008397472784821905
-0.008371400855165275
-0.008345110008766693
-0.008318600933190909
-0.00829187432170937
-0.008264930873282117
-0.008237771292539504
-0.008210396289763765
-0.00818280658087043
-0.008155002887389625
-0.008126985936447204
-0.008098756460745723
-0.008070315198545277
-0.008041662893644204
-0.008012800295359637
-0.007983728158507912
-0.007954447243384807
-0.007924958315745693
-0.007895262146785488
-0.007865359513118496
-0.007835251196758103
-0.0078049379850963175
-0.007774420670883197
-0.00774370005220609
-0.007712776932468807
-0.007681652120370582
-0.007650326429884925
-0.007618800680238336
-0.00758707569588892
-0.0075551523065047685
-0.007523031346942304
-0.007490713657224448
-0.007458200082518624
-0.007425491473114701
-0.007392588684402717
-0.0073594925768505305
-0.007326204015981322
-0.007292723872350959
-0.00725905302152522
-0.007225192344056909
-0.007191142725462836
-0.007156905056200627
-0.007122480231645491
-0.00708786915206677
-0.007053072722604393
-0.007018091853245232
-0.006982927458799281
-0.006947580458875762
-0.006912051777859049
-0.006876342344884497
-0.006840453093814178
-0.00680438496321242
-0.0067681388963212906
-0.006731715841035912
-0.006695116749879691
-0.006658342579979405
-0.006621394293040165
-0.006584272855320265
-0.006546979237605929
-0.00650951441518592
-0.006471879367826041
-0.0064340750797434836
-0.006396102539581138
-0.0063579627403816934
-0.00631965667956171
-0.00628118535888551
-0.006242549784438986
-0.006203750966603301
-0.006164789920028456
-0.006125667663606776
-0.006086385220446235
-0.006046943617843702
-0.006007343887258145
-0.005967587064283554
-0.005927674188621947
-0.005887606304056115
-0.005847384458422377
-0.005807009703583175
-0.005766483095399518
-0.0057258056937034224
-0.0056849785622701855
-0.00564400276879056
-0.005602879384842822
-0.005561609485864781
-0.005520194151125632
-0.005478634463697725
-0.005436931510428269
-0.005395086381910907
-0.005353100172457175
-0.005310973980067889
-0.005268708906404452
-0.005226306056760044
-0.005183766540030681
-0.005141091468686257
-0.005098281958741451
-0.00505533912972651
-0.005012264104658011
-0.004969058010009463
-0.004925721975681867
-0.004882257134974174
-0.00483866462455363
-0.004794945584426046
-0.004751101157906019
-0.004707132491587031
-0.004663040735311414
-0.004618827042140353
-0.004574492568323659
-0.0045300384732695955
-0.004485465919514531
-0.004440776072692537
-0.004395970101504919
-0.004351049177689629
-0.00430601447599066
-0.004260867174127295
-0.004215608452763332
-0.004170239495476165
-0.0041247614887259185
-0.004079175621824331
-0.004033483086903695
-0.003987685078885687
-0.003941782795450097
-0.0038957774370035536
-0.0038496702066480575
-0.003803462310149595
-0.003757154955906561
-0.0037107493549181927
-0.0036642467207528484
-0.0036176482695163344
-0.0035709552198200612
-0.003524168792749172
-0.0034772902118306607
-0.0034303207030013314
-0.0033832614945757417
-0.0033361138172140724
-0.0032888789038900204
-0.0032415579898584382
-0.003194152312623121
-0.003146663111904405
-0.0030990916296067626
-0.003051439109786334
-0.0030037067986183694
-0.0029558959443646265
-0.0029080077973408
-0.002860043609883775
-0.002812004636318835
-0.002763892132926964
-0.0027157073579118962
-0.0026674515713672876
-0.0026191260352437054
-0.0025707320133156577
-0.0025222707711485457
-0.0024737435760655473
-0.002425151697114513
-0.0023764964050347454
-0.002327778972223778
-0.0022790006727040854
-0.0022301627820898308
-0.0021812665775534277
-0.0021323133377921647
-0.0020833043429947843
-0.002034240874808036
-0.001985124216303074
-0.0019359556519419668
-0.0018867364675440946
-0.0018374679502525095
-0.001788151388500316
-0.0017387880719769162
-0.001689379291594346
-0.0016399263394534715
-0.0015904305088102137
-0.001540893094041729
-0.001491315390612591
-0.001441698695040841
-0.0013920443048641396
-0.0013423535186058556
-0.0012926276357410355
-0.0012428679566624725
-0.0011930757826466814
-0.0011432524158199013
-0.0010933991591239903
-0.0010435173162823936
-0.000993608191766025
-0.0009436730907591952
-0.0008937133191254227
-0.0008437301833733159
-0.0007937249906224261
-0.0007436990485690285
-0.0006936536654519259
-0.0006435901500182605
-0.0005935098114893022
-0.0005434139595261519
-0.0004933039041955694
-0.0004431809559356214
-0.000393046425521519
-0.0003429016240312535
-0.00029274786281133463
-0.00024258645344256763
-0.00019241870770561433
-0.00014224593754680865
-0.00009206945504379564
-0.00004189057237124916
8.289398233482543e-6
0.00005846914450467031
0.0001086473541825
0.0001588227150474437
0.00020899391495449708
0.0002591596418676039
0.0003093185838938391
0.00035946942931781417
0.00040961086663594387
0.0004597415845907264
0.0005098602722050425
0.0005599656188164989
0.0006100563141115918
0.0006601310481600687
0.0007101885114491365
0.000760227394917729
0.0008102463899907029
0.0008602441886131094
0.00091021948328437
0.0009601709670924636
0.0010100973337481597
0.001059997277619048
0.00110986949376386
0.0011597126779664471
0.0012095255267699386
0.0012593067375108852
0.001309055008353214
0.0013587690383223576
0.0014084475273392469
0.0014580891762543183
0.0015076926868814553
0.0015572567620319947
0.001606780105548583
0.0016562614223391361
0.0017056994184106715
0.0017550928009031244
0.0018044402781232326
0.0018537405595782472
0.0019029923560096946
0.0019521943794270928
0.002001345343141664
0.0020504439617999477
0.002099488951417432
0.002148479029412102
0.002197412914638026
0.0022462893274188362
0.002295106989581167
0.00234386462448813
0.0023925609570726696
0.0024411947138709214
0.0024897646230554694
0.002538269414468707
0.002586707819655922
0.0026350785718985735
0.0026833804062473708
0.0027316120595553546
0.0027797722705109502
0.00282785977967091
0.0028758733294933017
0.002923811664370362
0.002971673530661348
0.003019457676725286
0.0030671628529537576
0.003114787811803545
0.003162331307829243
0.003209792097715873
0.003257168940311344
0.0033044605966589557
0.0033516658300297725
0.003398783405954974
0.003445812092258133
0.003492750659087452
0.0035395978789478856
0.0035863525267333047
0.0036330133797584717
0.003679579217791035
0.003726048823083489
0.0037724209804049402
0.0038186944770729424
0.0038648681029851643
0.0039109406506510945
0.003956910915223545
0.004002777694530262
0.0040485397891052224
0.00409419600222013
0.004139745139915674
0.004185186011032693
0.0042305174272434035
0.004275738203082435
0.004320847155977844
0.00436584310628203
0.004410724877302603
0.004455491295333118
0.004500141189683811
0.0045446733927122064
0.00458908673985361
0.004633380069651627
0.004677552223788477
0.004721602047115325
0.004765528387682489
0.0048093300967695495
0.004853006028915353
0.004896555041948048
0.004939975997014905
0.004983267758612108
0.005026429194614426
0.0050694591763048675
0.005112356578404158
0.005155120279100198
0.00519774916007733
0.005240242106545702
0.005282598007270323
0.005324815754600133
0.005366894244497043
0.00540883237656471
0.005450629054077355
0.005492283184008493
0.005533793677059423
0.005575159447687773
0.00561637941413589
0.005657452498459106
0.005698377626553933
0.00573915372818619
0.0057797797370188935
0.005820254590640258
0.005860577230591411
0.005900746602394091
0.005940761655578226
0.005980621343709397
0.0060203246244162085
0.00605987045941756
0.006099257814549739
0.006138485659793554
0.006177552969301236
0.006216458721423216
0.006255201898734913
0.00629378148806331
0.006332196480513435
0.006370445871494771
0.00640852866074753
0.0064464438523687655
0.00648419045483848
0.006521767481045507
0.006559173948313346
0.006596408878425871
0.006633471297652851
0.006670360236775503
0.006707074731111796
0.006743613820541654
0.006779976549532086
0.006816161967162203
0.006852169127148051
0.006887997087867341
0.0069236449123841306
0.006959111668473267
0.006994396428644805
0.007029498270168248
0.007064416275096687
0.007099149530290783
0.007133697127442652
0.007168058163099665
0.0072022317386880134
0.007236216960536241
0.007270012939898578
0.007303618792978255
0.007337033640950542
0.007370256609985768
0.007403286831272147
0.007436123441038534
0.007468765580576995
0.00750121239626526
0.007533463039589036
0.007565516667164225
0.007597372440758976
0.007629029527315553
0.007660487098972202
0.007691744333084746
0.007722800412248095
0.007753654524317678
0.007784305862430615
0.007814753625026845
0.00784499701587009
0.007875035244068684
0.007904867524096243
0.007934493075812218
0.007963911124482274
0.007993120900798569
0.008022121640899904
0.00805091258639161
0.008079492984365472
0.008107862087419374
0.008136019153676856
0.0081639634468065
0.008191694236041205
0.008219210796197293
0.008246512407693467
0.008273598356569623
0.008300467934505545
0.008327120438839403
0.008353555172586147
0.00837977144445572
0.008405768568871144
0.008431545865986441
