0.06383285353226546
1001
0.0025180100886098853
0.0025134150649759597
0.002508812282707459
0.002504201755979446
0.0024995834989908258
0.0024949575259643132
0.0024903238511463847
0.00248568248880724
0.002481033453240759
0.0024763767587644625
0.002471712419719471
0.0024670404504704576
0.0024623608654056137
0.0024576736789366027
0.002452978905498517
0.002448276559549842
0.0024435666555724066
0.002438849208071347
0.0024341242315750597
0.002429391740635163
0.002424651749826454
0.0024199042737468607
0.00241514932701741
0.002410386924282173
0.002405617080208233
0.0024008398094856336
0.0023960551268273423
0.0023912630469692052
0.002386463584669903
0.0023816567547109086
0.002376842571896445
0.002372021051053439
0.002367192207031481
0.0023623560547027796
0.0023575126089621203
0.0023526618847268164
0.002347803896936672
0.0023429386605539346
0.0023380661905632516
0.002333186501971625
0.00232829960980837
0.00232340552912507
0.002318504274995531
0.0023135958625157384
0.0023086803068038133
0.002303757622999965
0.0022988278262664518
0.002293890931787529
0.0022889469547694124
0.0022839959104402267
0.0022790378140499657
0.0022740726808704414
0.0022691005261952463
0.002264121365339702
0.002259135213640817
0.0022541420864572435
0.0022491419991692244
0.002244134967178558
0.0022391210059085425
0.0022341001308039425
0.0022290723573309278
0.002224037700977042
0.002218996177251148
0.0022139478016833854
0.002208892589825124
0.0022038305572489184
0.0021987617195484595
0.0021936860923385307
0.002188603691254961
0.0021835145319545795
0.002178418630115164
0.0021733160014354032
0.0021682066616348413
0.0021630906264538383
0.0021579679116535185
0.002152838533015727
0.0021477025063429784
0.0021425598474584147
0.002137410572205757
0.002132254696449255
0.0021270922360736443
0.002121923206984097
0.002116747625106173
0.0021115655063857763
0.002106376866789103
0.002101181722302598
0.0020959800889329043
0.002090771982706816
0.002085557419671233
0.0020803364158931076
0.0020751089874594016
0.0020698751504770367
0.0020646349210728474
0.0020593883153935295
0.0020541353496055952
0.0020488760398953234
0.002043610402468713
0.0020383384535514297
0.0020330602093887647
0.00202777568624558
0.0020224849004062614
0.0020171878681746725
0.0020118846058741016
0.0020065751298472163
0.0020012594564560115
0.001995937602081765
0.001990609583124982
0.0019852754160053507
0.001979935117161692
0.0019745887030519107
0.001969236190152943
0.001963877594960712
0.0019585129339900727
0.0019531422237747675
0.001947765480867374
0.001942382721839254
0.0019369939632805071
0.0019315992217999187
0.001926198514024908
0.0019207918566014842
0.0019153792661941902
0.001909960759486056
0.0019045363531785446
0.0018991060639915087
0.0018936699086631323
0.0018882279039498869
0.0018827800666264762
0.0018773264134857898
0.0018718669613388482
0.001866401727014755
0.0018609307273606468
0.0018554539792416385
0.0018499714995407776
0.0018444833051589886
0.0018389894130150248
0.0018334898400454173
0.001827984603204422
0.001822473719463969
0.0018169572058136139
0.001811435079260481
0.0018059073568292181
0.0018003740555619409
0.001794835192518182
0.001789290784774842
0.0017837408494261343
0.0017781854035835353
0.001772624464375732
0.0017670580489485721
0.001761486174465008
0.0017559088581050489
0.0017503261170657067
0.0017447379685609436
0.0017391444298216208
0.0017335455180954476
0.0017279412506469264
0.0017223316447573017
0.0017167167177245075
0.001711096486863115
0.0017054709695042808
0.001699840182995692
0.001694204144701516
0.001688562872002347
0.0016829163822951528
0.0016772646929932218
0.0016716078215261105
0.001665945785339592
0.0016602786018956005
0.001654606288672178
0.0016489288631634266
0.0016432463428794457
0.0016375587453462868
0.0016318660881058996
0.001626168388716073
0.001620465664750389
0.0016147579337981617
0.0016090452134643902
0.0016033275213697027
0.001597604875150299
0.0015918772924579056
0.0015861447909597114
0.0015804073883383236
0.0015746651022917064
0.001568917950533131
0.0015631659507911201
0.0015574091208093955
0.0015516474783468213
0.0015458810411773521
0.0015401098270899781
0.0015343338538886704
0.0015285531393923258
0.0015227677014347167
0.0015169775578644288
0.0015111827265448154
0.001505383225353937
0.0014995790721845093
0.0014937702849438445
0.0014879568815538045
0.0014821388799507393
0.0014763162980854327
0.0014704891539230511
0.0014646574654430845
0.0014588212506392965
0.0014529805275196627
0.0014471353141063226
0.0014412856284355176
0.0014354314885575417
0.0014295729125366826
0.0014237099184511675
0.0014178425243931098
0.0014119707484684485
0.001406094608796899
0.0014002141235118924
0.001394329310760524
0.0013884401887034937
0.0013825467755150544
0.0013766490893829533
0.0013707471485083778
0.0013648409711058994
0.0013589305754034158
0.0013530159796421
0.0013470972020763379
0.001341174260973678
0.0013352471746147711
0.0013293159612933164
0.0013233806393160063
0.001317441227002467
0.001311497742685206
0.0013055502047095524
0.001299598631433603
0.001293643041228165
0.0012876834524766982
0.0012817198835752628
0.0012757523529324574
0.001269780878969366
0.001263805480119501
0.001257826174828746
0.0012518429815552964
0.0012458559187696096
0.0012398650049543416
0.0012338702586042925
0.001227871698226349
0.00122186934233943
0.0012158632094744267
0.0012098533181741456
0.0012038396869932552
0.001197822334498222
0.0011918012792672614
0.001185776539890274
0.0011797481349687926
0.0011737160831159232
0.0011676804029562852
0.00116164111312596
0.001155598232272428
0.0011495517790545142
0.0011435017721423298
0.0011374482302172143
0.0011313911719716783
0.0011253306161093462
0.0011192665813448987
0.0011131990864040125
0.0011071281500233086
0.0011010537909502869
0.001094976027943273
0.001088894879771361
0.001082810365214352
0.0010767225030627004
0.0010706313121174513
0.0010645368111901865
0.0010584390191029649
0.0010523379546882627
0.0010462336367889193
0.001040126084258075
0.0010340153159591149
0.0010279013507656111
0.001021784207561261
0.001015663905239836
0.0010095404627051146
0.001003413898870829
0.000997284232660607
0.0009911514830079117
0.0009850156688559846
0.0009788768091577827
0.0009727349228759271
0.0009665900289826379
0.0009604421464596798
0.0009542912942983005
0.0009481374914991741
0.0009419807570723417
0.0009358211100371507
0.0009296585694221995
0.0009234931542652772
0.0009173248836133023
0.0009111537765222655
0.0009049798520571743
0.0008988031292919876
0.0008926236273095601
0.0008864413652015852
0.0008802563620685304
0.000874068637019584
0.0008678782091725909
0.0008616850976539982
0.0008554893215987922
0.0008492909001504411
0.0008430898524608328
0.0008368861976902228
0.0008306799550071654
0.0008244711435884609
0.0008182597826190925
0.0008120458912921717
0.000805829488808872
0.0007996105943783745
0.0007933892272178081
0.0007871654065521867
0.000780939151614352
0.0007747104816449138
0.0007684794158921911
0.0007622459736121504
0.0007560101740683452
0.0007497720365318604
0.0007435315802812496
0.0007372888246024749
0.0007310437887888487
0.0007247964921409722
0.0007185469539666782
0.0007122951935809676
0.0007060412303059523
0.000699785083470794
0.000693526772411645
0.0006872663164715848
0.0006810037350005683
0.0006747390473553548
0.0006684722728994562
0.0006622034310030738
0.0006559325410430384
0.0006496596224027497
0.0006433846944721176
0.0006371077766474994
0.0006308288883316434
0.0006245480489336237
0.0006182652778687847
0.0006119805945586773
0.0006056940184310011
0.0005994055689195418
0.000593115265464113
0.0005868231275104931
0.0005805291745103682
0.0005742334259212688
0.00056793590120651
0.0005616366198351333
0.0005553356012818413
0.0005490328650269431
0.0005427284305562893
0.0005364223173612124
0.0005301145449384666
0.0005238051327901693
0.0005174941004237346
0.0005111814673518205
0.0005048672530922607
0.0004985514771680096
0.0004922341591070767
0.0004859153184424717
0.0004795949747121379
0.00047327314745889597
0.00046694985623037906
0.0004606251205789742
0.00045429896006176485
0.00044797139424046186
0.00044164244268134895
0.00043531212495522226
0.0004289804606373245
0.0004226474693072873
0.0004163131705490714
0.0004099775839509027
0.000403640729105213
0.0003973026256085787
0.00039096329306165906
0.0003846227510691378
0.0003782810192396584
0.00037193811718576537
0.0003655940645238428
0.0003592488808740524
0.0003529025858602739
0.0003465551991100415
0.0003402067402544875
0.00033385722892827446
0.00032750668476953934
0.0003211551274198306
0.000314802576524047
0.00030844905173037506
0.00030209457269023067
0.0002957391590581955
0.000289382830491958
0.0002830256066522482
0.0002766675072027812
0.0002703085518101927
0.00026394876014397865
0.0002575881518764342
0.0002512267466825931
0.0002448645642401642
0.00023850162422947135
0.00023213794633339155
0.00022577355023729718
0.0002194084556289881
0.00021304268219863535
0.00020667624963871772
0.00020030917764396044
0.00019394148591127654
0.0001875731941396987
0.00018120432203032623
0.00017483488928625728
0.0001684649156125299
0.00016209442071606113
0.00015572342430558508
0.0001493519460915889
0.0001429800057862554
0.00013660762310340014
0.00013023481775840915
0.00012386160946817608
0.00011748801795104344
0.00011111406292674221
0.00010473976411632572
0.00009836514124210936
0.0000919902140276147
0.00008561500219749979
0.00007923952547750244
0.00007286380359437775
0.00006648785627583656
0.00006011170325048224
0.00005373536424775278
0.00004735885899785677
0.000040982207231709855
0.00003460542868087786
0.000028228543077512253
0.00002185157015428747
0.000015474529644343975
9.097441281220398e-6
2.7203247987967336e-6
-3.6568000687679164e-6
-0.000010033913587099906
-0.000016410996021670625
-0.000022788027637855332
-0.000029164988700999368
-0.00003554185947647923
-0.000041918620229760096
-0.00004829525122646147
-0.00005467173273241788
-0.00006104804501374021
-0.00006742416833687533
-0.0000738000829686729
-0.00008017576917644104
-0.00008655120722801287
-0.0000929263773918016
-0.00009930125993687224
-0.00010567583513299311
-0.00011205008325070293
-0.00011842398456137142
-0.00012479751933726157
-0.00013117066785158892
-0.00013754341037858545
-0.00014391572719356016
-0.0001502875985729621
-0.00015665900479443803
-0.00016302992613689913
-0.00016940034288058094
-0.00017577023530710093
-0.0001821395836995272
-0.00018850836834243383
-0.00019487656952196526
-0.00020124416752589927
-0.0002076111426437056
-0.00021397747516660736
-0.0002203431453876478
-0.00022670813360174338
-0.00023307242010575465
-0.00023943598519853975
-0.0002457988091810212
-0.00025216087235624483
-0.0002585221550294442
-0.0002648826375080968
-0.0002712423001019909
-0.00027760112312328505
-0.00028395908688656974
-0.000290316171708929
-0.00029667235790999894
-0.0003030276258120355
-0.00030938195573997144
-0.0003157353280214791
-0.00032208772298702884
-0.0003284391209699568
-0.0003347895023065223
-0.0003411388473359675
-0.0003474871364005825
-0.0003538343498457677
-0.00036018046802009017
-0.0003665254712753477
-0.000372869339966631
-0.00037921205445238816
-0.00038555359509447463
-0.00039189394225822857
-0.000398233076312526
-0.00040457097762983693
-0.00041090762658629784
-0.00041724300356176414
-0.00042357708893987376
-0.00042990986310811175
-0.000436241306457866
-0.0004425713993844944
-0.00044890012228738195
-0.00045522745557000164
-0.00046155337963998066
-0.0004678778749091564
-0.00047420092179364107
-0.00048052250071387915
-0.00048684259209471253
-0.0004931611763654416
-0.0004994782339598812
-0.0005057937453164288
-0.0005121076908781218
-0.0005184200510926992
-0.0005247308064126608
-0.000531039937295333
-0.0005373474242029281
-0.0005436532476025992
-0.0005499573879665125
-0.0005562598257718989
-0.0005625605415011214
-0.0005688595156417287
-0.0005751567286865259
-0.0005814521611336277
-0.0005877457934865213
-0.0005940376062541304
-0.0006003275799508736
-0.0006066156950967227
-0.0006129019322172706
-0.0006191862718437848
-0.0006254686945132719
-0.0006317491807685404
-0.000638027711158257
-0.0006443042662370113
-0.0006505788265653712
-0.000656851372709956
-0.000663121885243476
-0.000669390344744819
-0.0006756567317990874
-0.0006819210269976756
-0.0006881832109383203
-0.0006944432642251705
-0.0007007011674688379
-0.0007069569012864667
-0.0007132104463017845
-0.0007194617831451745
-0.0007257108924537272
-0.0007319577548713046
-0.0007382023510485989
-0.0007444446616431958
-0.000750684667319631
-0.0007569223487494539
-0.0007631576866112876
-0.0007693906615908879
-0.0007756212543812039
-0.0007818494456824417
-0.0007880752162021191
-0.0007942985466551319
-0.0008005194177638067
-0.0008067378102579692
-0.0008129537048750009
-0.0008191670823598968
-0.0008253779234653305
-0.0008315862089517114
-0.000837791919587245
-0.0008439950361479938
-0.0008501955394179373
-0.0008563934101890324
-0.0008625886292612718
-0.0008687811774427452
-0.000874971035549701
-0.0008811581844066036
-0.0008873426048461936
-0.0008935242777095503
-0.0008997031838461474
-0.0009058793041139173
-0.0009120526193793083
-0.0009182231105173439
-0.0009243907584116873
-0.0009305555439546961
-0.0009367174480474792
-0.0009428764515999663
-0.00094903253553096
-0.0009551856807681993
-0.0009613358682484162
-0.0009674830789173959
-0.000973627293730038
-0.0009797684936504176
-0.0009859066596518387
-0.000992041772716899
-0.000998173813837547
-0.0010043027640151453
-0.0010104286042605258
-0.0010165513155940456
-0.0010226708790456562
-0.001028787275654956
-0.0010349004864712511
-0.001041010492553615
-0.0010471172749709464
-0.0010532208148020285
-0.0010593210931355945
-0.0010654180910703753
-0.0010715117897151657
-0.0010776021701888842
-0.0010836892136206304
-0.001089772901149741
-0.0010958532139258533
-0.0011019301331089643
-0.001108003639869485
-0.0011140737153883021
-0.0011201403408568375
-0.0011262034974771063
-0.0011322631664617744
-0.001138319329034222
-0.0011443719664285938
-0.001150421059889866
-0.0011564665906738988
-0.0011625085400475009
-0.0011685468892884824
-0.0011745816196857169
-0.0011806127125391977
-0.0011866401491601006
-0.001192663910870835
-0.0011986839790051078
-0.0012047003349079822
-0.0012107129599359327
-0.0012167218354569033
-0.0012227269428503706
-0.0012287282635073992
-0.0012347257788306954
-0.0012407194702346708
-0.0012467093191455008
-0.001252695307001179
-0.0012586774152515778
-0.0012646556253585056
-0.0012706299187957635
-0.001276600277049207
-0.0012825666816167975
-0.0012885291140086693
-0.001294487555747176
-0.0013004419883669589
-0.0013063923934149978
-0.0013123387524506724
-0.0013182810470458168
-0.0013242192587847807
-0.0013301533692644826
-0.0013360833600944732
-0.0013420092128969853
-0.001347930909306999
-0.0013538484309722934
-0.0013597617595535092
-0.001365670876724199
-0.001371575764170887
-0.0013774764035931343
-0.0013833727767035844
-0.001389264865228026
-0.0013951526509054502
-0.0014010361154881083
-0.001406915240741565
-0.001412790008444758
-0.001418660400390056
-0.0014245263983833141
-0.0014303879842439294
-0.0014362451398049023
-0.0014420978469128864
-0.0014479460874282511
-0.001453789843225137
-0.0014596290961915112
-0.0014654638282292224
-0.0014712940212540616
-0.0014771196571958176
-0.0014829407179983301
-0.0014887571856195489
-0.0014945690420315905
-0.0015003762692207927
-0.0015061788491877736
-0.0015119767639474836
-0.0015177699955292656
-0.0015235585259769089
-0.00152934233734871
-0.0015351214117175173
-0.0015408957311707997
-0.0015466652778106961
-0.0015524300337540734
-0.001558189981132578
-0.001563945102092701
-0.0015696953787958231
-0.0015754407934182786
-0.0015811813281514048
-0.001586916965201601
-0.0015926476867903874
-0.0015983734751544537
-0.0016040943125457188
-0.0016098101812313838
-0.0016155210634939915
-0.0016212269416314765
-0.0016269277979572248
-0.0016326236148001252
-0.0016383143745046303
-0.0016440000594308056
-0.0016496806519543873
-0.0016553561344668365
-0.001661026489375393
-0.0016666916991031375
-0.0016723517460890368
-0.0016780066127880008
-0.001683656281670943
-0.0016893007352248315
-0.0016949399559527442
-0.001700573926373915
-0.001706202629023809
-0.0017118260464541537
-0.0017174441612330116
-0.0017230569559448222
-0.0017286644131904623
-0.0017342665155873024
-0.0017398632457692534
-0.0017454545863868297
-0.0017510405201071949
-0.0017566210296142222
-0.0017621960976085481
-0.001767765706807623
-0.0017733298399457654
-0.0017788884797742184
-0.0017844416090612018
-0.0017899892105919686
-0.001795531267168854
-0.0018010677616113328
-0.001806598676756072
-0.0018121239954569852
-0.001817643700585282
-0.0018231577750295273
-0.001828666201695693
-0.0018341689635072084
-0.001839666043405016
-0.001845157424347624
-0.0018506430893111612
-0.0018561230212894289
-0.001861597203293951
-0.0018670656183540323
-0.0018725282495168094
-0.0018779850798473017
-0.0018834360924284666
-0.0018888812703612497
-0.0018943205967646443
-0.0018997540547757343
-0.001905181627549751
-0.0019106032982601309
-0.00191601905009856
-0.0019214288662750326
-0.0019268327300178971
-0.0019322306245739174
-0.001937622533208315
-0.0019430084392048283
-0.0019483883258657646
-0.0019537621765120475
-0.001959129974483271
-0.001964491703137757
-0.0019698473458526
-0.001975196886023715
-0.001980540307065907
-0.0019858775924129035
-0.0019912087255174182
-0.001996533689851196
-0.0020018524689050694
-0.0020071650461890044
-0.0020124714052321586
-0.002017771529582929
-0.002023065402809001
-0.002028353008497404
-0.002033634330254563
-0.002038909351706344
-0.0020441780564981107
-0.0020494404282947716
-0.0020546964507808354
-0.0020599461076604604
-0.0020651893826574984
-0.002070426259515557
-0.002075656721998041
-0.002080880753888212
-0.0020860983389892275
-0.002091309461124201
-0.0020965141041362485
-0.002101712251888538
-0.0021069038882643447
-0.002112088997167094
-0.002117267562520418
-0.0021224395682682053
-0.0021276049983746407
-0.0021327638368242724
-0.0021379160676220483
-0.002143061674793373
-0.0021482006423841527
-0.002153332954460849
-0.0021584585951105292
-0.002163577548440909
-0.0021686897985804085
-0.0021737953296782023
-0.0021788941259042655
-0.0021839861714494234
-0.0021890714505254007
-0.0021941499473648735
-0.0021992216462215163
-0.00220428653137005
-0.002209344587106295
-0.0022143957977472143
-0.0022194401476309674
-0.0022244776211169564
-0.002229508202585877
-0.0022345318764397633
-0.0022395486271020422
-0.0022445584390175747
-0.0022495612966527126
-0.0022545571844953395
-0.002259546087054925
-0.0022645279888625688
-0.00226950287447105
-0.0022744707284548765
-0.002279431535410331
-0.002284385279955523
-0.0022893319467304327
-0.0022942715203969574
-0.0022992039856389677
-0.0023041293271623465
-0.0023090475296950377
-0.0023139585779871005
-0.002318862456810748
-0.002323759150960403
-0.0023286486452527375
-0.002333530924526727
-0.002338405973643696
-0.0023432737774873565
-0.0023481343209638683
-0.0023529875890018815
-0.0023578335665525784
-0.002362672238589723
-0.0023675035901097163
-0.0023723276061316267
-0.0023771442716972496
-0.002381953571871153
-0.002386755491740714
-0.0023915500164161814
-0.0023963371310307038
-0.002401116820740392
-0.0024058890707243552
-0.0024106538661847515
-0.0024154111923468317
-0.0024201610344589857
-0.0024249033777927953
-0.0024296382076430655
-0.002434365509327886
-0.0024390852681886624
-0.0024437974695901772
-0.002448502098920621
-0.002453199141591651
-0.002457888583038421
-0.0024625704087196452
-0.0024672446041176257
-0.002471911154738312
-0.0024765700461113365
-0.002481221263790064
-0.0024858647933516404
-0.002490500620397022
-0.0024951287305510425
-0.002499749109462441
-0.0025043617428039166
-0.002508966616272162
-0.0025135637155879213
-0.0025181530264960245
-0.0025227345347654364
-0.002527308226189301
-0.002531874086584982
-0.0025364321017941126
-0.002540982257682635
-0.002545524540140845
-0.0025500589350834378
-0.002554585428449552
-0.0025591040062028104
-0.0025636146543313683
-0.0025681173588479535
-0.002572612105789909
-0.0025770988812192394
-0.0025815776712226524
-0.002586048461911607
-0.002590511239422346
-0.0025949659899159525
-0.0025994126995783798
-0.0026038513546205078
-0.0026082819412781718
-0.0026127044458122166
-0.0026171188545085367
-0.002621525153678114
-0.0026259233296570665
-0.0026303133688066857
-0.0026346952575134848
-0.002639068982189234
-0.00264343452927101
-0.002647791885221232
-0.002652141036527709
-0.002656481969703681
-0.002660814671287854
-0.0026651391278444533
-0.0026694553259632536
-0.0026737632522596325
-0.0026780628933746023
-0.0026823542359748587
-0.002686637266752814
-0.0026909119724266486
-0.002695178339740344
-0.002699436355463729
-0.0027036860063925205
-0.002707927279348359
-0.0027121601611788592
-0.00271638463875764
-0.0027206006989843766
-0.002724808328784832
-0.002729007515110903
-0.0027331982449406564
-0.002737380505278376
-0.002741554283154596
-0.0027457195656261477
-0.0027498763397761955
-0.0027540245927142747
-0.0027581643115763416
-0.0027622954835248015
-0.0027664180957485563
-0.002770532135463043
-0.002774637589910273
-0.002778734446358867
-0.002782822692104106
-0.00278690231446796
-0.0027909733007991286
-0.002795035638473091
-0.00279908931489213
-0.0028031343174853814
-0.002807170633708869
-0.0028111982510455476
-0.0028152171570053376
-0.002819227339125164
-0.0028232287849689975
-0.0028272214821278923
-0.002831205418220029
-0.0028351805808907392
-0.0028391469578125626
-0.00284310453668527
-0.0028470533052359125
-0.0028509932512188513
-0.002854924362415801
-0.002858846626635866
-0.0028627600317155774
-0.0028666645655189334
-0.002870560215937434
-0.0028744469708901206
-0.0028783248183236135
-0.0028821937462121484
-0.002886053742557614
-0.0028899047953895906
-0.0028937468927653837
-0.0028975800227700687
-0.0029014041735165187
-0.0029052193331454467
-0.0029090254898254423
-0.002912822631753008
-0.0029166107471525933
-0.002920389824276635
-0.002924159851405595
-0.002927920816847989
-0.0029316727089404313
-0.002935415516047667
-0.002939149226562608
-0.0029428738289063697
-0.0029465893115283083
-0.002950295662906055
-0.002953992871545553
-0.002957680925981092
-0.0029613598147753416
-0.0029650295265193955
-0.002968690049832797
-0.0029723413733635817
-0.002975983485788303
-0.002979616375812081
-0.002983240032168627
-0.002986854443620284
-0.002990459598958057
-0.0029940554870016506
-0.0029976420965995066
-0.003001219416628833
-0.0030047874359956425
-0.003008346143634782
-0.003011895528509976
-0.003015435579613853
-0.0030189662859679803
-0.003022487636622906
-0.003025999620658178
-0.003029502227182396
-0.0030329954453332288
