0.07599149230031603
1001
-0.009514858112832566
-0.009525005439204377
-0.009535110888957535
-0.009545174417811267
-0.009555195981669116
-0.009565175536619154
-0.009575113038934149
-0.009585008445071775
-0.00959486171167478
-0.009604672795571187
-0.009614441653774477
-0.009624168243483767
-0.009633852522084011
-0.009643494447146166
-0.009653093976427381
-0.009662651067871187
-0.009672165679607672
-0.009681637769953655
-0.009691067297412887
-0.009700454220676202
-0.009709798498621717
-0.009719100090315003
-0.009728358955009257
-0.009737575052145479
-0.009746748341352657
-0.009755878782447932
-0.009764966335436762
-0.009774010960513127
-0.009783012618059654
-0.00979197126864784
-0.00980088687303817
-0.00980975939218033
-0.00981858878721335
-0.009827375019465782
-0.00983611805045586
-0.009844817841891673
-0.009853474355671327
-0.009862087553883112
-0.009870657398805657
-0.009879183852908107
-0.00988766687885027
-0.009896106439482785
-0.009904502497847292
-0.00991285501717657
-0.00992116396089472
-0.009929429292617298
-0.00993765097615149
-0.009945828975496266
-0.009953963254842525
-0.009962053778573263
-0.009970100511263714
-0.009978103417681515
-0.009986062462786854
-0.009993977611732603
-0.01000184882986451
-0.010009676082721299
-0.010017459336034857
-0.010025198555730367
-0.010032893707926451
-0.010040544758935321
-0.01004815167526293
-0.010055714423609108
-0.010063232970867706
-0.010070707284126736
-0.010078137330668533
-0.010085523077969876
-0.010092864493702128
-0.010100161545731387
-0.010107414202118616
-0.010114622431119786
-0.010121786201186011
-0.01012890548096368
-0.0101359802392946
-0.010143010445216129
-0.010149996067961298
-0.010156937076958963
-0.010163833441833922
-0.010170685132407051
-0.010177492118695433
-0.010184254370912492
-0.010190971859468113
-0.01019764455496878
-0.010204272428217693
-0.010210855450214898
-0.010217393592157422
-0.010223886825439371
-0.010230335121652086
-0.010236738452584236
-0.010243096790221963
-0.01024941010674899
-0.010255678374546747
-0.010261901566194479
-0.010268079654469381
-0.0102742126123467
-0.010280300412999868
-0.0102863430298006
-0.010292340436319014
-0.01029829260632376
-0.010304199513782112
-0.010310061132860092
-0.010315877437922576
-0.010321648403533414
-0.010327374004455528
-0.01033305421565102
-0.010338689012281303
-0.010344278369707175
-0.010349822263488946
-0.010355320669386542
-0.010360773563359597
-0.01036618092156758
-0.010371542720369867
-0.010376858936325872
-0.010382129546195131
-0.01038735452693741
-0.01039253385571279
-0.010397667509881789
-0.01040275546700544
-0.010407797704845395
-0.010412794201364026
-0.010417744934724507
-0.010422649883290924
-0.010427509025628346
-0.010432322340502951
-0.010437089806882082
-0.010441811403934357
-0.010446487111029756
-0.010451116907739711
-0.010455700773837189
-0.010460238689296785
-0.010464730634294806
-0.010469176589209346
-0.010473576534620395
-0.0104779304513099
-0.010482238320261855
-0.010486500122662385
-0.010490715839899824
-0.010494885453564798
-0.01049900894545031
-0.0105030862975518
-0.010507117492067241
-0.010511102511397204
-0.010515041338144938
-0.010518933955116458
-0.010522780345320585
-0.010526580491969062
-0.010530334378476579
-0.010534041988460901
-0.010537703305742883
-0.01054131831434657
-0.01054488699849927
-0.010548409342631595
-0.01055188533137756
-0.01055531494957462
-0.010558698182263758
-0.010562035014689539
-0.010565325432300172
-0.010568569420747576
-0.010571766965887443
-0.010574918053779286
-0.010578022670686525
-0.010581080803076525
-0.010584092437620651
-0.010587057561194343
-0.01058997616087716
-0.01059284822395284
-0.010595673737909355
-0.010598452690438952
-0.010601185069438232
-0.010603870863008177
-0.010606510059454214
-0.010609102647286262
-0.010611648615218775
-0.010614147952170808
-0.010616600647266041
-0.010619006689832847
-0.010621366069404324
-0.010623678775718345
-0.010625944798717597
-0.010628164128549632
-0.010630336755566912
-0.01063246267032683
-0.010634541863591772
-0.010636574326329145
-0.010638560049711423
-0.010640499025116181
-0.010642391244126127
-0.01064423669852914
-0.010646035380318322
-0.010647787281691998
-0.010649492395053787
-0.010651150713012605
-0.010652762228382708
-0.010654326934183729
-0.010655844823640698
-0.010657315890184073
-0.010658740127449764
-0.010660117529279178
-0.010661448089719219
-0.010662731803022331
-0.01066396866364652
-0.01066515866625537
-0.010666301805718075
-0.010667398077109452
-0.010668447475709972
-0.010669449997005764
-0.010670405636688658
-0.010671314390656167
-0.010672176255011556
-0.010672991226063805
-0.010673759300327651
-0.010674480474523606
-0.010675154745577965
-0.010675782110622808
-0.010676362566996032
-0.010676896112241341
-0.010677382744108276
-0.01067782246055221
-0.010678215259734364
-0.0106785611400218
-0.010678860099987458
-0.010679112138410125
-0.010679317254274468
-0.010679475446771017
-0.010679586715296186
-0.01067965105945226
-0.010679668479047411
-0.01067963897409568
-0.010679562544816994
-0.010679439191637153
-0.01067926891518783
-0.010679051716306573
-0.01067878759603679
-0.010678476555627751
-0.010678118596534591
-0.01067771372041829
-0.010677261929145648
-0.010676763224789328
-0.010676217609627796
-0.010675625086145326
-0.010674985657032008
-0.010674299325183708
-0.01067356609370207
-0.010672785965894493
-0.010671958945274134
-0.010671085035559863
-0.010670164240676273
-0.010669196564753652
-0.010668182012127958
-0.010667120587340807
-0.010666012295139459
-0.010664857140476778
-0.010663655128511229
-0.010662406264606843
-0.010661110554333197
-0.010659768003465386
-0.010658378617984013
-0.010656942404075134
-0.010655459368130246
-0.010653929516746274
-0.010652352856725512
-0.010650729395075614
-0.010649059139009548
-0.010647342095945584
-0.010645578273507232
-0.010643767679523245
-0.010641910322027544
-0.010640006209259218
-0.01063805534966247
-0.010636057751886571
-0.010634013424785847
-0.010631922377419617
-0.010629784619052157
-0.010627600159152676
-0.010625369007395254
-0.010623091173658804
-0.010620766668027037
-0.01061839550078841
-0.010615977682436082
-0.010613513223667864
-0.010611002135386181
-0.010608444428698016
-0.010605840114914868
-0.010603189205552685
-0.010600491712331843
-0.010597747647177068
-0.010594957022217393
-0.010592119849786103
-0.010589236142420686
-0.010586305912862774
-0.01058332917405808
-0.010580305939156355
-0.010577236221511322
-0.010574120034680612
-0.010570957392425716
-0.010567748308711919
-0.010564492797708233
-0.010561190873787346
-0.010557842551525549
-0.010554447845702678
-0.010551006771302046
-0.010547519343510375
-0.010543985577717735
-0.010540405489517471
-0.010536779094706147
-0.010533106409283448
-0.01052938744945214
-0.010525622231617989
-0.01052181077238968
-0.010517953088578752
-0.010514049197199523
-0.010510099115469025
-0.010506102860806905
-0.010502060450835368
-0.01049797190337909
-0.010493837236465147
-0.010489656468322938
-0.010485429617384086
-0.010481156702282378
-0.01047683774185368
-0.01047247275513584
-0.01046806176136862
-0.010463604779993608
-0.010459101830654117
-0.010454552933195136
-0.010449958107663191
-0.010445317374306312
-0.010440630753573899
-0.010435898266116657
-0.010431119932786498
-0.010426295774636453
-0.010421425812920576
-0.010416510069093846
-0.010411548564812087
-0.010406541321931863
-0.010401488362510381
-0.010396389708805399
-0.010391245383275127
-0.010386055408578124
-0.01038081980757321
-0.010375538603319351
-0.010370211819075572
-0.010364839478300846
-0.010359421604653982
-0.010353958221993557
-0.010348449354377764
-0.010342895026064341
-0.010337295261510452
-0.010331650085372577
-0.010325959522506414
-0.01032022359796676
-0.010314442337007403
-0.010308615765081023
-0.010302743907839055
-0.010296826791131607
-0.010290864441007323
-0.010284856883713285
-0.010278804145694884
-0.010272706253595712
-0.010266563234257448
-0.010260375114719738
-0.010254141922220067
-0.010247863684193653
-0.01024154042827332
-0.01023517218228938
-0.010228758974269503
-0.01022230083243861
-0.010215797785218732
-0.010209249861228899
-0.010202657089285
-0.010196019498399676
-0.010189337117782176
-0.010182609976838237
-0.010175838105169952
-0.010169021532575647
-0.010162160289049739
-0.010155254404782613
-0.010148303910160483
-0.010141308835765276
-0.010134269212374477
-0.010127185070960994
-0.010120056442693051
-0.01011288335893401
-0.01010566585124227
-0.010098403951371107
-0.010091097691268544
-0.010083747103077205
-0.010076352219134185
-0.010068913071970888
-0.010061429694312911
-0.010053902119079878
-0.010046330379385309
-0.010038714508536472
-0.010031054540034234
-0.010023350507572911
-0.010015602445040137
-0.010007810386516696
-0.009999974366276377
-0.00999209441878584
-0.00998417057870444
-0.009976202880884095
-0.009968191360369128
-0.009960136052396103
-0.009952036992393687
-0.009943894215982484
-0.00993570775897488
-0.009927477657374895
-0.009919203947378009
-0.00991088666537102
-0.009902525847931876
-0.009894121531829513
-0.0098856737540237
-0.009877182551664877
-0.009868647962093984
-0.009860070022842301
-0.0098514487716313
-0.009842784246372444
-0.009834076485167062
-0.009825325526306153
-0.009816531408270221
-0.00980769416972913
-0.009798813849541904
-0.009789890486756575
-0.009780924120610008
-0.009771914790527726
-0.009762862536123747
-0.009753767397200389
-0.00974462941374813
-0.009735448625945395
-0.009726225074158408
-0.009716958798941
-0.009707649841034437
-0.009698298241367248
-0.00968890404105503
-0.00967946728140028
-0.009669988003892207
-0.009660466250206565
-0.009650902062205445
-0.009641295481937116
-0.009631646551635826
-0.009621955313721625
-0.009612221810800176
-0.009602446085662564
-0.009592628181285118
-0.009582768140829213
-0.009572866007641095
-0.00956292182525167
-0.009552935637376327
-0.009542907487914757
-0.009532837420950733
-0.009522725480751946
-0.009512571711769781
-0.009502376158639154
-0.009492138866178295
-0.009481859879388555
-0.009471539243454221
-0.00946117700374229
-0.009450773205802314
-0.009440327895366158
-0.009429841118347822
-0.00941931292084324
-0.009408743349130059
-0.009398132449667468
-0.00938748026909597
-0.009376786854237176
-0.009366052252093623
-0.009355276509848546
-0.009344459674865682
-0.009333601794689051
-0.009322702917042769
-0.009311763089830819
-0.009300782361136845
-0.009289760779223952
-0.009278698392534488
-0.009267595249689823
-0.009256451399490152
-0.009245266890914264
-0.009234041773119353
-0.009222776095440767
-0.009211469907391825
-0.009200123258663581
-0.009188736199124616
-0.009177308778820809
-0.009165841047975127
-0.009154333056987403
-0.009142784856434112
-0.00913119649706816
-0.00911956802981864
-0.009107899505790627
-0.009096190976264962
-0.009084442492697992
-0.009072654106721388
-0.009060825870141887
-0.009048957834941076
-0.00903705005327517
-0.009025102577474775
-0.009013115460044664
-0.009001088753663535
-0.008989022511183805
-0.008976916785631351
-0.0089647716302053
-0.008952587098277771
-0.008940363243393677
-0.008928100119270452
-0.008915797779797842
-0.008903456279037656
-0.008891075671223537
-0.008878656010760716
-0.008866197352225783
-0.008853699750366439
-0.008841163260101264
-0.008828587936519472
-0.008815973834880666
-0.00880332101061461
-0.008790629519320964
-0.008777899416769064
-0.00876513075889766
-0.00875232360181467
-0.008739478001796962
-0.008726594015290069
-0.008713671698907969
-0.008700711109432822
-0.008687712303814727
-0.008674675339171479
-0.008661600272788308
-0.008648487162117626
-0.008635336064778787
-0.008622147038557832
-0.008608920141407232
-0.00859565543144562
-0.008582352966957571
-0.008569012806393316
-0.008555635008368501
-0.008542219631663921
-0.008528766735225264
-0.008515276378162873
-0.008501748619751451
-0.008488183519429827
-0.008474581136800684
-0.008460941531630317
-0.008447264763848338
-0.008433550893547446
-0.008419799980983139
-0.008406012086573463
-0.008392187270898759
-0.008378325594701358
-0.00836442711888536
-0.008350491904516345
-0.008336520012821093
-0.008322511505187345
-0.008308466443163517
-0.008294384888458432
-0.008280266902941043
-0.008266112548640177
-0.008251921887744252
-0.008237694982601011
-0.00822343189571724
-0.008209132689758506
-0.00819479742754887
-0.008180426172070616
-0.008166018986463986
-0.008151575934026885
-0.008137097078214616
-0.008122582482639598
-0.008108032211071084
-0.008093446327434889
-0.008078824895813111
-0.008064167980443833
-0.008049475645720863
-0.008034747956193434
-0.008019984976565935
-0.008005186771697622
-0.007990353406602332
-0.007975484946448197
-0.00796058145655737
-0.007945643002405717
-0.007930669649622551
-0.007915661463990333
-0.007900618511444387
-0.007885540858072611
-0.007870428570115186
-0.007855281713964287
-0.007840100356163796
-0.007824884563408997
-0.007809634402546303
-0.007794349940572938
-0.007779031244636673
-0.0077636783820355165
-0.007748291420217401
-0.00773287042677993
-0.007717415469470041
-0.007701926616183728
-0.007686403934965747
-0.007670847494009309
-0.007655257361655786
-0.007639633606394399
-0.007623976296861941
-0.007608285501842459
-0.0075925612902669505
-0.007576803731213075
-0.007561012893904844
-0.007545188847712312
-0.00752933166215128
-0.00751344140688299
-0.007497518151713815
-0.00748156196659496
-0.007465572921622149
-0.007449551087035316
-0.007433496533218309
-0.007417409330698571
-0.00740128955014683
-0.0073851372623767965
-0.007368952538344848
-0.0073527354491497166
-0.007336486066032178
-0.0073202044603747525
-0.007303890703701371
-0.00728754486767707
-0.007271167024107682
-0.007254757244939514
-0.007238315602259045
-0.007221842168292582
-0.007205337015405979
-0.007188800216104288
-0.007172231843031471
-0.007155631968970049
-0.007139000666840807
-0.0071223380097024756
-0.007105644070751383
-0.007088918923321172
-0.007072162640882447
-0.00705537529704247
-0.0070385569655448295
-0.007021707720269122
-0.007004827635230625
-0.006987916784579971
-0.0069709752426028344
-0.006954003083719584
-0.006937000382484977
-0.006919967213587819
-0.006902903651850649
-0.0068858097722293895
-0.006868685649813049
-0.006851531359823363
-0.006834346977614491
-0.006817132578672651
-0.00679988823861583
-0.006782614033193422
-0.006765310038285911
-0.006747976329904523
-0.006730612984190916
-0.006713220077416825
-0.006695797685983742
-0.006678345886422562
-0.006660864755393271
-0.006643354369684595
-0.006625814806213671
-0.006608246142025697
-0.00659064845429361
-0.006573021820317737
-0.006555366317525464
-0.0065376820234708845
-0.006519969015834475
-0.006502227372422738
-0.0064844571711678714
-0.006466658490127429
-0.006448831407483969
-0.006430976001544714
-0.006413092350741214
-0.006395180533628994
-0.0063772406288872124
-0.0063592727153183185
-0.006341276871847705
-0.006323253177523359
-0.006305201711515524
-0.006287122553116343
-0.006269015781739509
-0.006250881476919933
-0.006232719718313374
-0.006214530585696114
-0.006196314158964577
-0.0061780705181350105
-0.006159799743343108
-0.00614150191484368
-0.006123177113010283
-0.006104825418334878
-0.006086446911427475
-0.006068041673015785
-0.00604960978394485
-0.006031151325176704
-0.00601266637779001
-0.0059941550229797155
-0.00597561734205667
-0.005957053416447305
-0.005938463327693249
-0.005919847157450977
-0.005901204987491459
-0.005882536899699792
-0.005863842976074843
-0.005845123298728903
-0.005826377949887305
-0.005807607011888077
-0.0057888105671815735
-0.005769988698330127
-0.005751141488007671
-0.00573226901899938
-0.005713371374201319
-0.005694448636620049
-0.0056755008893723145
-0.005656528215684627
-0.005637530698892933
-0.005618508422442223
-0.005599461469886189
-0.005580389924886858
-0.005561293871214191
-0.005542173392745764
-0.005523028573466356
-0.005503859497467621
-0.0054846662489476785
-0.005465448912210773
-0.0054462075716669
-0.005426942311831426
-0.005407653217324725
-0.005388340372871794
-0.005369003863301917
-0.005349643773548245
-0.005330260188647454
-0.005310853193739366
-0.005291422874066571
-0.00527196931497407
-0.005252492601908865
-0.005232992820419616
-0.005213470056156261
-0.00519392439486963
-0.005174355922411066
-0.005154764724732066
-0.005135150887883899
-0.005115514498017207
-0.0050958556413816525
-0.005076174404325526
-0.005056470873295387
-0.005036745134835647
-0.0050169972755882315
-0.004997227382292167
-0.0049774355417832265
-0.004957621840993532
-0.004937786366951173
-0.004917929206779835
-0.004898050447698407
-0.004878150177020609
-0.004858228482154588
-0.004838285450602574
-0.0048183211699604515
-0.004798335727917409
-0.004778329212255528
-0.004758301710849411
-0.004738253311665815
-0.004718184102763221
-0.00469809417229149
-0.0046779836084914405
-0.004657852499694505
-0.004637700934322294
-0.00461752900088624
-0.004597336787987202
-0.004577124384315072
-0.004556891878648391
-0.00453663935985395
-0.0045163669168864174
-0.004496074638787936
-0.004475762614687727
-0.004455430933801713
-0.004435079685432111
-0.004414708958967075
-0.004394318843880246
-0.0043739094297304175
-0.004353480806161096
-0.004333033062900143
-0.004312566289759364
-0.004292080576634114
-0.004271576013502906
-0.004251052690427018
-0.004230510697550096
-0.004209950125097759
-0.004189371063377191
-0.004168773602776786
-0.00414815783376569
-0.004127523846893444
-0.004106871732789586
-0.004086201582163248
-0.004065513485802746
-0.004044807534575188
-0.0040240838194260855
-0.004003342431378948
-0.0039825834615348785
-0.00396180700107218
-0.003941013141245951
-0.003920201973387696
-0.003899373588904901
-0.003878528079280655
-0.0038576655360732415
-0.0038367860509157387
-0.0038158897155156036
-0.003794976621654302
-0.0037740468611868554
-0.003753100526041487
-0.0037321377082191916
-0.003711158499793345
-0.003690162992909271
-0.003669151279783893
-0.003648123452705267
-0.0036270796040322223
-0.0036060198261939256
-0.0035849442116894907
-0.003563852853087587
-0.00354274584302599
-0.003521623274211223
-0.0035004852394181175
-0.003479331831489423
-0.0034581631433353876
-0.0034369792679333567
-0.0034157802983273717
-0.003394566327627746
-0.00337333744901067
-0.0033520937557177852
-0.003330835341055808
-0.0033095622983960833
-0.003288274721174186
-0.003266972702889525
-0.0032456563371049234
-0.003224325717446199
-0.0032029809376017677
-0.0031816220913222244
-0.0031602492724199347
-0.003138862574768615
-0.003117462092302933
-0.003096047919018094
-0.003074620148969412
-0.003053178876271916
-0.0030317241950999297
-0.0030102561996866607
-0.002988774984323772
-0.0029672806433609982
-0.002945773271205693
-0.002924252962322454
-0.0029027198112326715
-0.0028811739125141566
-0.0028596153608006717
-0.002838044250781562
-0.00281646067720132
-0.0027948647348591715
-0.002773256518608644
-0.002751636123357195
-0.002730003644065749
-0.002708359175748298
-0.00268670281347148
-0.002665034652354183
-0.0026433547875670976
-0.00262166331433231
-0.00259996032792289
-0.002578245923662481
-0.0025565201969248567
-0.00253478324313351
-0.0025130351577612483
-0.0024912760363297684
-0.0024695059744092303
-0.002447725067617837
-0.0024259334116214252
-0.0024041311021330415
-0.002382318234912517
-0.0023604949057660436
-0.002338661210545767
-0.002316817245149369
-0.0022949631055196144
-0.002273098887643968
-0.002251224687554155
-0.002229340601325735
-0.00220744672507769
-0.0021855431549720034
-0.0021636299872132255
-0.002141707318048066
-0.0021197752437649656
-0.002097833860693667
-0.002075883265204797
-0.00205392355370945
-0.0020319548226587583
-0.002009977168543459
-0.001987990687893486
-0.0019659954772775485
-0.0019439916333026928
-0.001921979252613879
-0.001899958431893564
-0.0018779292678612878
-0.0018558918572732237
-0.0018338462969217666
-0.0018117926836351058
-0.0017897311142768208
-0.0017676616857454138
-0.001745584494973907
-0.001723499638929442
-0.001701407214612804
-0.00167930731905803
-0.0016572000493319835
-0.0016350855025339013
-0.0016129637757950047
-0.001590834966278039
-0.001568699171176864
-0.0015465564877160257
-0.0015244070131503274
-0.0015022508447644026
-0.001480088079872303
-0.0014579188158170273
-0.001435743149970154
-0.0014135611797313655
-0.0013913730025280444
-0.001369178715814831
-0.0013469784170732182
-0.0013247722038111113
-0.0013025601735623805
-0.0012803424238864514
-0.0012581190523678993
-0.0012358901566159786
-0.0012136558342642004
-0.0011914161829699407
-0.001169171300413981
-0.0011469212843000759
-0.0011246662323545385
-0.0011024062423258016
-0.0010801414119840096
-0.001057871839120554
-0.0010355976215476609
-0.001013318857097987
-0.0009910356436241467
-0.0009687480789983027
-0.0009464562611117533
-0.0009241602878744551
-0.0009018602572146531
-0.0008795562670783989
-0.0008572484154291609
-0.0008349368002473642
-0.0008126215195299676
-0.0007903026712900432
-0.0007679803535563485
-0.0007456546643728776
-0.0007233257017984309
-0.0007009935639062354
-0.0006786583487834216
-0.0006563201545306707
-0.0006339790792617631
-0.0006116352211031288
-0.0005892886781934376
-0.000566939548683148
-0.0005445879307341047
-0.0005222339225190939
-0.0004998776222213857
-0.00047751912803433805
-0.0004551585381609819
-0.00043279595081352116
-0.0004104314642129556
-0.00038806517658865406
-0.00036569718617789033
-0.00034332759122543605
-0.0003209564899831032
-0.0002985839807093496
-0.0002762101616688234
-0.00025383513113192454
-0.00023145898737439666
-0.000209081828676882
-0.00018670375332449285
-0.00016432485960636822
-0.00014194524581526624
-0.00011956501024709963
-0.00009718425120055483
-0.00007480306697659108
-0.00005242155587808349
-0.000030039816209324254
-7.657946275635303e-6
0.000014723955617074946
0.00003710579116275484
0.00005948746205563886
0.00008186886999064635
0.00010424991666385807
0.00012663050377293393
0.00014901053301753103
0.00017138990609974518
0.0001937685247245402
0.00021614629060019504
0.0002385231054387076
0.00026089887095622855
0.00028327348887354067
0.00030564686091643067
0.00032801888881614245
0.0003503894743098136
0.000372758519140918
0.0003951259250596669
0.00041749159382346954
0.0004398554271973227
0.0004622173269543212
0.000484577194876006
0.0005069349327528169
0.0005292904423845791
0.0005516436255808558
0.0005739943841614308
