0.12158638768050564
1001
-0.08545993745458687
-0.08538617478201684
-0.08531145188551882
-0.08523576960552161
-0.0851591287932426
-0.0850815303106781
-0.08500297503059363
-0.08492346383651427
-0.08484299762271447
-0.08476157729420809
-0.08467920376673838
-0.08459587796676737
-0.08451160083146575
-0.0844263733087021
-0.08434019635703234
-0.08425307094568893
-0.08416499805456992
-0.08407597867422803
-0.08398601380585935
-0.08389510446129222
-0.08380325166297575
-0.08371045644396848
-0.08361671984792643
-0.08352204292909171
-0.08342642675228053
-0.08332987239287111
-0.08323238093679175
-0.08313395348050848
-0.08303459113101289
-0.08293429500580947
-0.0828330662329032
-0.08273090595078679
-0.08262781530842793
-0.08252379546525625
-0.0824188475911504
-0.08231297286642476
-0.08220617248181641
-0.08209844763847143
-0.08198979954793154
-0.08188022943212049
-0.08176973852333029
-0.08165832806420734
-0.08154599930773843
-0.08143275351723667
-0.0813185919663273
-0.08120351593893332
-0.08108752672926112
-0.08097062564178581
-0.08085281399123663
-0.08073409310258214
-0.08061446431101535
-0.08049392896193866
-0.08037248841094866
-0.08025014402382105
-0.08012689717649514
-0.08000274925505844
-0.07987770165573102
-0.07975175578484986
-0.07962491305885301
-0.07949717490426358
-0.07936854275767387
-0.07923901806572904
-0.07910860228511093
-0.07897729688252167
-0.07884510333466711
-0.07871202312824034
-0.0785780577599048
-0.07844320873627762
-0.07830747757391261
-0.07817086579928308
-0.07803337494876485
-0.07789500656861892
-0.077755762214974
-0.07761564345380913
-0.07747465186093588
-0.07733278902198089
-0.07719005653236778
-0.07704645599729935
-0.07690198903173957
-0.07675665726039521
-0.07661046231769779
-0.07646340584778503
-0.07631548950448254
-0.07616671495128496
-0.07601708386133756
-0.07586659791741715
-0.0757152588119133
-0.07556306824680924
-0.07541002793366283
-0.07525613959358719
-0.07510140495723132
-0.07494582576476076
-0.07478940376583798
-0.07463214071960263
-0.07447403839465179
-0.07431509856902013
-0.07415532303015987
-0.07399471357492067
-0.07383327200952942
-0.07367100014956995
-0.07350789981996261
-0.07334397285494373
-0.07317922109804495
-0.07301364640207261
-0.07284725062908674
-0.07268003565038031
-0.07251200334645799
-0.07234315560701518
-0.07217349433091663
-0.07200302142617511
-0.07183173880993
-0.0716596484084257
-0.07148675215698992
-0.07131305200001203
-0.07113854989092104
-0.07096324779216377
-0.07078714767518272
-0.07061025152039381
-0.07043256131716437
-0.07025407906379039
-0.07007480676747439
-0.0698947464443027
-0.06971390011922268
-0.06953226982602018
-0.0693498576072965
-0.06916666551444546
-0.06898269560763033
-0.06879794995576066
-0.06861243063646906
-0.0684261397360877
-0.06823907934962507
-0.06805125158074218
-0.06786265854172902
-0.06767330235348085
-0.06748318514547426
-0.0672923090557432
-0.06710067623085506
-0.06690828882588647
-0.06671514900439897
-0.06652125893841483
-0.06632662080839252
-0.06613123680320221
-0.06593510912010121
-0.06573823996470919
-0.0655406315509834
-0.06534228610119372
-0.0651432058458978
-0.06494339302391589
-0.0647428498823056
-0.06454157867633675
-0.06433958166946596
-0.06413686113331116
-0.06393341934762607
-0.06372925860027459
-0.06352438118720499
-0.06331878941242426
-0.06311248558797199
-0.06290547203389446
-0.06269775107821858
-0.062489325056925726
-0.06228019631392534
-0.06207036720102873
-0.06185984007792246
-0.06164861731214203
-0.061436701279045006
-0.06122409436178449
-0.061010798951282225
-0.06079681744620175
-0.060582152252921406
-0.06036680578550727
-0.06015078046568603
-0.059934078722817745
-0.0597167029938685
-0.05949865572338301
-0.05927993936345714
-0.05906055637371038
-0.05884050922125809
-0.05861980038068373
-0.0583984323340112
-0.05817640757067681
-0.05795372858750128
-0.05773039788866168
-0.05750641798566324
-0.057281791397311196
-0.05705652064968242
-0.05683060827609694
-0.05660405681708951
-0.056376868820381114
-0.056149046840850154
-0.05592059344050388
-0.05569151118844944
-0.055461802660865075
-0.05523147044097121
-0.0550005171190012
-0.05476894529217238
-0.05453675756465682
-0.054303956547551976
-0.054070544858851384
-0.05383652512341527
-0.053601899972940875
-0.05336667204593301
-0.05313084398767431
-0.052894418450195525
-0.05265739809224568
-0.05241978557926212
-0.05218158358334064
-0.05194279478320542
-0.05170342186417877
-0.051463467518151104
-0.05122293444355056
-0.050981825345312703
-0.0507401429348501
-0.05049788993002182
-0.050255069055102845
-0.050011683040753464
-0.049767734623988646
-0.04952322654814706
-0.04927816156286041
-0.04903254242402243
-0.04878637189375795
-0.04853965274039174
-0.04829238773841743
-0.04804457966846639
-0.04779623131727634
-0.047547345477660014
-0.04729792494847388
-0.047047972534586535
-0.04679749104684722
-0.04654648330205423
-0.04629495212292313
-0.04604290033805523
-0.04579033078190548
-0.045537246294750915
-0.04528364972265843
-0.04502954391745297
-0.044774931736685404
-0.04451981604360033
-0.04426419970710391
-0.04400808560173172
-0.04375147660761625
-0.04349437561045465
-0.04323678550147613
-0.04297870917740966
-0.042720149540451224
-0.04246110949823122
-0.04220159196378183
-0.041941599855504164
-0.041681136097135564
-0.04142020361771655
-0.04115880535155808
-0.04089694423820842
-0.04063462322242015
-0.04037184525411699
-0.040108613288360684
-0.03984493028531775
-0.03958079921022622
-0.03931622303336225
-0.03905120473000669
-0.038785747280411766
-0.0385198536697674
-0.038253526888167765
-0.03798676993057757
-0.03771958579679845
-0.0374519774914352
-0.03718394802386199
-0.03691550040818853
-0.036646637663226185
-0.03637736281245401
-0.036107678883984695
-0.03583758891053075
-0.03556709592937001
-0.035296202982311835
-0.035024913115662755
-0.0347532293801922
-0.03448115483109818
-0.03420869252797308
-0.03393584553476909
-0.03366261691976375
-0.03338900975552553
-0.03311502711887934
-0.03284067209087175
-0.032565947756736435
-0.032290857205859516
-0.03201540353174479
-0.031739589831978894
-0.031463419208196564
-0.031186894766045692
-0.030910019615152426
-0.030632796869086213
-0.030355229645324663
-0.030077321065218786
-0.029799074253957548
-0.02952049234053298
-0.02924157845770486
-0.028962335741965568
-0.02868276733350466
-0.02840287637617382
-0.028122666017451243
-0.027842139408406436
-0.027561299703664634
-0.027280150061371446
-0.026998693643157268
-0.026716933614101747
-0.026434873142698205
-0.026152515400818088
-0.025869863563675027
-0.025586920809789457
-0.025303690320952674
-0.025020175282191186
-0.024736378881730785
-0.024452304310960696
-0.024167954764397825
-0.023883333439650645
-0.023598443537383423
-0.023313288261280107
-0.02302787081800835
-0.022742194417183396
-0.022456262271332073
-0.022170077595856662
-0.02188364360899866
-0.021596963531802578
-0.02131004058807987
-0.0210228780043726
-0.020735479009917075
-0.020447846836607664
-0.020159984718960317
-0.019871895894076414
-0.019583583601606103
-0.019295051083712027
-0.019006301585032904
-0.018717338352646856
-0.018428164636035055
-0.018138783687045152
-0.017849198759854676
-0.017559413110934487
-0.017269429999012122
-0.0169792526850351
-0.01668888443213443
-0.016398328505587687
-0.01610758817278244
-0.015816666703179563
-0.015525567368276282
-0.015234293441569468
-0.014942848198518979
-0.014651234916510592
-0.014359456874819295
-0.014067517354572387
-0.013775419638712504
-0.013483167011960843
-0.013190762760780126
-0.012898210173337617
-0.012605512539468282
-0.012312673150637705
-0.012019695299904905
-0.011726582281885785
-0.011433337392715568
-0.01113996393001198
-0.010846465192838174
-0.010552844481665597
-0.010259105098336831
-0.00996525034602852
-0.009671283529214298
-0.009377207953627429
-0.009083026926223786
-0.008788743755144643
-0.008494361749679534
-0.008199884220228824
-0.007905314478266751
-0.007610655836304028
-0.007315911607850646
-0.007021085107378555
-0.006726179650284478
-0.006431198552852653
-0.006136145132217404
-0.005841022706325887
-0.005545834593900911
-0.005250584114403469
-0.004955274587995462
-0.004659909335502412
-0.004364491678375968
-0.004069024938656813
-0.0037735124389370075
-0.00347795750232286
-0.0031823634523975458
-0.0028867336131834765
-0.0025910713091052517
-0.0022953798649521587
-0.0019996626058406473
-0.0017039228571771568
-0.0014081639446205895
-0.0011123891940449074
-0.0008166019315018242
-0.0005208054831833618
-0.00022500317538434877
0.00007080166553475773
0.0003666057131854641
0.0006624056411887361
0.0009581981232119974
0.0012539798330069541
0.0015497474444468463
0.0018454976315637822
0.002141227068586219
0.0024369324299763503
0.0027326103904674703
0.0030282576251014024
0.003323870809265857
0.003619446618731764
0.003914981729690946
0.004210472818792932
0.004505916563182917
0.004801309640538766
0.005096648729108497
0.0053919305077475875
0.005687151655956417
0.005982308853917481
0.006277398782532714
0.0065724181234609776
0.006867363559155253
0.007162231772899909
0.00745701944884809
0.007751723272058945
0.008046339928534907
0.008340866105259049
0.008635298490232089
0.00892963377251005
0.009223868642241045
0.00951799979070271
0.009812023910339527
0.010105937694799793
0.010399737838972837
0.010693421039026346
0.01098698399244337
0.011280423398059444
0.011573735956099845
0.011866918368216578
0.012159967337525404
0.012452879568643218
0.012745651767724684
0.013038280642499584
0.013330762902309758
0.01362309525814604
0.013915274422685258
0.014207297110327363
0.014499160037232062
0.014790859921356099
0.015082393482489808
0.01537375744229433
0.015664948524338227
0.015955963454134463
0.01624679895917715
0.016537451768978428
0.0168279186151051
0.017118196231215584
0.01740828135309644
0.017698170718699203
0.017987861068177062
0.018277349143921415
0.018566631690598644
0.018855705455186545
0.019144567187011085
0.019433213637782824
0.019721641561633557
0.020009847715152712
0.020297828857423757
0.020585581750060953
0.0208731031572454
0.021160389845761567
0.02144743858503382
0.021734246147162448
0.022020809306960067
0.022307124841988116
0.022593189532592754
0.02287900016194115
0.023164553516057926
0.023449846383860884
0.023734875557197395
0.024019637830880375
0.02430413000272439
0.024588348873581602
0.02487229124737765
0.025155953931147848
0.025439333735072893
0.025722427472514714
0.026005231960052437
0.02628774401751807
0.02656996046803238
0.026851878138040408
0.027133493857347417
0.027414804459154393
0.027695806780093576
0.027976497660264228
0.02825687394326803
0.028536932476244573
0.028816670109906965
0.02909608369857695
0.029375170100220616
0.02965392617648348
0.02993234879272586
0.030210434818058195
0.030488181125376095
0.03076558459139569
0.03104264209668852
0.031319350525716855
0.031595706766868584
0.03187170771249225
0.03214735025893196
0.032422631306562234
0.03269754775982311
0.03297209652725461
0.03324627452153169
0.03352007865949907
0.03379350586220559
0.03406655305493906
0.03433921716726083
0.03461149513304023
0.034883383890489096
0.035154880382196114
0.03542598155516137
0.03569668436083058
0.03596698575512926
0.036236882698497216
0.03650637215592248
0.036775451096975484
0.037044116495843306
0.03731236533136354
0.03758019458705823
0.037847601251167914
0.03811458231668541
0.038381134781389714
0.03864725564787956
0.03891294192360746
0.039178190620912955
0.039442998757056556
0.039707363354253074
0.03997128143970517
0.04023475004563683
0.040497766209326665
0.04076032697314114
0.04102242938456819
0.04128407049624991
0.041545247366016086
0.041805957056917184
0.042066196637257296
0.04232596318062704
0.04258525376593684
0.042844065477449234
0.043102395404812074
0.04336024064309115
0.04361759829280279
0.04387446545994635
0.04413083925603712
0.04438671679813843
0.04464209520889428
0.04489697161656167
0.045151343155042725
0.04540520696391723
0.04565856018847447
0.04591139997974552
0.046163723494535305
0.04641552789545445
0.046666810350951264
0.04691756803534344
0.04716779812885017
0.04741749781762344
0.04766666429377992
0.047915294755432464
0.04816338640672164
0.04841093645784716
0.04865794212509924
0.04890440063088987
0.0491503092037842
0.04939566507853139
0.049640465496096096
0.04988470770368916
0.050128388954798875
0.05037150650922148
0.050614057633092305
0.050856039598916505
0.051097449685599344
0.05133828517847735
0.05157854336934839
0.05181822155650239
0.052057317044751535
0.0522958271454607
0.0525337491765777
0.05277108046266323
0.053007818334921256
0.05324396013122885
0.05347950319616607
0.05371444488104604
0.05394878254394445
0.0541825135497295
0.05441563527009144
0.05464814508357199
0.05488004037559417
0.05511131853849125
0.05534197697153654
0.05557201308097215
0.05580142428003859
0.05603020798900357
0.05625836163519117
0.05648588265301062
0.0567127684839853
0.056939016576781465
0.057164624387236844
0.057389589378389325
0.057613909020505595
0.057837580791109205
0.058060602175009406
0.05828297066432929
0.058504683758533585
0.05872573896445749
0.05894613379633404
0.0591658657758225
0.059384932432035985
0.05960333130156941
0.059821059928527064
0.060038115864550226
0.06025449666884492
0.060470199908209
0.06068522315705984
0.0608995639974613
0.06111322001915126
0.06132618881956841
0.06153846800387947
0.06175005518500601
0.061960947983651364
0.0621711440283273
0.06238064095538074
0.06258943640902039
0.06279752804134311
0.06300491351236048
0.06321159049002482
0.06341755665025582
0.06362280967696632
0.06382734726208848
0.0640311671055998
0.06423426691554898
0.06443664440808146
0.06463829730746548
0.06483922334611734
0.06503942026462708
0.06523888581178379
0.065437617744601
0.06563561382834183
0.06583287183654422
0.06602938955104587
0.06622516476200917
0.06642019526794612
0.06661447887574315
0.06680801340068555
0.06700079666648219
0.06719282650529006
0.06738410075773853
0.06757461727295358
0.06776437390858218
0.06795336853081628
0.06814159901441663
0.06832906324273696
0.06851575910774771
0.06870168451005955
0.06888683735894725
0.06907121557237295
0.06925481707700973
0.06943763980826487
0.06961968171030311
0.06980094073606964
0.06998141484731328
0.0701611020146093
0.07034000021738224
0.07051810744392867
0.07069542169143987
0.07087194096602413
0.07104766328272939
0.07122258666556554
0.07139670914752652
0.07157002877061247
0.07174254358585191
0.07191425165332341
0.07208515104217746
0.07225523983065847
0.07242451610612591
0.07259297796507619
0.07276062351316395
0.07292745086522319
0.07309345814528875
0.07325864348661727
0.07342300503170811
0.07358654093232438
0.07374924934951362
0.0739111284536285
0.07407217642434742
0.07423239145069496
0.07439177173106232
0.07455031547322732
0.07470802089437494
0.07486488622111702
0.07502090968951243
0.07517608954508677
0.07533042404285223
0.075483911447327
0.07563655003255498
0.07578833808212518
0.07593927388919083
0.07608935575648886
0.07623858199635872
0.07638695093076146
0.07653446089129864
0.07668111021923114
0.07682689726549753
0.076971820390733
0.07711587796528747
0.07725906836924418
0.07740138999243759
0.07754284123447185
0.0776834205047385
0.07782312622243452
0.07796195681658004
0.07809991072603603
0.07823698639952183
0.07837318229563263
0.07850849688285673
0.07864292863959285
0.07877647605416722
0.07890913762485048
0.07904091185987477
0.07917179727745026
0.07930179240578199
0.07943089578308629
0.07955910595760737
0.07968642148763361
0.07981284094151354
0.07993836289767227
0.08006298594462727
0.08018670868100433
0.08030952971555322
0.08043144766716347
0.08055246116487977
0.08067256884791746
0.08079176936567789
0.08091006137776338
0.08102744355399259
0.0811439145744153
0.08125947312932714
0.08137411791928464
0.0814878476551196
0.08160066105795362
0.08171255685921253
0.08182353380064063
0.08193359063431484
0.08204272612265869
0.0821509390384564
0.08225822816486637
0.08236459229543523
0.08247003023411116
0.08257454079525732
0.08267812280366538
0.08278077509456863
0.08288249651365491
0.08298328591707994
0.08308314217147987
0.0831820641539842
0.08328005075222833
0.08337710086436602
0.08347321339908201
0.08356838727560392
0.08366262142371479
0.08375591478376486
0.08384826630668352
0.08393967495399118
0.08403013969781103
0.08411965952088024
0.08420823341656179
0.08429586038885566
0.08438253945240992
0.08446826963253194
0.08455304996519936
0.08463687949707076
0.08471975728549652
0.0848016823985295
0.08488265391493535
0.08496267092420286
0.08504173252655439
0.08511983783295579
0.08519698596512652
0.08527317605554946
0.08534840724748065
0.08542267869495901
0.0854959895628158
0.08556833902668398
0.08563972627300752
0.08571015049905058
0.08577961091290641
0.0858481067335064
0.08591563719062882
0.08598220152490739
0.08604779898783996
0.08611242884179682
0.08617609036002905
0.08623878282667663
0.08630050553677658
0.08636125779627084
0.08642103892201403
0.0864798482417812
0.0865376850942754
0.086594548829135
0.08665043880694112
0.08670535439922479
0.08675929498847401
0.08681225996814067
0.08686424874264739
0.08691526072739424
0.08696529534876528
0.087014352044135
0.08706243026187471
0.08710952946135865
0.08715564911297015
0.08720078869810755
0.08724494770919003
0.08728812564966329
0.08733032203400523
0.08737153638773129
0.08741176824739987
0.08745101716061744
0.08748928268604385
0.08752656439339696
0.08756286186345776
0.08759817468807495
0.08763250247016957
0.08766584482373946
0.08769820137386357
0.08772957175670622
0.08775995561952113
0.0877893526206555
0.08781776242955372
0.08784518472676116
0.08787161920392773
0.0878970655638114
0.08792152352028151
0.0879449927983219
0.08796747313403416
0.08798896427464051
0.08800946597848662
0.08802897801504442
0.08804750016491458
0.08806503221982906
0.08808157398265339
0.08809712526738891
0.08811168589917492
0.08812525571429054
0.08813783456015666
0.08814942229533752
0.08816001878954247
0.08816962392362725
0.0881782375895955
0.08818585969059983
0.0881924901409431
0.0881981288660791
0.08820277580261363
0.08820643089830513
0.08820909411206525
0.08821076541395934
0.08821144478520676
0.08821113221818114
0.08820982771641034
0.08820753129457662
0.08820424297851626
0.08819996280521943
0.08819469082282966
0.08818842709064335
0.08818117167910916
0.08817292466982707
0.0881636861555476
0.08815345624017067
0.08814223503874452
0.08813002267746436
0.08811681929367099
0.08810262503584916
0.08808744006362601
0.0880712645477692
0.08805409867018511
0.08803594262391659
0.08801679661314096
0.08799666085316767
0.08797553557043583
0.08795342100251176
0.08793031739808617
0.08790622501697151
0.087881144130099
0.0878550750195155
0.0878280179783805
0.08779997331096269
0.08777094133263658
0.08774092236987893
0.0877099167602652
0.08767792485246549
0.08764494700624097
0.0876109835924395
0.08757603499299173
0.08754010160090654
0.08750318382026692
0.0874652820662252
0.0874263967649984
0.08738652835386361
0.08734567728115283
0.08730384400624812
0.08726102899957629
0.08721723274260379
0.08717245572783114
0.0871266984587874
0.08707996145002458
0.08703224522711185
0.08698355032662954
0.0869338772961632
0.08688322669429743
0.08683159909060953
0.08677899506566317
0.08672541521100184
0.08667086012914214
0.08661533043356714
0.08655882674871934
0.0865013497099937
0.08644289996373049
0.0863834781672081
0.0863230849886355
0.08626172110714489
0.08619938721278386
0.08613608400650782
0.08607181220017208
0.08600657251652376
0.0859403656891937
0.08587319246268826
0.08580505359238094
0.08573594984450371
0.08566588199613873
0.08559485083520929
0.08552285716047116
0.08544990178150345
0.08537598551869971
0.08530110920325838
0.08522527367717386
0.08514847979322669
0.08507072841497408
0.08499202041674035
0.08491235668360683
0.08483173811140203
0.08475016560669173
0.08466764008676844
0.08458416247964134
0.08449973372402589
0.08441435476933302
0.08432802657565863
0.08424075011377281
0.08415252636510882
0.08406335632175216
0.08397324098642926
0.08388218137249644
0.08379017850392832
0.08369723341530627
0.08360334715180706
0.08350852076919078
0.08341275533378911
0.0833160519224934
0.08321841162274246
0.08311983553251029
0.08302032476029383
0.08291988042510055
0.0828185036564357
0.08271619559428964
0.08261295738912518
0.08250879020186448
0.08240369520387605
0.08229767357696163
0.0821907265133427
0.08208285521564736
0.08197406089689664
0.08186434478049084
0.08175370810019586
0.08164215210012926
0.08152967803474633
0.08141628716882586
0.08130198077745612
0.08118676014602033
0.08107062657018232
0.0809535813558719
0.08083562581927019
0.08071676128679485
0.08059698909508517
0.08047631059098692
0.08035472713153737
0.08023224008394991
0.08010885082559879
0.07998456074400345
0.07985937123681319
0.07973328371179109
0.0796062995867985
0.07947842028977906
0.07934964725874241
0.07921998194174819
0.07908942579688981
0.07895798029227792
