0.08207081168434131
1001
-0.015118079683769894
-0.0151009782117349
-0.015083799329622399
-0.015066543125564887
-0.015049209688091212
-0.015031799106126125
-0.015014311468989839
-0.014996746866397525
-0.014979105388458881
-0.014961387125677645
-0.014943592168951178
-0.01492572060956992
-0.014907772539216973
-0.01488974804996761
-0.01487164723428879
-0.014853470185038705
-0.014835216995466288
-0.014816887759210716
-0.014798482570300949
-0.01478000152315525
-0.014761444712580661
-0.014742812233772568
-0.01472410418231415
-0.014705320654175931
-0.014686461745715274
-0.01466752755367586
-0.014648518175187236
-0.014629433707764266
-0.014610274249306656
-0.014591039898098445
-0.01457173075280748
-0.01455234691248495
-0.01453288847656482
-0.014513355544863361
-0.014493748217578609
-0.014474066595289874
-0.01445431077895719
-0.014434480869920833
-0.014414576969900757
-0.014394599180996104
-0.014374547605684646
-0.014354422346822297
-0.01433422350764255
-0.014313951191755943
-0.014293605503149561
-0.014273186546186463
-0.014252694425605155
-0.014232129246519063
-0.014211491114415975
-0.014190780135157509
-0.014169996414978549
-0.01414914006048674
-0.01412821117866188
-0.014107209876855417
-0.01408613626278987
-0.014064990444558294
-0.014043772530623704
-0.014022482629818518
-0.014001120851344011
-0.01397968730476975
-0.013958182100033016
-0.01393660534743824
-0.013914957157656461
-0.01389323764172472
-0.013871446911045512
-0.013849585077386197
-0.013827652252878452
-0.013805648550017646
-0.013783574081662323
-0.013761428961033561
-0.013739213301714426
-0.013716927217649383
-0.013694570823143688
-0.013672144232862834
-0.013649647561831934
-0.013627080925435143
-0.013604444439415046
-0.013581738219872087
-0.013558962383263956
-0.013536117046404996
-0.013513202326465596
-0.013490218340971593
-0.013467165207803672
-0.013444043045196741
-0.013420851971739355
-0.01339759210637307
-0.013374263568391845
-0.01335086647744145
-0.013327400953518817
-0.013303867116971433
-0.013280265088496753
-0.013256594989141514
-0.013232856940301175
-0.013209051063719257
-0.013185177481486744
-0.013161236316041417
-0.013137227690167255
-0.013113151726993797
-0.013089008549995515
-0.013064798282991157
-0.013040521050143132
-0.013016176975956851
-0.012991766185280126
-0.01296728880330248
-0.012942744955554527
-0.01291813476790734
-0.012893458366571771
-0.01286871587809784
-0.012843907429374041
-0.012819033147626736
-0.012794093160419464
-0.012769087595652307
-0.01274401658156122
-0.012718880246717388
-0.012693678720026545
-0.012668412130728323
-0.012643080608395587
-0.012617684282933776
-0.012592223284580215
-0.012566697743903467
-0.012541107791802645
-0.01251545355950676
-0.01248973517857403
-0.012463952780891204
-0.012438106498672889
-0.012412196464460887
-0.012386222811123473
-0.012360185671854753
-0.012334085180173964
-0.012307921469924784
-0.012281694675274646
-0.01225540493071406
-0.012229052371055907
-0.012202637131434756
-0.012176159347306158
-0.012149619154445974
-0.012123016688949648
-0.01209635208723154
-0.01206962548602419
-0.01204283702237764
-0.012015986833658732
-0.011989075057550386
-0.011962101832050901
-0.011935067295473254
-0.011907971586444376
-0.011880814843904445
-0.011853597207106183
-0.011826318815614122
-0.011798979809303903
-0.011771580328361553
-0.011744120513282764
-0.011716600504872166
-0.011689020444242616
-0.01166138047281447
-0.011633680732314846
-0.011605921364776913
-0.01157810251253915
-0.011550224318244616
-0.011522286924840223
-0.011494290475576005
-0.011466235114004372
-0.011438120983979378
-0.011409948229655988
-0.011381716995489323
-0.011353427426233942
-0.011325079666943072
-0.011296673862967895
-0.011268210159956762
-0.011239688703854483
-0.011211109640901563
-0.011182473117633436
-0.011153779280879739
-0.011125028277763547
-0.011096220255700623
-0.011067355362398642
-0.011038433745856452
-0.011009455554363324
-0.010980420936498161
-0.010951330041128759
-0.010922183017411028
-0.010892980014788252
-0.010863721182990282
-0.010834406672032802
-0.010805036632216549
-0.010775611214126528
-0.010746130568631274
-0.010716594846882036
-0.01068700420031202
-0.010657358780635631
-0.010627658739847654
-0.010597904230222511
-0.010568095404313464
-0.010538232414951833
-0.010508315415246206
-0.010478344558581664
-0.010448319998619001
-0.010418241889293906
-0.010388110384816207
-0.01035792563966906
-0.010327687808608158
-0.010297397046660947
-0.010267053509125825
-0.01023665735157134
-0.010206208729835402
-0.01017570780002447
-0.01014515471851277
-0.01011454964194148
-0.01008389272721793
-0.01005318413151479
-0.01002242401226928
-0.009991612527182343
-0.009960749834217861
-0.009929836091601816
-0.009898871457821493
-0.009867856091624676
-0.00983679015201882
-0.00980567379827024
-0.00977450718990329
-0.009743290486699556
-0.009712023848697028
-0.00968070743618928
-0.009649341409724642
-0.0096179259301054
-0.009586461158386943
-0.009554947255876954
-0.009523384384134572
-0.009491772704969578
-0.009460112380441553
-0.009428403572859047
-0.009396646444778757
-0.009364841159004687
-0.00933298787858731
-0.009301086766822739
-0.009269137987251878
-0.0092371417036596
-0.009205098080073902
-0.009173007280765049
-0.009140869470244754
-0.009108684813265313
-0.009076453474818785
-0.009044175620136125
-0.009011851414686344
-0.008979481024175664
-0.008947064614546666
-0.008914602351977434
-0.00888209440288071
-0.008849540933903048
-0.008816942111923935
-0.008784298104054964
-0.008751609077638953
-0.008718875200249108
-0.008686096639688154
-0.008653273563987466
-0.00862040614140623
-0.008587494540430557
-0.008554538929772634
-0.008521539478369857
-0.008488496355383957
-0.008455409730200144
-0.008422279772426234
-0.008389106651891779
-0.008355890538647189
-0.008322631602962883
-0.008289330015328382
-0.008255985946451477
-0.008222599567257313
-0.008189171048887544
-0.008155700562699436
-0.008122188280265001
-0.008088634373370106
-0.008055039014013604
-0.008021402374406452
-0.007987724626970819
-0.007954005944339206
-0.007920246499353564
-0.00788644646506441
-0.007852606014729938
-0.007818725321815123
-0.007784804559990851
-0.007750843903133
-0.007716843525321582
-0.007682803600839831
-0.0076487243041733054
-0.007614605810009011
-0.007580448293234499
-0.007546251928936963
-0.0075120168924023446
-0.007477743359114438
-0.0074434315047539985
-0.007409081505197821
-0.00737469353651786
-0.0073402677749803205
-0.007305804397044742
-0.007271303579363119
-0.007236765498778967
-0.007202190332326453
-0.00716757825722944
-0.0071329294509006325
-0.007098244090940616
-0.007063522355136996
-0.007028764421463442
-0.006993970468078807
-0.006959140673326201
-0.006924275215732088
-0.006889374274005348
-0.0068544380270363905
-0.006819466653896215
-0.006784460333835512
-0.00674941924628373
-0.006714343570848155
-0.006679233487313012
-0.0066440891756385165
-0.00660891081595997
-0.006573698588586829
-0.006538452674001788
-0.0065031732528598426
-0.006467860505987384
-0.006432514614381251
-0.006397135759207816
-0.0063617241218020615
-0.006326279883666622
-0.006290803226470892
-0.006255294332050083
-0.006219753382404266
-0.006184180559697485
-0.00614857604625677
-0.006112940024571271
-0.006077272677291242
-0.006041574187227182
-0.006005844737348841
-0.005970084510784322
-0.005934293690819116
-0.005898472460895172
-0.005862621004609974
-0.005826739505715569
-0.005790828148117647
-0.005754887115874601
-0.005718916593196569
-0.005682916764444498
-0.00564688781412921
-0.005610829926910432
-0.005574743287595883
-0.005538628081140289
-0.00550248449264448
-0.005466312707354391
-0.0054301129106601636
-0.005393885288095153
-0.00535763002533502
-0.005321347308196734
-0.005285037322637655
-0.005248700254754574
-0.0052123362907827535
-0.005175945617094968
-0.005139528420200574
-0.005103084886744522
-0.005066615203506426
-0.005030119557399601
-0.004993598135470088
-0.004957051124895725
-0.004920478712985172
-0.004883881087176946
-0.0048472584350384654
-0.004810610944265105
-0.0047739388026792106
-0.004737242198229151
-0.004700521318988359
-0.004663776353154349
-0.004627007489047775
-0.004590214915111455
-0.004553398819909403
-0.004516559392125874
-0.004479696820564381
-0.00444281129414676
-0.004405903001912156
-0.004368972133016087
-0.004332018876729475
-0.004295043422437666
-0.004258045959639466
-0.004221026677946148
-0.004183985767080535
-0.0041469234168759654
-0.004109839817275364
-0.0040727351583302466
-0.004035609630199767
-0.0039984634231497165
-0.003961296727551568
-0.003924109733881504
-0.003886902632719427
-0.0038496756147479868
-0.003812428870751625
-0.003775162591615555
-0.0037378769683248272
-0.003700572191963336
-0.003663248453712824
-0.003625905944851933
-0.0035885448567551975
-0.0035511653808920824
-0.0035137677088259954
-0.0034763520322133065
-0.0034389185428023664
-0.0034014674324325286
-0.0033639988930331535
-0.0033265131166226513
-0.0032890102953074605
-0.0032514906212811096
-0.003213954286823199
-0.0031764014842984236
-0.0031388324061556007
-0.0031012472449266585
-0.0030636461932256834
-0.003026029443747911
-0.0029883971892687446
-0.002950749622642763
-0.0029130869368027487
-0.0028754093247586768
-0.0028377169795967528
-0.0028000100944784037
-0.0027622888626392937
-0.0027245534773883365
-0.0026868041321067102
-0.0026490410202468615
-0.0026112643353315063
-0.0025734742709526575
-0.0025356710207706306
-0.002497854778513026
-0.0024600257379737804
-0.0024221840930121275
-0.0023843300375516454
-0.00234646376557923
-0.0023085854711441403
-0.002270695348356971
-0.0022327935913886653
-0.002194880394469531
-0.0021569559518882448
-0.0021190204579908402
-0.0020810741071797464
-0.002043117093912753
-0.002005149612702031
-0.0019671718581131593
-0.001929184024764085
-0.0018911863073241678
-0.0018531789005131487
-0.0018151619991001833
-0.0017771357979028278
-0.0017391004917860294
-0.0017010562756611693
-0.0016630033444850112
-0.0016249418932587512
-0.0015868721170269901
-0.001548794210876741
-0.0015107083699364297
-0.001472614789374907
-0.0014345136644004425
-0.0013964051902597156
-0.0013582895622368135
-0.0013201669756522686
-0.0012820376258620041
-0.001243901708256377
-0.0012057594182591524
-0.0011676109513265131
-0.0011294565029460624
-0.001091296268635807
-0.0010531304439431797
-0.0010149592244440202
-0.0009767828057415733
-0.0009386013834654982
-0.0009004151532708625
-0.0008622243108371291
-0.0008240290518671837
-0.0007858295720862983
-0.0007476260672411464
-0.0007094187330987961
-0.0006712077654457269
-0.0006329933600867871
-0.0005947757128442196
-0.0005565550195566747
-0.0005183314760781612
-0.00048010527827708615
-0.00044187662203522195
-0.00040364570324673494
-0.0003654127178171421
-0.0003271778616623383
-0.00028894133070759496
-0.00025070332088653356
-0.0002124640281401416
-0.00017422364841576118
-0.0001359823776660807
-0.00009774041184816451
-0.000059497946922382367
-0.000021255178851487317
0.000016987696400456092
0.00005523048286902175
0.00009347298459047847
0.00013171500560274678
0.0001699563499464203
0.00020819682166577647
0.00024643622480977084
0.00028467436343303893
0.00032291104159690983
0.00036114606337039613
0.00039937923283120993
0.00043761035406674864
0.0004758392311751139
0.0005140656682661264
0.0005522894694622863
0.0005905104388998154
0.0006287283807296387
0.0006669430991184125
0.0007051543982494899
0.0007433620823239538
0.0007815659555616039
0.0008197658222019679
0.0008579614865053011
0.0008961527527535791
0.0009343394252515117
0.000972521308327553
0.0010106982063348728
0.0010488699236523872
0.0010870362646857523
0.001125197033868355
0.0011633520356623343
0.0012015010745595521
0.0012396439550826398
0.0012777804817859465
0.0013159104592565815
0.0013540336921153914
0.00139214998501797
0.001430259142655661
0.001468360969756543
0.001506455271086449
0.0015445418514499517
0.0015826205156913688
0.001620691068695768
0.001658753315389939
0.0016968070607434398
0.001734852109769548
0.0017728882675262857
0.0018109153391174116
0.0018489331296934147
0.001886941444452528
0.0019249400886416862
0.0019629288675575814
0.0020009075865476122
0.0020388760510108906
0.00207683406639926
0.002114781438218265
0.002152717972028162
0.0021906434734449156
0.002228557748141164
0.0022664606018472804
0.0023043518403522895
0.0023422312695049203
0.0023800986952145567
0.00241795392345228
0.0024557967602518212
0.0024936270117105587
0.0025314444839905337
0.00256924898331943
0.002607040315991556
0.0026448182883688502
0.0026825827068818757
0.0027203333780307926
0.0027580701083863594
0.002795792704590941
0.00283350097335946
0.00287119472148042
0.002908873755816886
0.0029465378833074514
0.0029841869109672715
0.003021820645889011
0.0030594388952438416
0.003097041466282435
0.003134628166335959
0.003172198802817048
0.0032097531832207845
0.003247291115125708
0.0032848124061947833
0.0033223168641763837
0.0033598042969052804
0.0033972745123036314
0.0034347273183819573
0.003472162523240133
0.0035095799350683466
0.0035469793621481227
0.0035843606128532594
0.00362172349565084
0.0036590678191022064
0.0036963933918639246
0.0037337000226887952
0.003770987520426795
0.003808255694026078
0.0038455043525339743
0.0038827333050979055
0.003919942360966424
0.00395713132949016
0.003994300020122807
0.004031448242422085
0.00406857580605073
0.004105682520777463
0.004142768196477965
0.004179832643135841
0.004216875670843608
0.004253897089803656
0.004290896710329239
0.004327874342845407
0.004364829797890015
0.004401762886114687
0.004438673418285755
0.004475561205285265
0.004512426058111927
0.004549267787882099
0.004586086205830718
0.004622881123312311
0.004659652351801916
0.004696399702896099
0.004733122988313878
0.004769822019897687
0.00480649660961437
0.004843146569556121
0.0048797717119414465
0.004916371849116139
0.00495294679355421
0.004989496357858904
0.005026020354763594
0.005062518597132782
0.005098990897963049
0.005135437070384002
0.005171856927659248
0.00520825028318732
0.005244616950502681
0.005280956743276625
0.005317269475318268
0.005353554960575486
0.005389813013135874
0.005426043447227695
0.005462246077220827
0.005498420717627716
0.005534567183104338
0.0055706852884511255
0.005606774848613937
0.005642835678684981
0.0056788675939038
0.005714870409658171
0.0057508439414850725
0.005786788005071651
0.005822702416256126
0.0058585869910287545
0.00589444154553276
0.005930265896065304
0.005966059859078387
0.00600182325117981
0.006037555889134106
0.006073257589863494
0.0061089281704488
0.006144567448130395
0.006180175240309123
0.006215751364547276
0.006251295638569478
0.006286807880263623
0.006322287907681865
0.00635773553904148
0.006393150592725831
0.006428532887285292
0.006463882241438184
0.006499198474071675
0.006534481404242753
0.006569730851179108
0.006604946634280101
0.006640128573117643
0.006675276487437153
0.006710390197158464
0.00674546952237675
0.006780514283363449
0.006815524300567184
0.006850499394614675
0.006885439386311664
0.006920344096643837
0.006955213346777722
0.006990046958061621
0.007024844752026527
0.007059606550387025
0.007094332175042222
0.007129021448076627
0.007163674191761115
0.007198290228553777
0.007232869381100861
0.007267411472237694
0.007301916324989557
0.007336383762572614
0.007370813608394794
0.007405205686056733
0.0074395598193526345
0.007473875832271209
0.007508153548996534
0.007542392793908999
0.0075765933915861805
0.0076107551668037465
0.0076448779445363255
0.00767896154995847
0.007713005808445472
0.007747010545574315
0.007780975587124536
0.007814900759079143
0.007848785887625486
0.00788263079915613
0.007916435320269805
0.007950199277772229
0.007983922498677022
0.008017604810206611
0.00805124603979307
0.008084846015079038
0.008118404563918599
0.008151921514378144
0.008185396694737281
0.00821882993348967
0.008252221059343949
0.008285569901224588
0.008318876288272757
0.008352140049847225
0.008385361015525202
0.008418539015103246
0.008451673878598118
0.008484765436247637
0.008517813518511575
0.008550817956072513
0.008583778579836708
0.008616695220934969
0.008649567710723506
0.008682395880784793
0.008715179562928456
0.00874791858919209
0.008780612791842175
0.008813262003374898
0.008845866056517009
0.008878424784226683
0.008910938019694387
0.00894340559634374
0.008975827347832315
0.009008203108052563
0.009040532711132605
0.009072815991437128
0.009105052783568192
0.0091372429223661
0.009169386242910227
0.0092014825805199
0.009233531770755199
0.009265533649417821
0.00929748805255192
0.009329394816444946
0.009361253777628479
0.009393064772879054
0.009424827639219027
0.009456542213917389
0.009488208334490612
0.00951982583870345
0.00955139456456982
0.009582914350353596
0.009614385034569422
0.009645806455983582
0.009677178453614812
0.009708500866735106
0.009739773534870563
0.009770996297802169
0.009802168995566685
0.009833291468457388
0.009864363557024946
0.009895385102078226
0.00992635594468508
0.00995727592617319
0.00998814488813086
0.010018962672407832
0.010049729121116109
0.010080444076630751
0.010111107381590682
0.0101417188788995
0.01017227841172629
0.010202785823506396
0.010233240957942256
0.010263643659004194
0.01029399377093121
0.010324291138231788
0.010354535605684681
0.010384727018339712
0.010414865221518568
0.010444950060815597
0.010474981382098592
0.010504959031509569
0.01053488285546559
0.010564752700659503
0.010594568414060767
0.010624329842916221
0.010654036834750856
0.010683689237368602
0.01071328689885312
0.01074282966756856
0.010772317392160367
0.010801749921556003
0.010831127104965784
0.010860448791883614
0.010889714832087763
0.010918925075641623
0.010948079372894522
0.01097717757448243
0.011006219531328763
0.011035205094645137
0.011064134115932128
0.011093006446980034
0.011121821939869627
0.011150580446972922
0.01117928182095393
0.011207925914769403
0.011236512581669602
0.011265041675199036
0.01129351304919722
0.011321926557799414
0.011350282055437387
0.011378579396840135
0.01140681843703466
0.011434999031346677
0.011463121035401386
0.011491184305124202
0.011519188696741454
0.011547134066781197
0.011575020272073877
0.011602847169753114
0.011630614617256379
0.011658322472325799
0.011685970593008813
0.011713558837658946
0.011741087064936505
0.01176855513380931
0.011795962903553447
0.011823310233753947
0.011850596984305526
0.011877823015413284
0.011904988187593465
0.01193209236167411
0.01195913539879582
0.011986117160412438
0.012013037508291783
0.01203989630451632
0.012066693411483921
0.0120934286919085
0.012120102008820792
0.012146713225569003
0.012173262205819504
0.012199748813557582
0.012226172913088088
0.012252534369036148
0.012278833046347842
0.012305068810290937
0.012331241526455537
0.01235735106075478
0.012383397279425527
0.01240938004902906
0.01243529923645175
0.012461154708905728
0.012486946333929596
0.012512673979389094
0.012538337513477752
0.012563936804717596
0.01258947172195981
0.012614942134385408
0.012640347911505909
0.012665688923163982
0.012690965039534152
0.012716176131123429
0.012741322068771996
0.01276640272365385
0.012791417967277478
0.012816367671486507
0.012841251708460368
0.012866069950714936
0.012890822271103193
0.01291550854281589
0.012940128639382167
0.012964682434670227
0.012989169802887975
0.013013590618583665
0.013037944756646517
0.013062232092307396
0.013086452501139434
0.013110605859058665
0.013134692042324658
0.013158710927541154
0.0131826623916567
0.013206546311965285
0.013230362566106954
0.013254111032068455
0.013277791588183827
0.01330140411313507
0.013324948485952734
0.013348424586016558
0.013371832293056054
0.01339517148715117
0.013418442048732871
0.013441643858583775
0.013464776797838722
0.013487840747985437
0.013510835590865114
0.013533761208672989
0.013556617483958987
0.013579404299628324
0.013602121538942068
0.013624769085517777
0.013647346823330067
0.013669854636711222
0.0136922924103518
0.013714660029301164
0.01373695737896815
0.01375918434512161
0.013781340813890984
0.01380342667176692
0.013825441805601833
0.013847386102610496
0.0138692594503706
0.013891061736823342
0.013912792850274002
0.013934452679392521
0.013956041113214036
0.013977558041139494
0.013999003352936199
0.014020376938738357
0.014041678689047675
0.014062908494733888
0.014084066247035351
0.01410515183755957
0.014126165158283766
0.014147106101555425
0.014167974560092866
0.014188770426985757
0.014209493595695703
0.014230143960056755
0.014250721414275986
0.014271225852934
0.014291657170985498
0.014312015263759812
0.014332300026961427
0.014352511356670527
0.01437264914934352
0.014392713301813586
0.014412703711291183
0.01443262027536458
0.014452462892000388
0.014472231459544078
0.014491925876720517
0.014511546042634438
0.014531091856771023
0.014550563218996372
0.01456996002955803
0.014589282189085503
0.01460852959859076
0.01462770215946873
0.014646799773497836
0.014665822342840473
0.014684769770043512
0.014703641958038818
0.014722438810143712
0.014741160230061506
0.01475980612188197
0.014778376390081832
0.014796870939525272
0.014815289675464373
0.014833632503539683
0.01485189932978063
0.014870090060606012
0.014888204602824516
0.014906242863635148
0.014924204750627732
0.014942090171783391
0.014959899035474997
0.014977631250467667
0.014995286725919191
0.01501286537138054
0.015030367096796303
0.015047791812505163
0.015065139429240326
0.015082409858130022
0.015099603010697939
0.015116718798863667
0.015133757134943164
0.015150717931649193
0.015167601102091784
0.015184406559778665
0.015201134218615709
0.01521778399290739
0.01523435579735719
0.01525084954706806
0.015267265157542863
0.015283602544684773
0.015299861624797741
0.015316042314586909
0.015332144531159012
0.01534816819202286
0.015364113215089709
0.015379979518673705
0.015395767021492292
0.015411475642666638
0.015427105301722047
0.015442655918588361
0.01545812741360039
