0.14286400552459413
1001
0.07689888410319097
0.07677805597956781
0.07665603594186524
0.07653282588424926
0.07640842771936072
0.07628284337828552
0.07615607481052471
0.07602812398396416
0.0758989928848442
0.07576868351772843
0.07563719790547305
0.07550453808919506
0.07537070612824089
0.0752357041001542
0.0750995341006438
0.07496219824355102
0.07482369866081692
0.07468403750244924
0.07454321693648898
0.07440123914897674
0.07425810634391886
0.0741138207432531
0.07396838458681426
0.07382180013229935
0.0736740696552325
0.0735251954489298
0.07337517982446348
0.07322402511062624
0.07307173365389498
0.07291830781839442
0.07276374998586034
0.07260806255560277
0.07245124794446854
0.07229330858680391
0.07213424693441672
0.0719740654565383
0.07181276663978531
0.07165035298812088
0.07148682702281597
0.07132219128241009
0.07115644832267193
0.0709896007165598
0.07082165105418148
0.07065260194275418
0.070482456006564
0.07031121588692524
0.0701388842421393
0.06996546374745354
0.06979095709501966
0.06961536699385194
0.06943869616978522
0.06926094736543253
0.06908212334014256
0.06890222686995677
0.06872126074756638
0.06853922778226897
0.0683561307999248
0.06817197264291312
0.06798675617008788
0.06780048425673345
0.06761315979451987
0.06742478569145818
0.06723536487185504
0.06704490027626746
0.06685339486145711
0.06666085160034445
0.06646727348196257
0.0662726635114108
0.06607702470980806
0.06588036011424586
0.0656826727777414
0.06548396576918983
0.06528424217331696
0.06508350509063117
0.06488175763737523
0.06467900294547818
0.06447524416250638
0.06427048445161496
0.06406472699149846
0.06385797497634169
0.06365023161576995
0.0634415001347994
0.0632317837737869
0.06302108578837962
0.06280940944946467
0.06259675804311825
0.06238313487055455
0.062168543248074686
0.061952986507015056
0.061736467993695684
0.06151899106936831
0.06130055911016411
0.061081175507041445
0.06086084366573304
0.06063956700669325
0.06041734896504485
0.060194192990525856
0.059970102547435844
0.05974508111458216
0.05951913218522602
0.059292259267028254
0.05906446588199473
0.05883575556642189
0.05860613187084165
0.05837559835996637
0.0581441586126336
0.057911816221750345
0.057678574794237394
0.05744443795097335
0.057209409326738354
0.05697349257015769
0.05673669134364516
0.05649900932334615
0.05626045019908066
0.05602101767428598
0.05578071546595921
0.05553954730459952
0.055297516934150255
0.05505462811194083
0.05481088460862844
0.054566290208139405
0.05432084870761051
0.05407456391733009
0.05382743966067879
0.05357947977407028
0.05333068810689166
0.05308106852144372
0.05283062489288092
0.052579361109151415
0.05232728107093641
0.05207438869158987
0.051820687897077646
0.051566182625916494
0.051310876829113033
0.05105477447010228
0.05079787952468632
0.05054019598097235
0.0502817278393109
0.05002247911223376
0.04976245382439156
0.049501656012491395
0.0492400897252342
0.048977759023251695
0.04871466797904354
0.048450820676914086
0.04818622121290885
0.04792087369475108
0.04765478224177788
0.04738795098487626
0.04712038406641909
0.04685208564020071
0.04658305987137251
0.04631331093637819
0.046042843022888975
0.045771660329738624
0.04549976706685817
0.04522716745521068
0.044953865726725564
0.04467986612423307
0.04440517290139825
0.04412979032265497
0.0438537226631398
0.0435769742086255
0.04329954925545461
0.04302145211047269
0.0427426870909614
0.04246325852457165
0.04218317074925624
0.04190242811320258
0.04162103497476523
0.04133899570239812
0.04105631467458693
0.04077299627978089
0.04048904491632483
0.04020446499239076
0.03991926092590954
0.03963343714450224
0.03934699808541143
0.03905994819543226
0.038772291930843486
0.038484033757338165
0.038195178149954497
0.037905729593006234
0.03761569258001305
0.03732507161363092
0.03703387120558198
0.03674209587658478
0.03644975015628384
0.036156838583179446
0.03586336570455725
0.03556933607641756
0.03527475426340464
0.03497962483873583
0.03468395238413073
0.03438774148973975
0.0340909967540731
0.033793722783929316
0.03349592419432369
0.03319760560841677
0.03289877165744247
0.032599426980636115
0.032299576225162566
0.03199922404604398
0.03169837510608763
0.03139703407581339
0.031095205633381258
0.030792894464518886
0.030490105262448615
0.030186842727814727
0.029883111568610468
0.029578916500104954
0.029274262244769898
0.028969153532206415
0.028663595099071487
0.02835759168900453
0.028051148052553626
0.02774426894710189
0.027436959136793573
0.027129223392460003
0.026821066491545704
0.02651249321803409
0.026203508362373226
0.025894116721401447
0.025584323098272955
0.02527413230238318
0.024963549149294065
0.02465257846065954
0.024341225064150332
0.024029493793379257
0.02371738948782617
0.023404916992762675
0.023092081159177043
0.02277888684369885
0.0224653389085236
0.022151442221337213
0.021837201655240515
0.02152262208867342
0.02120770840533945
0.020892465494129677
0.020576898249047
0.020261011569130058
0.019944810358377137
0.01962829952567026
0.019311483984698643
0.01899436865388273
0.018676958456297608
0.018359258319596686
0.0180412731759352
0.01772300796189358
0.01740446761840089
0.01708565709065797
0.016766581328060852
0.016447245284123845
0.01612765391640255
0.015807812186417004
0.015487725059574655
0.015167397505093182
0.01484683449592337
0.014526041008672042
0.014205022023524574
0.01388378252416779
0.013562327497712395
0.013240661934615814
0.012918790828604318
0.012596719176595975
0.012274451978622652
0.011951994237752644
0.011629350960012916
0.011306527154311406
0.010983527832359249
0.0106603580085929
0.010337022700096437
0.010013526926523566
0.009689875710019731
0.009366074075144034
0.009042127048791506
0.008718039660114722
0.008393816940445935
0.008069463923218884
0.007744985643890809
0.007420387139863936
0.007095673450407679
0.006770849616580074
0.006445920681149726
0.006120891688517404
0.00579576768463779
0.005470553716941123
0.005145254834254795
0.004819876086725014
0.004494422525738438
0.004168899203843632
0.003843311174672814
0.003517663492863129
0.0031919612139784614
0.0028662093944307647
0.0025404130914016107
0.002214577362763675
0.0018887072670022197
0.0015628078631365753
0.0012368842106415655
0.0009109413693689834
0.000584984399469051
0.00025901836131173896
-0.00006695168459161032
-0.00039292067766690826
-0.000718883557356003
-0.0010448352631951211
-0.0013707707348934043
-0.0016966849124116117
-0.002022572736040562
-0.002348429146479752
-0.002674249084915767
-0.0030000274931010857
-0.003325759313432317
-0.003651439489028918
-0.003977062963811571
-0.004302624682580838
-0.004628119591095455
-0.004953542636150926
-0.0052788887656579795
-0.005604152928720921
-0.00592933007571612
-0.006254415158370318
-0.006579403129839127
-0.006904288944785322
-0.007229067559457125
-0.0075537339317665545
-0.007878283021367727
-0.008202709789735094
-0.008527009200241619
-0.008851176218237014
-0.009175205811125903
-0.009499092948445975
-0.009822832601945997
-0.010146419745664015
-0.010469849356005223
-0.010793116411820054
-0.01111621589448216
-0.011439142787966247
-0.011761892078926035
-0.012084458756771927
-0.012406837813749015
-0.012729024245014722
-0.013051013048716418
-0.013372799226069243
-0.013694377781433608
-0.014015743722392816
-0.014336892059830436
-0.014657817808007888
-0.01497851598464192
-0.015298981610981706
-0.01561920971188637
-0.015939195315902124
-0.01625893345533948
-0.016578419166350326
-0.0168976474890051
-0.017216613467369652
-0.01753531214958231
-0.017853738587930646
-0.01817188783892847
-0.018489754963392283
-0.018807335026518286
-0.01912462309795876
-0.01944161425189869
-0.01975830356713231
-0.02007468612713936
-0.020390757020161507
-0.020706511339278654
-0.02102194418248491
-0.021337050652765047
-0.02165182585817008
-0.02196626491189366
-0.022280362932347624
-0.02259411504323788
-0.022907516373640167
-0.023220562058075694
-0.023533247236586535
-0.023845567054811154
-0.024157516664059835
-0.02446909122138989
-0.02478028588968082
-0.025091095837709555
-0.02540151624022529
-0.025711542278024472
-0.02602116913802562
-0.02633039201334398
-0.026639206103366363
-0.026947606613825406
-0.027255588756874154
-0.027563147751160415
-0.027870278821900882
-0.028176977200955328
-0.028483238126900675
-0.028789056845104816
-0.02909442860780051
-0.029399348674159012
-0.029703812310363894
-0.030007814789684128
-0.03031135139254789
-0.0306144174066156
-0.030917008126853204
-0.031219118855605053
-0.03152074490266702
-0.031821881585359216
-0.032122524228598626
-0.03242266816497189
-0.03272230873480761
-0.03302144128624876
-0.03332006117532479
-0.033618163766023924
-0.03391574443036496
-0.034212798548469175
-0.03450932150863208
-0.034805308707395025
-0.03510075554961665
-0.03539565744854414
-0.0356900098258846
-0.03598380811187596
-0.03627704774535815
-0.03656972417384361
-0.03686183285358824
-0.03715336924966182
-0.03744432883601833
-0.03773470709556651
-0.03802449952023958
-0.03831370161106563
-0.038602308878237186
-0.03889031684118101
-0.039177721028627724
-0.03946451697868116
-0.03975070023888753
-0.04003626636630481
-0.04032121092757152
-0.04060552949897557
-0.040889217666522995
-0.0411722710260065
-0.04145468518307381
-0.04173645575329575
-0.04201757836223455
-0.04229804864551166
-0.042577862248875505
-0.042857014828269015
-0.043135502049897266
-0.043413319590294534
-0.04369046313639147
-0.04396692838558231
-0.04424271104579127
-0.04451780683553951
-0.04479221148401142
-0.04506592073112105
-0.04533893032757812
-0.045611236034954095
-0.04588283362574794
-0.0461537188834518
-0.046423887602616384
-0.046693335588916356
-0.04696205865921529
-0.04723005264163085
-0.047497313375599336
-0.047763836711940386
-0.048029618512921465
-0.04829465465232197
-0.04855894101549726
-0.04882247349944277
-0.049085248012857394
-0.04934726047620735
-0.04960850682178915
-0.0498689829937931
-0.05012868494836606
-0.05038760865367416
-0.05064575008996565
-0.05090310524963312
-0.05115967013727575
-0.05141544076976139
-0.05167041317628832
-0.05192458339844699
-0.052177947490281366
-0.05243050151835027
-0.052682241561788544
-0.052933163712367656
-0.0531832640745566
-0.053432538765582384
-0.05368098391549009
-0.05392859566720313
-0.054175370176583214
-0.05442130361248985
-0.05466639215683988
-0.05491063200466674
-0.055154019364179664
-0.05539655045682236
-0.05563822151733174
-0.05587902879379655
-0.05611896854771528
-0.05635803705405457
-0.05659623060130677
-0.05683354549154765
-0.057069978040493935
-0.05730552457756021
-0.0575401814459163
-0.057773945002543715
-0.05800681161829233
-0.0582387776779368
-0.05846983958023247
-0.058699993737971586
-0.05892923657803876
-0.05915756454146658
-0.05938497408349068
-0.059611461673605017
-0.05983702379561653
-0.06006165694769965
-0.060285357642450986
-0.06050812240694308
-0.06072994778277865
-0.060950830326144026
-0.06117076660786278
-0.06138975321344891
-0.061607786743159865
-0.061824863812049345
-0.06204098105001976
-0.06225613510187468
-0.06247032262737086
-0.06268354030127012
-0.06289578481339084
-0.06310705286865965
-0.06331734118716224
-0.06352664650419464
-0.06373496557031351
-0.06394229515138691
-0.0641486320286443
-0.0643539729987268
-0.06455831487373648
-0.06476165448128628
-0.06496398866454908
-0.06516531428230658
-0.0653656282089984
-0.06556492733477019
-0.06576320856552237
-0.0659604688229577
-0.06615670504462953
-0.06635191418398897
-0.0665460932104324
-0.06673923910934836
-0.06693134888216463
-0.06712241954639445
-0.06731244813568306
-0.06750143169985366
-0.06768936730495322
-0.06787625203329806
-0.06806208298351908
-0.06824685727060696
-0.06843057202595663
-0.06861322439741231
-0.0687948115493113
-0.06897533066252831
-0.06915477893451896
-0.06933315357936373
-0.06951045182781065
-0.06968667092731876
-0.06986180814210063
-0.07003586075316494
-0.07020882605835846
-0.07038070137240826
-0.07055148402696339
-0.07072117137063609
-0.07088976076904313
-0.07105724960484669
-0.07122363527779504
-0.0713889152047627
-0.0715530868197908
-0.07171614757412678
-0.07187809493626401
-0.072038926391981
-0.0721986394443806
-0.07235723161392858
-0.07251470043849231
-0.07267104347337881
-0.07282625829137289
-0.07298034248277463
-0.07313329365543692
-0.07328510943480265
-0.0734357874639414
-0.07358532540358619
-0.07373372093216975
-0.0738809717458605
-0.07402707555859847
-0.07417203010213061
-0.07431583312604609
-0.0744584823978113
-0.07459997570280442
-0.07474031084434987
-0.07487948564375232
-0.07501749794033064
-0.0751543455914513
-0.07529002647256183
-0.0754245384772236
-0.07555787951714464
-0.0756900475222121
-0.07582104044052423
-0.07595085623842242
-0.07607949290052261
-0.07620694842974673
-0.0763332208473536
-0.0764583081929697
-0.07658220852461957
-0.07670491991875608
-0.07682644047029001
-0.07694676829262005
-0.0770659015176616
-0.07718383829587624
-0.07730057679630012
-0.0774161152065726
-0.07753045173296418
-0.0776435846004045
-0.07775551205250995
-0.0778662323516106
-0.07797574377877776
-0.07808404463385005
-0.07819113323546023
-0.07829700792106115
-0.0784016670469515
-0.07850510898830146
-0.07860733213917777
-0.07870833491256887
-0.07880811574040938
-0.07890667307360447
-0.07900400538205392
-0.079100111154676
-0.07919498889943066
-0.07928863714334294
-0.07938105443252579
-0.0794722393322025
-0.07956219042672921
-0.07965090631961665
-0.07973838563355194
-0.07982462701042009
-0.07990962911132483
-0.07999339061660958
-0.08007591022587789
-0.08015718665801362
-0.08023721865120084
-0.08031600496294346
-0.0803935443700844
-0.08046983566882475
-0.08054487767474232
-0.08061866922281007
-0.08069120916741425
-0.08076249638237212
-0.08083252976094953
-0.08090130821587788
-0.08096883067937133
-0.08103509610314309
-0.08110010345842186
-0.08116385173596774
-0.08122633994608791
-0.08128756711865198
-0.08134753230310715
-0.08140623456849275
-0.08146367300345501
-0.08151984671626088
-0.0815747548348121
-0.08162839650665865
-0.08168077089901205
-0.08173187719875814
-0.08178171461246996
-0.08183028236641977
-0.08187757970659132
-0.0819236058986914
-0.08196836022816127
-0.08201184200018787
-0.08205405053971437
-0.08209498519145092
-0.08213464531988462
-0.08217303030928949
-0.08221013956373605
-0.08224597250710043
-0.08228052858307353
-0.08231380725516946
-0.08234580800673398
-0.08237653034095249
-0.08240597378085779
-0.08243413786933733
-0.08246102216914054
-0.08248662626288544
-0.08251094975306524
-0.08253399226205439
-0.08255575343211452
-0.08257623292540003
-0.08259543042396321
-0.08261334562975935
-0.08262997826465117
-0.08264532807041335
-0.08265939480873635
-0.08267217826123024
-0.08268367822942804
-0.08269389453478879
-0.08270282701870037
-0.08271047554248188
-0.08271683998738591
-0.0827219202546003
-0.08272571626524966
-0.0827282279603967
-0.082729455301043
-0.0827293982681298
-0.08272805686253813
-0.08272543110508884
-0.08272152103654229
-0.08271632671759778
-0.08270984822889256
-0.08270208567100049
-0.08269303916443069
-0.08268270884962539
-0.08267109488695801
-0.08265819745673053
-0.08264401675917074
-0.08262855301442912
-0.08261180646257538
-0.08259377736359483
-0.08257446599738426
-0.0825538726637476
-0.08253199768239136
-0.08250884139291954
-0.08248440415482845
-0.0824586863475011
-0.08243168837020128
-0.08240341064206738
-0.08237385360210596
-0.08234301770918478
-0.08231090344202587
-0.08227751129919791
-0.08224284179910862
-0.08220689547999663
-0.08216967289992319
-0.08213117463676352
-0.08209140128819772
-0.08205035347170157
-0.08200803182453706
-0.08196443700374229
-0.08191956968612131
-0.08187343056823382
-0.08182602036638406
-0.08177733981660995
-0.08172738967467143
-0.08167617071603893
-0.0816236837358812
-0.0815699295490531
-0.0815149089900827
-0.08145862291315865
-0.08140107219211667
-0.08134225772042611
-0.08128218041117596
-0.08122084119706088
-0.0811582410303665
-0.08109438088295479
-0.08102926174624886
-0.08096288463121767
-0.0808952505683603
-0.08082636060768987
-0.08075621581871742
-0.08068481729043508
-0.08061216613129937
-0.08053826346921386
-0.08046311045151175
-0.08038670824493793
-0.080309058035631
-0.08023016102910484
-0.0801500184502298
-0.08006863154321381
-0.07998600157158292
-0.07990212981816179
-0.07981701758505379
-0.07973066619362068
-0.07964307698446225
-0.07955425131739531
-0.07946419057143278
-0.07937289614476215
-0.07928036945472376
-0.07918661193778898
-0.07909162504953764
-0.07899541026463566
-0.07889796907681203
-0.0787993029988357
-0.07869941356249197
-0.07859830231855895
-0.0784959708367831
-0.0783924207058553
-0.07828765353338586
-0.07818167094587972
-0.07807447458871113
-0.07796606612609809
-0.07785644724107674
-0.0777456196354748
-0.07763358502988557
-0.07752034516364094
-0.0774059017947846
-0.07729025670004454
-0.07717341167480565
-0.0770553685330817
-0.07693612910748729
-0.07681569524920927
-0.07669406882797813
-0.076571251732039
-0.07644724586812215
-0.07632205316141358
-0.07619567555552494
-0.0760681150124636
-0.07593937351260198
-0.07580945305464688
-0.07567835565560851
-0.07554608335076908
-0.07541263819365122
-0.07527802225598615
-0.07514223762768148
-0.0750052864167888
-0.07486717074947087
-0.07472789276996875
-0.07458745464056833
-0.07444585854156699
-0.07430310667123943
-0.07415920124580393
-0.07401414449938765
-0.07386793868399205
-0.07372058606945796
-0.07357208894343024
-0.07342244961132242
-0.07327167039628064
-0.07311975363914801
-0.07296670169842777
-0.07281251695024715
-0.07265720178832002
-0.07250075862391021
-0.07234318988579362
-0.07218449802022084
-0.07202468549087904
-0.07186375477885366
-0.0717017083825901
-0.07153854881785462
-0.07137427861769564
-0.07120890033240417
-0.07104241652947428
-0.07087482979356313
-0.07070614272645125
-0.07053635794700151
-0.07036547809111905
-0.07019350581171009
-0.07002044377864063
-0.06984629467869524
-0.0696710612155353
-0.06949474610965688
-0.06931735209834868
-0.0691388819356493
-0.06895933839230485
-0.06877872425572554
-0.06859704232994275
-0.06841429543556517
-0.06823048640973535
-0.06804561810608532
-0.06785969339469249
-0.06767271516203519
-0.06748468631094742
-0.06729560976057446
-0.06710548844632684
-0.06691432531983532
-0.06672212334890469
-0.06652888551746794
-0.06633461482553984
-0.0661393142891704
-0.06594298694039791
-0.06574563582720208
-0.06554726401345659
-0.06534787457888146
-0.0651474706189955
-0.06494605524506782
-0.06474363158407018
-0.06454020277862767
-0.06433577198697046
-0.06413034238288466
-0.0639239171556629
-0.06371649951005497
-0.06350809266621792
-0.06329869985966635
-0.0630883243412218
-0.06287696937696259
-0.06266463824817285
-0.062451334251291846
-0.0622370606978627
-0.06202182091448078
-0.06180561824274254
-0.061588456039192996
-0.06137033767527414
-0.061151266537272334
-0.060931246026265914
-0.06071027955807225
-0.060488370563194595
-0.06026552248676925
-0.06004173878851166
-0.05981702294266294
-0.05959137843793569
-0.059364808777460205
-0.05913731747872977
-0.058908908073546165
-0.0586795841079649
-0.058449349142240016
-0.05821820675076893
-0.05798616052203683
-0.057753214058561285
-0.057519370976835696
-0.05728463490727378
-0.057049009494152925
-0.05681249839555757
-0.05657510528332249
-0.05633683384297579
-0.05609768777368181
-0.05585767078818333
-0.05561678661274435
-0.05537503898709193
-0.0551324316643584
-0.05488896841102279
-0.05464465300685268
-0.05439948924484517
-0.05415348093116832
-0.05390663188510189
-0.053658945938977964
-0.05341042693812176
-0.05316107874079154
-0.052910905218119066
-0.052659910254049196
-0.05240809774527979
-0.05215547160120125
-0.05190203574383552
-0.05164779410777555
-0.05139275064012403
-0.05113690930043223
-0.0508802740606383
-0.05062284890500588
-0.050364637830061953
-0.050105644844535155
-0.04984587396929318
-0.04958532923728074
-0.04932401469345659
-0.04906193439473075
-0.04879909240990194
-0.04853549281959385
-0.04827113971619223
-0.04800603720378109
-0.04774018939807924
-0.047473600426375974
-0.047206274427467436
-0.04693821555159217
-0.04666942796036658
-0.046399915826720595
-0.04612968333483261
-0.04585873468006479
-0.04558707406889752
-0.04531470571886471
-0.0450416338584878
-0.044767862727210166
-0.044493396575331676
-0.044218239663942345
-0.04394239626485628
-0.04366587066054541
-0.043388667144072884
-0.04311079001902665
-0.04283224359945226
-0.04255303220978648
-0.04227316018478932
-0.04199263186947781
-0.04171145161905742
-0.04142962379885519
-0.041147152784251795
-0.040864042960613446
-0.040580298723224065
-0.04029592447721676
-0.04001092463750567
-0.039725303628717394
-0.03943906588512223
-0.039152215850564984
-0.03886475797839709
-0.038576696731406006
-0.03828803658174694
-0.03799878201087323
-0.03770893750946655
-0.03741850757736717
-0.03712749672350446
-0.03683590946582663
-0.03654375033123046
-0.03625102385549137
-0.0359577345831926
-0.03566388706765524
-0.03536948587086664
-0.03507453556341063
-0.03477904072439567
-0.034483005941384384
-0.034186435810321825
-0.03388933493546475
-0.033591707929309496
-0.033293559412520574
-0.03299489401385937
-0.03269571637011155
-0.03239603112601563
-0.03209584293419067
-0.031795156455064116
