0.07295183260830337
1001
-0.0049177406839957605
-0.004931235734352435
-0.004944710786221917
-0.00495816578515841
-0.004971600676797473
-0.004985015406856238
-0.004998409921133628
-0.005011784165510574
-0.005025138085950229
-0.005038471628498185
-0.005051784739282685
-0.0050650773645148405
-0.005078349450488847
-0.005091600943582198
-0.005104831790255894
-0.005118041937054665
-0.005131231330607174
-0.005144399917626239
-0.005157547644909035
-0.0051706744593373235
-0.0051837803078776425
-0.005196865137581534
-0.005209928895585751
-0.005222971529112471
-0.005235992985469495
-0.005248993212050475
-0.005261972156335111
-0.005274929765889367
-0.005287865988365678
-0.005300780771503158
-0.005313674063127814
-0.005326545811152746
-0.0053393959635783615
-0.005352224468492581
-0.005365031274071042
-0.005377816328577318
-0.005390579580363104
-0.005403320977868446
-0.005416040469621929
-0.005428738004240891
-0.00544141353043163
-0.005454066996989602
-0.0054666983527996305
-0.005479307546836109
-0.005491894528163203
-0.005504459245935062
-0.005517001649396009
-0.005529521687880755
-0.005542019310814594
-0.005554494467713613
-0.005566947108184883
-0.005579377181926669
-0.005591784638728627
-0.005604169428472008
-0.005616531501129852
-0.0056288708067671975
-0.005641187295541273
-0.005653480917701696
-0.005665751623590676
-0.005677999363643217
-0.005690224088387302
-0.005702425748444108
-0.005714604294528185
-0.005726759677447669
-0.00573889184810447
-0.005751000757494473
-0.005763086356707728
-0.005775148596928651
-0.005787187429436217
-0.005799202805604153
-0.005811194676901138
-0.005823162994890993
-0.005835107711232874
-0.005847028777681465
-0.005858926146087178
-0.005870799768396335
-0.005882649596651369
-0.005894475582991013
-0.005906277679650487
-0.005918055838961696
-0.005929810013353416
-0.005941540155351489
-0.005953246217579007
-0.005964928152756506
-0.005976585913702153
-0.0059882194533319374
-0.005999828724659855
-0.0060114136807981
-0.006022974274957255
-0.006034510460446466
-0.00604602219067365
-0.006057509419145657
-0.006068972099468477
-0.0060804101853474115
-0.006091823630587273
-0.006103212389092553
-0.00611457641486762
-0.0061259156620169
-0.006137230084745053
-0.0061485196373571695
-0.00615978427425894
-0.006171023949956852
-0.006182238619058357
-0.006193428236272063
-0.006204592756407915
-0.006215732134377368
-0.0062268463251935755
-0.006237935283971573
-0.006248998965928439
-0.006260037326383501
-0.006271050320758496
-0.006282037904577757
-0.006293000033468378
-0.006303936663160417
-0.00631484774948705
-0.006325733248384758
-0.006336593115893502
-0.006347427308156902
-0.006358235781422406
-0.006369018492041472
-0.006379775396469746
-0.006390506451267219
-0.006401211613098424
-0.006411890838732594
-0.006422544085043841
-0.006433171309011327
-0.006443772467719442
-0.006454347518357967
-0.006464896418222252
-0.006475419124713387
-0.0064859155953383716
-0.006496385787710282
-0.006506829659548447
-0.006517247168678616
-0.006527638273033123
-0.006538002930651063
-0.006548341099678454
-0.006558652738368412
-0.00656893780508131
-0.006579196258284952
-0.006589428056554732
-0.0065996331585738074
-0.006609811523133267
-0.006619963109132286
-0.006630087875578295
-0.006640185781587157
-0.0066502567863833024
-0.0066603008492999325
-0.006670317929779143
-0.006680307987372114
-0.006690270981739262
-0.0067002068726504
-0.006710115619984908
-0.00671999718373188
-0.006729851523990299
-0.006739678600969189
-0.0067494783749877775
-0.0067592508064756515
-0.0067689958559729235
-0.006778713484130379
-0.0067884036517096465
-0.006798066319583346
-0.006807701448735251
-0.006817309000260446
-0.006826888935365479
-0.006836441215368512
-0.006845965801699497
-0.006855462655900303
-0.006864931739624901
-0.006874373014639483
-0.006883786442822646
-0.006893171986165532
-0.006902529606771984
-0.0069118592668586925
-0.00692116092875535
-0.0069304345549048105
-0.006939680107863226
-0.006948897550300215
-0.0069580868449989905
-0.006967247954856527
-0.006976380842883705
-0.00698548547220546
-0.00699456180606092
-0.007003609807803576
-0.007012629440901406
-0.007021620668937035
-0.00703058345560788
-0.007039517764726293
-0.007048423560219707
-0.007057300806130782
-0.00706614946661755
-0.007074969505953558
-0.007083760888528016
-0.007092523578845931
-0.007101257541528258
-0.007109962741312039
-0.007118639143050546
-0.007127286711713421
-0.00713590541238682
-0.007144495210273549
-0.007153056070693206
-0.007161587959082323
-0.007170090840994501
-0.00717856468210055
-0.0071870094481886315
-0.007195425105164384
-0.007203811619051082
-0.0072121689559897445
-0.007220497082239296
-0.007228795964176692
-0.0072370655682970466
-0.007245305861213783
-0.00725351680965876
-0.007261698380482404
-0.007269850540653844
-0.007277973257261049
-0.007286066497510953
-0.007294130228729596
-0.007302164418362246
-0.007310169033973536
-0.007318144043247595
-0.007326089413988172
-0.007334005114118776
-0.007341891111682795
-0.007349747374843633
-0.007357573871884831
-0.007365370571210198
-0.007373137441343941
-0.007380874450930785
-0.007388581568736112
-0.007396258763646067
-0.0074039060046677055
-0.0074115232609290975
-0.0074191105016794745
-0.007426667696289327
-0.007434194814250553
-0.007441691825176568
-0.0074491586988024204
-0.007456595404984937
-0.00746400191370282
-0.007471378195056778
-0.007478724219269653
-0.007486039956686534
-0.007493325377774865
-0.007500580453124589
-0.0075078051534482465
-0.0075149994495811055
-0.00752216331248127
-0.007529296713229799
-0.007536399623030835
-0.007543472013211698
-0.007550513855223026
-0.007557525120638868
-0.007564505781156812
-0.007571455808598095
-0.007578375174907721
-0.007585263852154571
-0.0075921218125315085
-0.007598949028355505
-0.00760574547206774
-0.007612511116233721
-0.007619245933543394
-0.007625949896811239
-0.007632622978976405
-0.007639265153102796
-0.007645876392379196
-0.00765245667011936
-0.007659005959762146
-0.007665524234871594
-0.007672011469137062
-0.007678467636373304
-0.007684892710520596
-0.007691286665644834
-0.007697649475937638
-0.007703981115716456
-0.007710281559424675
-0.007716550781631706
-0.0077227887570331145
-0.007728995460450698
-0.007735170866832597
-0.007741314951253395
-0.00774742768891423
-0.007753509055142877
-0.007759559025393852
-0.007765577575248524
-0.007771564680415202
-0.007777520316729236
-0.007783444460153107
-0.007789337086776543
-0.007795198172816602
-0.007801027694617763
-0.007806825628652038
-0.007812591951519052
-0.00781832663994615
-0.007824029670788478
-0.00782970102102909
-0.007835340667779033
-0.007840948588277436
-0.007846524759891614
-0.007852069160117152
-0.007857581766577993
-0.007863062557026538
-0.007868511509343725
-0.00787392860153913
-0.007879313811751045
-0.007884667118246569
-0.007889988499421708
-0.007895277933801447
-0.007900535400039837
-0.0079057608769201
-0.007910954343354693
-0.007916115778385404
-0.007921245161183437
-0.007926342471049489
-0.007931407687413851
-0.00793644078983647
-0.007941441758007038
-0.007946410571745091
-0.00795134721100007
-0.007956251655851409
-0.007961123886508614
-0.007965963883311349
-0.007970771626729514
-0.007975547097363323
-0.007980290275943377
-0.00798500114333075
-0.00798967968051706
-0.007994325868624556
-0.007998939688906184
-0.008003521122745666
-0.008008070151657583
-0.008012586757287433
-0.008017070921411724
-0.008021522625938042
-0.00802594185290512
-0.008030328584482903
-0.008034682802972643
-0.008039004490806955
-0.008043293630549888
-0.008047550204897003
-0.00805177419667544
-0.00805596558884398
-0.008060124364493132
-0.008064250506845184
-0.008068343999254279
-0.008072404825206476
-0.008076432968319837
-0.00808042841234447
-0.008084391141162599
-0.008088321138788643
-0.00809221838936927
-0.008096082877183464
-0.008099914586642585
-0.008103713502290442
-0.008107479608803347
-0.008111212890990179
-0.008114913333792448
-0.008118580922284353
-0.008122215641672852
-0.008125817477297702
-0.008129386414631543
-0.00813292243927994
-0.008136425536981452
-0.008139895693607669
-0.00814333289516331
-0.008146737127786238
-0.00815010837774754
-0.008153446631451572
-0.008156751875436026
-0.008160024096371971
-0.008163263281063917
-0.008166469416449868
-0.00816964248960137
-0.008172782487723565
-0.008175889398155249
-0.008178963208368912
-0.008182003905970804
-0.008185011478700975
-0.008187985914433328
-0.008190927201175662
-0.00819383532706974
-0.008196710280391314
-0.00819955204955018
-0.008202360623090238
-0.008205135989689527
-0.00820787813816027
-0.008210587057448924
-0.00821326273663622
-0.008215905164937221
-0.00821851433170135
-0.00822109022641244
-0.008223632838688778
-0.008226142158283148
-0.00822861817508287
-0.00823106087910984
-0.00823347026052058
-0.008235846309606266
-0.00823818901679277
-0.008240498372640712
-0.008242774367845486
-0.008245016993237295
-0.008247226239781198
-0.00824940209857715
-0.008251544560860018
-0.008253653617999648
-0.00825572926150087
-0.008257771483003551
-0.008259780274282626
-0.008261755627248126
-0.008263697533945217
-0.008265605986554235
-0.008267480977390705
-0.008269322498905395
-0.008271130543684316
-0.008272905104448783
-0.008274646174055428
-0.008276353745496236
-0.008278027811898566
-0.008279668366525182
-0.008281275402774296
-0.008282848914179568
-0.008284388894410157
-0.00828589533727073
-0.008287368236701498
-0.008288807586778238
-0.00829021338171231
-0.0082915856158507
-0.008292924283676024
-0.008294229379806556
-0.008295500898996255
-0.008296738836134786
-0.008297943186247535
-0.008299113944495642
-0.008300251106176
-0.008301354666721295
-0.008302424621700019
-0.008303460966816481
-0.00830446369791084
-0.008305432810959103
-0.008306368302073156
-0.008307270167500777
-0.00830813840362565
-0.008308973006967379
-0.008309773974181507
-0.008310541302059531
-0.0083112749875289
-0.008311975027653054
-0.008312641419631412
-0.008313274160799404
-0.008313873248628464
-0.008314438680726052
-0.00831497045483566
-0.00831546856883683
-0.00831593302074515
-0.008316363808712266
-0.008316760931025905
-0.008317124386109858
-0.008317454172524004
-0.008317750288964315
-0.00831801273426285
-0.008318241507387778
-0.008318436607443365
-0.008318598033669996
-0.008318725785444164
-0.008318819862278476
-0.008318880263821661
-0.008318906989858566
-0.008318900040310167
-0.008318859415233556
-0.00831878511482195
-0.008318677139404691
-0.008318535489447243
-0.00831836016555119
-0.008318151168454236
-0.008317908499030201
-0.008317632158289021
-0.008317322147376741
-0.00831697846757551
-0.008316601120303581
-0.008316190107115306
-0.008315745429701121
-0.008315267089887552
-0.0083147550896372
-0.008314209431048738
-0.0083136301163569
-0.008313017147932472
-0.008312370528282289
-0.008311690260049218
-0.008310976346012156
-0.008310228789086006
-0.008309447592321682
-0.008308632758906082
-0.008307784292162093
-0.008306902195548561
-0.008305986472660287
-0.008305037127228012
-0.008304054163118392
-0.00830303758433401
-0.00830198739501333
-0.008300903599430693
-0.00829978620199631
-0.008298635207256221
-0.008297450619892312
-0.008296232444722258
-0.008294980686699533
-0.008293695350913368
-0.008292376442588758
-0.008291023967086423
-0.008289637929902779
-0.008288218336669942
-0.008286765193155682
-0.008285278505263415
-0.008283758279032168
-0.008282204520636573
-0.00828061723638682
-0.008278996432728645
-0.008277342116243308
-0.008275654293647558
-0.00827393297179361
-0.00827217815766912
-0.008270389858397157
-0.008268568081236162
-0.008266712833579942
-0.00826482412295763
-0.008262901957033641
-0.00826094634360767
-0.008258957290614636
-0.00825693480612466
-0.008254878898343039
-0.0082527895756102
-0.008250666846401685
-0.008248510719328092
-0.00824632120313507
-0.008244098306703264
-0.008241842039048276
-0.008239552409320651
-0.008237229426805825
-0.008234873100924089
-0.00823248344123055
-0.008230060457415103
-0.008227604159302382
-0.00822511455685172
-0.008222591660157128
-0.008220035479447226
-0.008217446025085224
-0.008214823307568866
-0.008212167337530408
-0.008209478125736549
-0.008206755683088415
-0.008204000020621497
-0.008201211149505607
-0.00819838908104485
-0.008195533826677556
-0.008192645397976256
-0.00818972380664762
-0.008186769064532418
-0.00818378118360547
-0.008180760175975601
-0.008177706053885585
-0.008174618829712111
-0.008171498515965709
-0.008168345125290733
-0.00816515867046528
-0.00816193916440115
-0.00815868662014381
-0.008155401050872304
-0.008152082469899251
-0.008148730890670744
-0.008145346326766318
-0.008141928791898905
-0.008138478299914763
-0.008134994864793422
-0.008131478500647637
-0.008127929221723321
-0.0081243470423995
-0.008120731977188241
-0.008117084040734607
-0.00811340324781659
-0.008109689613345055
-0.008105943152363687
-0.008102163880048904
-0.00809835181170984
-0.008094506962788243
-0.008090629348858435
-0.00808671898562724
-0.008082775888933932
-0.008078800074750156
-0.00807479155917988
-0.00807075035845932
-0.008066676488956872
-0.008062569967173059
-0.008058430809740457
-0.00805425903342363
-0.00805005465511905
-0.008045817691855061
-0.008041548160791773
-0.00803724607922102
-0.00803291146456628
-0.008028544334382598
-0.008024144706356543
-0.008019712598306099
-0.008015248028180618
-0.008010751014060747
-0.008006221574158345
-0.00800165972681642
-0.007997065490509044
-0.007992438883841295
-0.007987779925549167
-0.0079830886344995
-0.007978365029689913
-0.007973609130248705
-0.007968820955434804
-0.007964000524637676
-0.007959147857377249
-0.007954262973303834
-0.007949345892198046
-0.007944396633970733
-0.007939415218662874
-0.007934401666445526
-0.007929355997619727
-0.007924278232616412
-0.007919168391996344
-0.007914026496450012
-0.007908852566797575
-0.007903646623988752
-0.007898408689102744
-0.007893138783348165
-0.007887836928062938
-0.00788250314471422
-0.007877137454898311
-0.007871739880340567
-0.007866310442895312
-0.007860849164545759
-0.007855356067403906
-0.007849831173710464
-0.00784427450583475
-0.007838686086274617
-0.007833065937656342
-0.007827414082734551
-0.007821730544392124
-0.007816015345640094
-0.007810268509617568
-0.007804490059591624
-0.007798680018957221
-0.007792838411237103
-0.007786965260081712
-0.007781060589269078
-0.007775124422704738
-0.007769156784421629
-0.00776315769858
-0.007757127189467311
-0.007751065281498128
-0.00774497199921404
-0.0077388473672835465
-0.007732691410501969
-0.007726504153791337
-0.007720285622200303
-0.007714035840904031
-0.007707754835204104
-0.007701442630528413
-0.007695099252431058
-0.007688724726592249
-0.007682319078818201
-0.0076758823350410186
-0.007669414521318614
-0.007662915663834582
-0.007656385788898104
-0.00764982492294384
-0.007643233092531821
-0.007636610324347342
-0.007629956645200859
-0.00762327208202788
-0.007616556661888845
-0.007609810411969036
-0.007603033359578449
-0.0075962255321517
-0.007589386957247899
-0.007582517662550555
-0.00757561767586745
-0.00756868702513054
-0.007561725738395829
-0.007554733843843263
-0.007547711369776624
-0.007540658344623399
-0.0075335747969346775
-0.007526460755385034
-0.007519316248772412
-0.007512141306018011
-0.007504935956166158
-0.007497700228384209
-0.0074904341519624095
-0.007483137756313804
-0.007475811070974085
-0.007468454125601509
-0.0074610669499767385
-0.00745364957400276
-0.007446202027704736
-0.007438724341229897
-0.007431216544847411
-0.007423678668948276
-0.0074161107440451806
-0.007408512800772395
-0.007400884869885633
-0.007393226982261947
-0.007385539168899582
-0.007377821460917866
-0.007370073889557084
-0.00736229648617834
-0.007354489282263445
-0.007346652309414776
-0.0073387855993551675
-0.007330889183927757
-0.007322963095095884
-0.007315007364942942
-0.007307022025672257
-0.007299007109606954
-0.007290962649189839
-0.007282888676983249
-0.007274785225668924
-0.007266652328047894
-0.007258490017040324
-0.007250298325685399
-0.007242077287141173
-0.00723382693468445
-0.007225547301710646
-0.007217238421733649
-0.007208900328385686
-0.0072005330554171946
-0.007192136636696675
-0.007183711106210563
-0.007175256498063086
-0.007166772846476134
-0.007158260185789108
-0.007149718550458799
-0.007141147975059226
-0.007132548494281524
-0.007123920142933784
-0.007115262955940915
-0.007106576968344515
-0.007097862215302706
-0.007089118732090028
-0.007080346554097255
-0.007071545716831285
-0.007062716255914988
-0.007053858207087043
-0.007044971606201826
-0.007036056489229239
-0.007027112892254581
-0.007018140851478389
-0.007009140403216305
-0.007000111583898917
-0.006991054430071627
-0.006981968978394485
-0.00697285526564206
-0.006963713328703271
-0.006954543204581262
-0.006945344930393228
-0.006936118543370287
-0.006926864080857315
-0.006917581580312799
-0.006908271079308685
-0.006898932615530238
-0.006889566226775865
-0.006880171950956991
-0.0068707498260978835
-0.006861299890335507
-0.00685182218191938
-0.006842316739211398
-0.006832783600685696
-0.006823222804928491
-0.0068136343906379186
-0.006804018396623876
-0.006794374861807889
-0.006784703825222915
-0.006775005326013217
-0.0067652794034341966
-0.006755526096852229
-0.006745745445744513
-0.006735937489698904
-0.006726102268413767
-0.00671623982169779
-0.006706350189469859
-0.006696433411758863
-0.006686489528703554
-0.006676518580552381
-0.006666520607663317
-0.00665649565050371
-0.006646443749650114
-0.0066363649457881185
-0.006626259279712191
-0.006616126792325517
-0.00660596752463982
-0.0065957815177752135
-0.00658556881296002
-0.006575329451530613
-0.006565063474931245
-0.006554770924713887
-0.006544451842538055
-0.006534106270170638
-0.006523734249485749
-0.006513335822464516
-0.006502911031194962
-0.006492459917871795
-0.006481982524796264
-0.006471478894375966
-0.006460949069124691
-0.006450393091662247
-0.006439811004714283
-0.006429202851112122
-0.006418568673792584
-0.006407908515797808
-0.006397222420275088
-0.006386510430476696
-0.006375772589759705
-0.006365008941585813
-0.006354219529521166
-0.006343404397236192
-0.006332563588505413
-0.006321697147207265
-0.006310805117323942
-0.006299887542941198
-0.006288944468248166
-0.006277975937537206
-0.006266981995203696
-0.006255962685745873
-0.006244918053764632
-0.006233848143963376
-0.006222753001147804
-0.006211632670225752
-0.006200487196207009
-0.006189316624203118
-0.006178120999427211
-0.006166900367193819
-0.006155654772918697
-0.006144384262118627
-0.006133088880411242
-0.006121768673514843
-0.006110423687248216
-0.006099053967530431
-0.006087659560380684
-0.006076240511918076
-0.006064796868361464
-0.006053328676029244
-0.006041835981339186
-0.006030318830808226
-0.00601877727105229
-0.006007211348786107
-0.00599562111082302
-0.005984006604074785
-0.00597236787555139
-0.0059607049723608765
-0.005949017941709125
-0.005937306830899683
-0.005925571687333564
-0.005913812558509068
-0.005902029492021565
-0.005890222535563326
-0.0058783917369233316
-0.0058665371439870564
-0.005854658804736302
-0.0058427567672489685
-0.005830831079698901
-0.005818881790355672
-0.005806908947584383
-0.005794912599845478
-0.005782892795694548
-0.005770849583782127
-0.005758783012853505
-0.005746693131748519
-0.005734579989401374
-0.005722443634840416
-0.00571028411718797
-0.005698101485660107
-0.005685895789566477
-0.00567366707831008
-0.00566141540138708
-0.005649140808386609
-0.005636843348990567
-0.005624523072973404
-0.005612180030201946
-0.005599814270635158
-0.005587425844323978
-0.005575014801411096
-0.005562581192130749
-0.0055501250668085296
-0.0055376464758611675
-0.0055251454697963385
-0.005512622099212457
-0.00550007641479847
-0.005487508467333651
-0.005474918307687389
-0.005462305986819
-0.005449671555777506
-0.005437015065701435
-0.005424336567818609
-0.005411636113445941
-0.005398913753989226
-0.005386169540942937
-0.00537340352589001
-0.005360615760501642
-0.005347806296537071
-0.005334975185843384
-0.005322122480355292
-0.005309248232094933
-0.005296352493171643
-0.005283435315781764
-0.005270496752208421
-0.005257536854821322
-0.0052445556760765365
-0.005231553268516278
-0.005218529684768715
-0.005205484977547723
-0.00519241919965271
-0.005179332403968372
-0.0051662246434644975
-0.005153095971195743
-0.005139946440301421
-0.0051267761040052874
-0.0051135850156153306
-0.005100373228523544
-0.005087140796205717
-0.0050738877722212175
-0.005060614210212778
-0.00504732016390628
-0.005034005687110525
-0.005020670833717032
-0.005007315657699805
-0.00499394021311513
-0.004980544554101338
-0.004967128734878618
-0.0049536928097487515
-0.004940236833094924
-0.004926760859381507
-0.004913264943153828
-0.004899749139037941
-0.004886213501740427
-0.004872658086048152
-0.004859082946828059
-0.004845488139026945
-0.004831873717671228
-0.00481823973786674
-0.0048045862547984874
-0.00479091332373044
-0.004777221000005303
-0.004763509339044304
-0.00474977839634694
-0.004736028227490783
-0.0047222588881312404
-0.004708470434001333
-0.004694662920911474
-0.004680836404749232
-0.00466699094147912
-0.004653126587142345
-0.004639243397856621
-0.004625341429815889
-0.004611420739290154
-0.0045974813826251786
-0.004583523416242336
-0.004569546896638326
-0.004555551880384968
-0.004541538424128975
-0.004527506584591695
-0.004513456418568936
-0.004499387982930684
-0.004485301334620899
-0.004471196530657285
-0.004457073628131041
-0.0044429326842066515
-0.004428773756121647
-0.004414596901186367
-0.00440040217678374
-0.004386189640369029
-0.004371959349469633
-0.004357711361684822
-0.004343445734685526
-0.004329162526214088
-0.004314861794084032
-0.004300543596179839
-0.0042862079904567064
-0.004271855034940307
-0.004257484787726569
-0.004243097306981424
-0.0042286926509405845
-0.004214270877909302
-0.004199832046262137
-0.004185376214442717
-0.004170903440963494
-0.004156413784405528
-0.004141907303418225
-0.004127384056719129
-0.004112844103093651
-0.004098287501394851
-0.004083714310543202
-0.004069124589526339
-0.004054518397398841
-0.004039895793281959
-0.0040252568363634165
-0.004010601585897124
-0.003995930101202999
-0.003981242441666655
-0.003966538666739228
