0.20365719936484697
1001
-0.0016608454442770333
-0.001658017090973654
-0.001655136328473664
-0.001652203247952099
-0.0016492179422350813
-0.001646180505796881
-0.001643091034756927
-0.0016399496268767663
-0.0016367563815569669
-0.0016335113998339774
-0.001630214784376928
-0.001626866639484384
-0.0016234670710810431
-0.00162001618671439
-0.0016165140955512892
-0.001612960908374536
-0.0016093567375793504
-0.0016057016971698253
-0.0016019959027553162
-0.00159823947154679
-0.0015944325223531178
-0.001590575175577315
-0.0015866675532127375
-0.0015827097788392232
-0.0015787019776191842
-0.0015746442762936516
-0.001570536803178266
-0.001566379688159223
-0.0015621730626891668
-0.0015579170597830338
-0.0015536118140138497
-0.0015492574615084728
-0.0015448541399432953
-0.001540401988539888
-0.0015359011480606027
-0.00153135176080412
-0.0015267539706009562
-0.0015221079228089145
-0.001517413764308493
-0.00151267164349824
-0.0015078817102900707
-0.0015030441161045212
-0.0014981590138659715
-0.0014932265579978088
-0.0014882469044175486
-0.001483220210531909
-0.0014781466352318366
-0.0014730263388874868
-0.0014678594833431554
-0.001462646231912165
-0.001457386749371709
-0.0014520812019576394
-0.0014467297573592208
-0.001441332584713829
-0.0014358898546016088
-0.001430401739040086
-0.0014248684114787317
-0.0014192900467934833
-0.001413666821281222
-0.0014079989126542004
-0.0014022865000344322
-0.0013965297639480327
-0.001390728886319516
-0.001384884050466049
-0.0013789954410916602
-0.001373063244281408
-0.0013670876474955007
-0.0013610688395633759
-0.0013550070106777379
-0.0013489023523885488
-0.0013427550575969799
-0.0013365653205493183
-0.0013303333368308327
-0.0013240593033595957
-0.0013177434183802665
-0.001311385881457827
-0.0013049868934712826
-0.0012985466566073148
-0.0012920653743538992
-0.0012855432514938775
-0.0012789804940984914
-0.0012723773095208743
-0.0012657339063895027
-0.0012590504946016121
-0.0012523272853165613
-0.0012455644909491722
-0.0012387623251630172
-0.0012319210028636741
-0.0012250407401919409
-0.0012181217545170076
-0.0012111642644295976
-0.0012041684897350596
-0.0011971346514464323
-0.0011900629717774623
-0.00118295367413559
-0.0011758069831148935
-0.0011686231244889993
-0.0011614023252039516
-0.0011541448133710495
-0.0011468508182596406
-0.001139520570289887
-0.0011321543010254858
-0.0011247522431663613
-0.0011173146305413172
-0.0011098416981006525
-0.0011023336819087446
-0.0010947908191365997
-0.0010872133480543578
-0.0010796015080237777
-0.0010719555394906747
-0.0010642756839773324
-0.001056562184074877
-0.0010488152834356181
-0.0010410352267653585
-0.0010332222598156663
-0.0010253766293761167
-0.001017498583266505
-0.0010095883703290184
-0.0010016462404203825
-0.0009936724444039738
-0.0009856672341418992
-0.000977630862487047
-0.0009695635832751033
-0.0009614656513165387
-0.0009533373223885659
-0.0009451788532270651
-0.0009369905015184793
-0.0009287725258916785
-0.000920525185909799
-0.0009122487420620464
-0.0009039434557554753
-0.0008956095893067363
-0.0008872474059337958
-0.0008788571697476281
-0.0008704391457438785
-0.0008619935997944974
-0.0008535207986393489
-0.000845021009877791
-0.0008364945019602288
-0.0008279415441796408
-0.0008193624066630794
-0.0008107573603631425
-0.0008021266770494238
-0.000793470629299933
-0.0007847894904924927
-0.0007760835347961083
-0.000767353037162316
-0.0007585982733165054
-0.0007498195197492101
-0.0007410170537073906
-0.0007321911531856755
-0.0007233420969175914
-0.000714470164366764
-0.0007055756357180975
-0.0006966587918689308
-0.0006877199144201727
-0.000678759285667415
-0.0006697771885920187
-0.0006607739068521868
-0.0006517497247740097
-0.0006427049273424913
-0.0006336398001925542
-0.0006245546296000277
-0.0006154497024726067
-0.0006063253063408021
-0.0005971817293488645
-0.000588019260245688
-0.0005788381883757004
-0.0005696388036697268
-0.0005604213966358465
-0.000551186258350216
-0.0005419336804478887
-0.0005326639551136097
-0.000523377375072591
-0.0005140742335812789
-0.000504754824418093
-0.0004954194418741599
-0.0004860683807440207
-0.0004767019363163329
-0.0004673204043645453
-0.00045792408113756917
-0.00044851326335042474
-0.00043908824817488
-0.0004296493332300707
-0.00042019681657310857
-0.00041073099668967545
-0.00040125217248460304
-0.0003917606432724389
-0.0003822567087680021
-0.00037274066907692563
-0.00036321282468618394
-0.00035367347645460834
-0.00034412292560339925
-0.00033456147370661157
-0.00032498942268164574
-0.0003154070747797146
-0.0003058147325763069
-0.0002962126989616389
-0.000286601277131097
-0.00027698077057566845
-0.00026735148307236323
-0.0002577137186746302
-0.0002480677817027602
-0.00023841397673428415
-0.0002287526085943599
-0.00021908398234615517
-0.0002094084032812187
-0.0001997261769098469
-0.0001900376089514463
-0.00018034300532487885
-0.00017064267213881673
-0.00016093691568207745
-0.00015122604241396065
-0.00014151035895457602
-0.00013179017207516966
-0.00012206578868844373
-0.00011233751583886777
-0.00010260566069299554
-0.00009287053052976795
-0.00008313243273081862
-0.00007339167477077284
-0.00006364856420754994
-0.000053903408672650024
-0.000044156515861454406
-0.00003440819352351285
-0.00002465874945283212
-0.000014908491478165184
-5.157727453297031e-6
4.593234752668687e-6
0.00001434408726502828
0.00002409452221318403
0.00003384423174036914
0.00004359290801335565
0.00005334024323216764
0.00006308592963979788
0.00007282965953191495
0.00008257112526657403
0.00009231001927392356
0.00010204603406590992
0.00011177886224598307
0.00012150819651879098
0.00013123372969987913
0.00014095515472538312
0.00015067216466171498
0.0001603844527152523
0.00017009171224201562
0.0001797936367573432
0.00018948991994556419
0.00019918025566966234
0.00020886433798093505
0.00021854186112864977
0.00022821251956968593
0.0002378760079781828
0.0002475320212551658
0.00025718025453817876
0.00026682040321090203
0.00027645216291276114
0.00028607522954853274
0.00029568929929793937
0.00030529406862523473
0.000314889234288782
0.00032447449335061947
0.0003340495431860207
0.00034361408149304637
0.000353167806302073
0.00036271041598533074
0.0003722416092664148
0.0003817610852297922
0.0003912685433302969
0.00040076368340261065
0.00041024620567073865
0.00041971581075746044
0.0004291721996937814
0.00043861507392836294
0.00044804413533694514
0.0004574590862317481
0.0004668596293708701
0.0004762454679676599
0.00048561630570008565
0.0004949718467200822
0.0005043117956628831
0.0005136358576563459
0.0005229437383302485
0.0005322351438255817
0.0005415097808038155
0.000550767356456162
0.0005600075785128059
0.0005692301552521298
0.0005784347955099187
0.0005876212086885443
0.0005967891047661304
0.0006059381943057125
0.0006150681884643612
0.0006241787990022968
0.0006332697382919875
0.0006423407193272194
0.0006513914557321537
0.0006604216617703599
0.0006694310523538322
0.0006784193430519878
0.0006873862501006299
0.0006963314904109136
0.0007052547815782674
0.000714155841891308
0.0007230343903407235
0.0007318901466281452
0.0007407228311749872
0.0007495321651312672
0.0007583178703844022
0.000767079669567988
0.0007758172860705448
0.0007845304440442447
0.0007932188684136182
0.0008018822848842279
0.0008105204199513261
0.0008191330009084799
0.0008277197558561759
0.0008362804137104021
0.0008448147042111926
0.0008533223579311625
0.0008618031062840013
0.0008702566815329505
0.0008786828167992456
0.0008870812460705423
0.0008954517042093022
0.0009037939269611638
0.0009121076509632717
0.0009203926137525926
0.0009286485537741915
0.0009368752103894807
0.0009450723238844513
0.0009532396354778557
0.0009613768873293815
0.0009694838225477767
0.0009775601851989616
0.0009856057203140997
0.0009936201738976387
0.0010016032929353283
0.0010095548254021997
0.001017474520270519
0.0010253621275176973
0.001033217398134193
0.001041040084131354
0.0010488299385492486
0.001056586715464453
0.001064310169997812
0.0010720000583221638
0.0010796561376700258
0.0010872781663412653
0.0010948659037107113
0.0011024191102357564
0.0011099375474639048
0.0011174209780403005
0.0011248691657152138
0.0011322818753514929
0.0011396588729319782
0.0011469999255668952
0.0011543048015011908
0.0011615732701218484
0.001168805101965164
0.0011760000687239813
0.0011831579432548985
0.0011902784995854291
0.0011973615129211347
0.0012044067596527128
0.0012114140173630516
0.0012183830648342501
0.0012253136820545882
0.0012322056502254762
0.0012390587517683515
0.0012458727703315423
0.0012526474907970959
0.001259382699287561
0.0012660781831727364
0.0012727337310763768
0.0012793491328828648
0.0012859241797438317
0.001292458664084753
0.0012989523796114928
0.0013054051213168098
0.0013118166854868283
0.0013181868697074608
0.001324515472870794
0.0013308022951814328
0.0013370471381628022
0.0013432498046634116
0.0013494100988630674
0.001355527826279053
0.0013616027937722677
0.001367634809553311
0.0013736236831885381
0.0013795692256060668
0.0013854712491017378
0.00139132956734504
0.0013971439953849826
0.0014029143496559358
0.0014086404479834154
0.0014143221095898307
0.00141995915510019
0.001425551406547754
0.0014310986873796508
0.0014366008224624474
0.0014420576380876687
0.001447468961977284
0.001452834623289133
0.0014581544526223213
0.001463428282022559
0.001468655944987462
0.0014738372764717999
0.0014789721128927048
0.0014840602921348306
0.0014891016535554663
0.0014940960379896011
0.0014990432877549469
0.0015039432466569117
0.001508795759993524
0.0015136006745603147
0.0015183578386551485
0.0015230671020830084
0.001527728316160733
0.0015323413337217056
0.0015369060091204984
0.0015414221982374616
0.0015458897584832733
0.001550308548803434
0.00155467842968272
0.0015589992631495737
0.0015632709127804674
0.0015674932437041975
0.0015716661226061407
0.0015757894177324614
0.0015798629988942612
0.0015838867374716912
0.0015878605064180034
0.0015917841802635603
0.0015956576351197915
0.0015994807486831002
0.0016032534002387222
0.0016069754706645291
0.0016106468424347908
0.0016142673996238765
0.0016178370279099133
0.0016213556145783913
0.001624823048525719
0.0016282392202627237
0.0016316040219181106
0.0016349173472418566
0.0016381790916085673
0.0016413891520207747
0.001644547427112183
0.0016476538171508691
0.0016507082240424234
0.0016537105513330466
0.0016566607042125883
0.0016595585895175387
0.0016624041157339673
0.001665197193000404
0.00166793773311068
0.0016706256495167004
0.0016732608573311796
0.0016758432733303171
0.0016783728159564192
0.0016808494053204715
0.0016832729632046595
0.001685643413064832
0.0016879606800329165
0.0016902246909192803
0.0016924353742150348
0.0016945926600942932
0.00169669648041637
0.0016987467687279304
0.001700743460265086
0.0017026864919554323
0.0017045758024200424
0.0017064113319753996
0.0017081930226352775
0.0017099208181125692
0.0017115946638210618
0.0017132145068771568
0.0017147802961015356
0.0017162919820207748
0.0017177495168689035
0.00171915285458891
0.0017205019508341926
0.001721796762969957
0.00172303725007456
0.0017242233729407993
0.0017253550940771476
0.0017264323777089364
0.0017274551897794798
0.0017284234979511493
0.0017293372716063917
0.0017301964818486953
0.001731001101503496
0.0017317511051190369
0.0017324464689671675
0.0017330871710440918
0.00173367319107106
0.0017342045104950066
0.0017346811124891344
0.0017351029819534453
0.0017354701055152112
0.0017357824715293984
0.0017360400700790312
0.0017362428929755022
0.001736390933758832
0.0017364841876978683
0.0017365226517904355
0.0017365063247634265
0.0017364352070728423
0.0017363093009037745
0.0017361286101703372
0.0017358931405155379
0.001735602899311102
0.0017352578956572366
0.0017348581403823409
0.001734403646042664
0.0017338944269219075
0.001733330499030772
0.001732711880106452
0.0017320385896120714
0.001731310648736072
0.0017305280803915396
0.0017296909092154832
0.0017287991615680513
0.0017278528655317027
0.0017268520509103177
0.0017257967492282545
0.0017246869937293547
0.001723522819375893
0.0017223042628474715
0.0017210313625398595
0.0017197041585637848
0.0017183226927436613
0.0017168870086162714
0.0017153971514293899
0.0017138531681403543
0.0017122551074145824
0.0017106030196240324
0.0017088969568456165
0.0017071369728595548
0.001705323123147674
0.0017034554648916584
0.0017015340569712433
0.0016995589599623552
0.0016975302361352013
0.0016954479494522981
0.0016933121655664574
0.0016911229518187106
0.0016888803772361824
0.0016865845125299114
0.0016842354300926185
0.0016818332039964206
0.0016793779099904917
0.0016768696254986716
0.0016743084296170223
0.0016716944031113304
0.0016690276284145567
0.0016663081896242328
0.0016635361724998121
0.0016607116644599537
0.0016578347545797682
0.001654905533588007
0.0016519240938641924
0.001648890529435708
0.0016458049359748255
0.0016426674107956874
0.0016394780528512347
0.0016362369627300813
0.0016329442426533424
0.0016295999964714043
0.00162620432966065
0.0016227573493201254
0.001619259164168163
0.0016157098845389478
0.0016121096223790335
0.001608458491243815
0.0016047566062939334
0.0016010040842916553
0.0015972010435971742
0.0015933476041648813
0.0015894438875395797
0.0015854900168526438
0.0015814861168181405
0.001577432313728882
0.0015733287354524515
0.0015691755114271588
0.0015649727726579578
0.001560720651712314
0.0015564192827160163
0.0015520688013489464
0.0015476693448407965
0.0015432210519667389
0.0015387240630430417
0.0015341785199226464
0.0015295845659906858
0.0015249423461599636
0.001520252006866375
0.0015155136960642893
0.0015107275632218829
0.0015058937593164132
0.0015010124368294618
0.0014960837497421209
0.0014911078535301285
0.0014860849051589688
0.0014810150630789145
0.0014758984872200252
0.0014707353389871048
0.0014655257812546017
0.001460269978361473
0.0014549680961059954
0.0014496203017405355
0.0014442267639662707
0.0014387876529278608
0.0014333031402080888
0.001427773398822433
0.0014221986032136177
0.0014165789292461006
0.0014109145542005276
0.0014052056567681384
0.0013994524170451207
0.001393655016526938
0.0013878136381025885
0.001381928466048846
0.0013759996860244353
0.0013700274850641802
0.0013640120515730956
0.0013579535753204441
0.0013518522474337507
0.0013457082603927633
0.0013395218080233876
0.0013332930854915638
0.0013270222892971116
0.0013207096172675261
0.0013143552685517359
0.0013079594436138258
0.0013015223442266962
0.0012950441734657068
0.001288525135702269
0.0012819654365973869
0.0012753652830951774
0.0012687248834163318
0.0012620444470515541
0.0012553241847549428
0.0012485643085373393
0.001241765031659647
0.0012349265686260895
0.0012280491351774525
0.0012211329482842664
0.0012141782261399655
0.0012071851881540053
0.001200154054944929
0.0011930850483334136
0.0011859783913352685
0.0011788343081543984
0.0011716530241757234
0.0011644347659580737
0.0011571797612270403
0.0011498882388677814
0.001142560428917805
0.001135196562559712
0.0011277968721138995
0.0011203615910312225
0.0011128909538856387
0.0011053851963668045
0.0010978445552726284
0.0010902692685018072
0.0010826595750463158
0.001075015714983871
0.0010673379294703449
0.0010596264607321668
0.0010518815520586754
0.0010441034477944359
0.0010362923933315419
0.001028448635101858
0.0010205724205692571
0.0010126639982218012
0.0010047236175639036
0.0009967515291084616
0.0009887479843689454
0.0009807132358514601
0.0009726475370467824
0.0009645511424223604
0.000956424307414286
0.000948267288419227
0.0009400803427863494
0.000931863728809183
0.0009236177057174837
0.0009153425336690407
0.0009070384737414793
0.0008987057879240198
0.0008903447391092002
0.0008819555910845938
0.0008735386085244853
0.0008650940569815107
0.0008566222028782772
0.0008481233134989685
0.000839597656980902
0.0008310455023060688
0.0008224671192926439
0.0008138627785864817
0.0008052327516525652
0.000796577310766445
0.0007878967290056499
0.0007791912802410666
0.000770461239128299
0.0007617068810990004
0.0007529284823521884
0.0007441263198455206
0.0007353006712865696
0.0007264518151240375
0.0007175800305389944
0.0007086855974360511
0.0006997687964345408
0.0006908299088596526
0.0006818692167335606
0.0006728870027665297
0.0006638835503479803
0.0006548591435375659
0.0006458140670561924
0.0006367486062770413
0.0006276630472165729
0.0006185576765254865
0.0006094327814796876
0.0006002886499712159
0.0005911255704991672
0.0005819438321605812
0.0005727437246413348
0.0005635255382069849
0.0005542895636936191
0.0005450360924986819
0.000535765416571762
0.0005264778284054073
0.0005171736210258737
0.0005078530879838898
0.0004985165233453911
0.0004891642216822426
0.0004797964780629433
0.0004704135880433155
0.000461015847657182
0.0004516035534070164
0.00044217700225460387
0.0004327364916116541
0.0004232823193304251
0.00041381478369432957
0.00040433418340851115
0.0003948408175904252
0.0003853349857604093
0.0003758169878322203
0.0003662871241035709
0.0003567456952466679
0.0003471930022987106
0.00033762934665239943
0.0003280550300464241
0.0003184703545559449
0.000308875622583054
0.00029927113684724864
0.00028965720037586447
0.0002800341164945213
0.0002704021888175511
0.00026076172123842037
0.00025111301792013247
0.0002414563832856472
0.00023179212200825865
0.00022212053900199074
0.00021244193941197582
0.00020275662860481846
0.00019306491215897745
0.00018336709585510788
0.00017366348566641383
0.00016395438774901007
0.0001542401084322387
0.00014452095420902598
0.00013479723172619637
0.00012506924777480407
0.00011533730928044558
0.00010560172329359016
0.0000958627969798762
0.00008612083761042699
0.000076376152552156
0.00006662904925806204
0.00005687983525753605
0.00004712881814665987
0.00003737630557848649
0.000027622605253348272
0.000017868024909141196
8.11287231161398e-6
-1.6425447553355118e-6
-0.000011397918499381851
-0.00002115294112947466
-0.0000309073048655604
-0.0000406607019482762
-0.00005041282464868369
-0.00006016336527795471
-0.00006991201619709636
-0.00007965846982665603
-0.0000894024186564125
-0.00009914355525509866
-0.00010888157228008605
-0.00011861616248709019
-0.00012834701873985627
-0.00013807383401986703
-0.00014779630143600792
-0.00015751411423426407
-0.00016722696580740538
-0.0001769345497046374
-0.00018663655964129387
-0.0001963326895084849
-0.00020602263338276454
-0.00021570608553578383
-0.00022538274044392868
-0.00023505229279796713
-0.0002447144375126794
-0.0002543688697364865
-0.0002640152848610609
-0.00027365337853095507
-0.0002832828466531823
-0.0002929033854068263
-0.0003025146912526273
-0.0003121164609425503
-0.00032170839152936056
-0.00033129018037618023
-0.0003408615251660319
-0.0003504221239113905
-0.0003599716749636975
-0.00036950987702288624
-0.0003790364291468853
-0.0003885510307611165
-0.00039805338166797776
-0.00040754318205630684
-0.0004170201325108652
-0.00042648393402174863
-0.00043593428799385036
-0.0004453708962562801
-0.000454793461071752
-0.00046420168514599904
-0.00047359527163714436
-0.0004829739241650688
-0.0004923373468207618
-0.0005016852441756582
-0.0005110173212909601
-0.0005203332837269413
-0.0005296328375522403
-0.0005389156893531241
-0.0005481815462427695
-0.0005574301158704746
-0.0005666611064309001
-0.000575874226673279
-0.0005850691859105937
-0.0005942456940287617
-0.000603403461495774
-0.0006125421993708383
-0.0006216616193135027
-0.0006307614335927406
-0.0006398413550960344
-0.0006489010973384347
-0.0006579403744716056
-0.0006669589012928237
-0.0006759563932539986
-0.0006849325664706481
-0.0006938871377308378
-0.0007028198245041354
-0.0007117303449505151
-0.0007206184179292597
-0.000729483763007815
-0.0007383261004706537
-0.0007471451513280933
-0.0007559406373250994
-0.0007647122809500662
-0.0007734598054435698
-0.0007821829348071089
-0.0007908813938117987
-0.0007995549080070615
-0.0008082032037292998
-0.000816826008110504
-0.000825423049086883
-0.0008339940554074381
-0.0008425387566425289
-0.0008510568831923985
-0.0008595481662956792
-0.0008680123380378803
-0.0008764491313598337
-0.0008848582800661281
-0.0008932395188334936
-0.0009015925832191907
-0.000909917209669343
-0.0009182131355272465
-0.0009264800990416777
-0.000934717839375131
-0.000942926096612064
-0.0009511046117670836
-0.0009592531267931299
-0.0009673713845896151
-0.0009754591290105272
-0.0009835161048725228
-0.000991542057962971
-0.0009995367350479816
-0.0010074998838803836
-0.0010154312532076931
-0.0010233305927800432
-0.0010311976533580658
-0.0010390321867207691
-0.0010468339456733663
-0.0010546026840550693
-0.0010623381567468624
-0.0010700401196792276
-0.0010777083298398587
-0.0010853425452813114
-0.0010929425251286562
-0.0011005080295870596
-0.001108038819949362
-0.0011155346586036105
-0.0011229953090405398
-0.0011304205358610628
-0.0011378101047836635
-0.0011451637826518162
-0.0011524813374413291
-0.001159762538267668
-0.0011670071553932424
-0.0011742149602346512
-0.001181385725369892
-0.001188519224545547
-0.0011956152326839129
-0.0012026735258901002
-0.0012096938814591088
-0.0012166760778828435
-0.001223619894857104
-0.0012305251132885453
-0.0012373915153015824
-0.0012442188842452595
-0.0012510070047000983
-0.0012577556624848855
-0.0012644646446634362
-0.001271133739551307
-0.0012777627367224773
-0.0012843514270159916
-0.0012908996025425491
-0.001297407056691079
-0.00130387358413524
-0.0013102989808399174
-0.0013166830440676435
-0.0013230255723850086
-0.0013293263656690107
-0.0013355852251133614
-0.0013418019532347736
-0.0013479763538791815
-0.0013541082322279362
-0.0013601973948039455
-0.0013662436494777876
-0.0013722468054737584
-0.0013782066733759061
-0.0013841230651340036
-0.0013899957940694712
-0.0013958246748812819
-0.0014016095236517978
-0.0014073501578525745
-0.0014130463963501233
-0.0014186980594116231
-0.0014243049687105924
-0.0014298669473325153
-0.0014353838197804242
-0.0014408554119804357
-0.0014462815512872437
-0.0014516620664895663
-0.0014569967878155477
-0.0014622855469381157
-0.0014675281769802883
-0.0014727245125204468
-0.0014778743895975486
-0.0014829776457162991
-0.001488034119852287
-0.0014930436524570564
-0.0014980060854631442
-0.0015029212622890682
-0.001507789027844264
-0.0015126092285339826
-0.0015173817122641332
-0.0015221063284460855
-0.001526782928001414
-0.0015314113633666106
-0.0015359914884977334
-0.0015405231588750184
-0.0015450062315074376
-0.0015494405649372123
-0.001553826019244272
-0.001558162456050675
-0.001562449738524969
-0.0015666877313865119
-0.001570876300909739
-0.0015750153149283826
-0.0015791046428396383
-0.0015831441556082941
-0.0015871337257707912
-0.0015910732274392533
-0.0015949625363054563
-0.0015988015296447477
-0.0016025900863199244
-0.0016063280867850498
-0.0016100154130892265
-0.0016136519488803192
-0.001617237579408626
