0.14894332490861942
1001
0.01840977471783159
0.018124311308187528
0.017838542133926386
0.01755247201703664
0.0172661057845846
0.016979448268633058
0.01669250430615968
0.016405278738975414
0.016117776413642794
0.015830002181394187
0.015541960898049902
0.015253657423936254
0.014965096623803601
0.014676283366744225
0.014387222526110157
0.014097918979431023
0.013808377608331635
0.013518603298449727
0.013228600939353453
0.012938375424458921
0.012647931650947587
0.01235727451968367
0.012066408935131421
0.011775339805272398
0.011484072041522625
0.011192610558649733
0.010900960274690046
0.010609126110865579
0.010317112991500996
0.01002492584394055
0.009732569598464915
0.009440049188208009
0.00914736954907374
0.008854535619652751
0.008561552341139055
0.008268424657246703
0.007975157514126323
0.007681755860281674
0.00738822464648618
0.007094568825699361
0.0068007933529832575
0.00650690318541885
0.006212903282022389
0.005918798603661739
0.005624594112972669
0.005330294774275098
0.0050359055534893536
0.00474143141805238
0.00444687733683387
0.004152248280052524
0.0038575492191920773
0.0035627851269175075
0.0032679609769910452
0.00297308174418831
0.0026781524042143435
0.002383177933619668
0.0020881633097162753
0.0017931135104937213
0.0014980335145350196
0.0012029283009327566
0.0009078028492049768
0.0006126621392112134
0.0003175111510684532
0.000022354865067101953
-0.0002728017384130597
-0.0005679536789869002
-0.0008630959763479605
-0.0011582236503525256
-0.0014533317211036496
-0.001748415209035134
-0.0020434691349956098
-0.002338488520332539
-0.002633468386976199
-0.002928403757523703
-0.0032232896553229494
-0.0035181211045566766
-0.003812893130326332
-0.004107600758736067
-0.004402239016976633
-0.004696802933409355
-0.004991287537649918
-0.00528568786065233
-0.0055799989347927155
-0.005874215793953134
-0.00616833347360543
-0.006462347010894917
-0.006756251444724221
-0.007050041815836877
-0.007343713166901121
-0.007637260542593466
-0.007930678989682334
-0.008223963557111627
-0.008517109296084294
-0.00881011126014583
-0.009102964505267713
-0.009395664089930846
-0.009688205075208947
-0.009980582524851877
-0.01027279150536892
-0.010564827086112056
-0.010856684339359136
-0.011148358340397051
-0.011439844167604806
-0.011731136902536583
-0.012022231630004718
-0.012313123438162668
-0.012603807418587852
-0.012894278666364533
-0.013184532280166465
-0.013474563362339764
-0.013764367018985394
-0.014053938360041856
-0.014343272499367612
-0.014632364554823626
-0.014921209648355655
-0.01520980290607664
-0.01549813945834886
-0.01578621443986615
-0.016074022989736036
-0.01636156025156169
-0.01664882137352389
-0.01693580150846291
-0.01722249581396029
-0.017508899452420564
-0.017795007591152868
-0.018080815402452495
-0.018366318063682358
-0.018651510757354384
-0.01893638867121074
-0.01922094699830514
-0.019505180937083824
-0.01978908569146669
-0.020072656470928197
-0.02035588849057812
-0.020638776971242407
-0.020921317139543788
-0.021203504227982197
-0.021485333475015436
-0.021766800125139336
-0.02204789942896808
-0.022328626643314337
-0.02260897703126928
-0.022888945862282573
-0.023168528412242092
-0.02344771996355373
-0.02372651580522095
-0.024004911232924295
-0.024282901549100767
-0.024560482063023116
-0.024837648090878937
-0.02511439495584976
-0.025390717988189898
-0.025666612525305343
-0.02594207391183234
-0.026217097499716024
-0.02649167864828878
-0.02676581272434858
-0.027039495102237198
-0.027312721163918204
-0.02758548629905493
-0.027857785905088202
-0.028129615387314153
-0.028400970158961522
-0.028671845641269292
-0.028942237263563753
-0.029212140463335735
-0.02948155068631764
-0.029750463386560098
-0.030018874026508942
-0.030286778077081494
-0.03055417101774325
-0.030821048336583952
-0.031087405530393852
-0.031353238104739625
-0.031618541574040225
-0.03188331146164265
-0.032147543299897365
-0.03241123263023372
-0.03267437500323527
-0.032936965978714726
-0.033199001125789
-0.033460476022953815
-0.03372138625815852
-0.03398172742888038
-0.03424149514219893
-0.03450068501487006
-0.03475929267339999
-0.03501731375411915
-0.035274743903255655
-0.03553157877700894
-0.03578781404162293
-0.03604344537345921
-0.036298468459070025
-0.036552878995271
-0.036806672689213754
-0.037059845258458436
-0.03731239243104583
-0.03756430994556959
-0.03781559355124802
-0.038066239007995904
-0.03831624208649603
-0.03856559856827047
-0.038814304245751906
-0.0390623549223545
-0.039309746412544797
-0.039556474541912266
-0.039802535147239824
-0.04004792407657405
-0.040292637189295266
-0.04053667035618736
-0.04078001945950748
-0.04102268039305554
-0.04126464906224349
-0.041505921384164465
-0.041746493287661536
-0.04198636071339654
-0.0422255196139186
-0.04246396595373224
-0.042701695709365724
-0.042938704869438724
-0.04317498943473017
-0.04341054541824563
-0.04364536884528471
-0.0438794557535079
-0.04411280219300374
-0.044345404226355196
-0.04457725792870627
-0.04480835938782812
-0.04503870470418521
-0.04526828999100097
-0.04549711137432343
-0.04572516499309063
-0.045952446999195776
-0.04617895355755204
-0.0464046808461575
-0.04662962505615939
-0.046853782391918584
-0.04707714907107351
-0.04729972132460401
-0.047521495396894924
-0.04774246754579953
-0.047962634042702595
-0.0481819911725834
-0.04840053523407828
-0.048618262539543246
-0.0488351694151161
-0.049051252200778474
-0.049266507250417535
-0.049480930931887615
-0.04969451962707141
-0.04990726973194104
-0.050119177656618975
-0.05033023982543835
-0.05054045267700367
-0.0507498126642506
-0.05095831625450592
-0.05116595992954723
-0.051372740185662125
-0.05157865353370748
-0.0517836964991683
-0.05198786562221629
-0.05219115745776823
-0.05239356857554419
-0.0525950955601254
-0.05279573501101182
-0.05299548354267951
-0.05319433778463788
-0.05339229438148644
-0.05358934999297148
-0.053785501294042436
-0.05398074497490795
-0.054175077741091746
-0.05436849631348831
-0.05456099742841803
-0.0547525778376825
-0.05494323430861908
-0.055132963624155706
-0.05532176258286496
-0.0555096279990182
-0.0556965567026393
-0.05588254553955815
-0.056067591371463825
-0.056251691075957636
-0.05643484154660576
-0.05661703969299161
-0.05679828244076813
-0.05697856673170948
-0.05715788952376281
-0.05733624779109952
-0.05751363852416632
-0.057690058729735996
-0.05786550543095799
-0.058039975667408546
-0.058213466495140725
-0.058385974986734
-0.05855749823134383
-0.05872803333475061
-0.05889757741940852
-0.05906612762449417
-0.05923368110595482
-0.05940023503655642
-0.0595657866059312
-0.05973033302062524
-0.05989387150414556
-0.06005639929700686
-0.06021791365677827
-0.06037841185812944
-0.060537891192876794
-0.06069634897002882
-0.060853782515831914
-0.06101018917381525
-0.06116556630483558
-0.06131991128712195
-0.06147322151631976
-0.06162549440553485
-0.06177672738537705
-0.06192691790400361
-0.062076063427162174
-0.06222416143823368
-0.06237120943827465
-0.06251720494605954
-0.06266214549812249
-0.06280602864879892
-0.06294885197026683
-0.06309061305258769
-0.06323130950374725
-0.06337093894969573
-0.06350949903438803
-0.0636469874198234
-0.06378340178608488
-0.06391873983137855
-0.06405299927207231
-0.06418617784273432
-0.0643182732961714
-0.06444928340346685
-0.06457920595401812
-0.06470803875557397
-0.06483577963427167
-0.06496242643467355
-0.0650879770198034
-0.06521242927118254
-0.06533578108886554
-0.06545803039147571
-0.06557917511624016
-0.06569921321902471
-0.06581814267436821
-0.0659359614755169
-0.06605266763445815
-0.06616825918195411
-0.06628273416757481
-0.0663960906597312
-0.0665083267457077
-0.06661944053169441
-0.06672943014281917
-0.06683829372317913
-0.0669460294358721
-0.06705263546302756
-0.0671581100058373
-0.06726245128458576
-0.06736565753868011
-0.06746772702667996
-0.06756865802632668
-0.06766844883457257
-0.06776709776760953
-0.06786460316089742
-0.06796096336919226
-0.06805617676657391
-0.06815024174647362
-0.06824315672170096
-0.06833492012447077
-0.06842553040642954
-0.06851498603868153
-0.0686032855118146
-0.06869042733592567
-0.06877641004064589
-0.06886123217516535
-0.06894489230825772
-0.06902738902830427
-0.06910872094331777
-0.06918888668096593
-0.06926788488859456
-0.06934571423325048
-0.06942237340170383
-0.0694978611004705
-0.06957217605583367
-0.06964531701386553
-0.06971728274044825
-0.06978807202129504
-0.06985768366197039
-0.06992611648791042
-0.06999336934444256
-0.07005944109680515
-0.07012433063016649
-0.07018803684964375
-0.07025055868032139
-0.07031189506726926
-0.0703720449755605
-0.07043100739028893
-0.07048878131658619
-0.07054536577963855
-0.0706007598247034
-0.0706549625171252
-0.07070797294235147
-0.07075979020594804
-0.07081041343361427
-0.07085984177119772
-0.07090807438470868
-0.07095511046033402
-0.07100094920445119
-0.07104558984364143
-0.0710890316247029
-0.07113127381466336
-0.07117231570079259
-0.07121215659061429
-0.07125079581191801
-0.07128823271277017
-0.07132446666152531
-0.0713594970468367
-0.07139332327766658
-0.07142594478329618
-0.07145736101333539
-0.07148757143773198
-0.07151657554678062
-0.07154437285113138
-0.0715709628817981
-0.07159634519016621
-0.07162051934800036
-0.07164348494745165
-0.07166524160106451
-0.07168578894178315
-0.0717051266229579
-0.07172325431835093
-0.0717401717221419
-0.07175587854893292
-0.07177037453375358
-0.07178365943206529
-0.07179573301976547
-0.0718065950931912
-0.07181624546912295
-0.07182468398478732
-0.07183191049785997
-0.07183792488646816
-0.07184272704919248
-0.07184631690506879
-0.07184869439358958
-0.07184985947470487
-0.07184981212882306
-0.07184855235681106
-0.07184608017999446
-0.07184239564015704
-0.07183749879954016
-0.0718313897408416
-0.07182406856721438
-0.0718155354022647
-0.07180579039005011
-0.07179483369507703
-0.0717826655022979
-0.07176928601710811
-0.07175469546534255
-0.07173889409327178
-0.07172188216759788
-0.07170365997544988
-0.0716842278243791
-0.07166358604235373
-0.0716417349777535
-0.07161867499936368
-0.07159440649636889
-0.07156892987834651
-0.07154224557525982
-0.07151435403745075
-0.07148525573563223
-0.07145495116088021
-0.07142344082462555
-0.07139072525864518
-0.0713568050150533
-0.0713216806662919
-0.07128535280512129
-0.07124782204460993
-0.07120908901812414
-0.0711691543793175
-0.07112801880211975
-0.0710856829807253
-0.07104214762958176
-0.07099741348337775
-0.07095148129703041
-0.07090435184567286
-0.07085602592464103
-0.07080650434946022
-0.07075578795583132
-0.07070387759961677
-0.07065077415682616
-0.07059647852360129
-0.07054099161620117
-0.07048431437098661
-0.0704264477444042
-0.07036739271297048
-0.07030715027325515
-0.07024572144186451
-0.07018310725542418
-0.07011930877056156
-0.07005432706388819
-0.06998816323198134
-0.06992081839136571
-0.06985229367849449
-0.06978259024973023
-0.06971170928132524
-0.06963965196940188
-0.06956641952993224
-0.06949201319871777
-0.06941643423136826
-0.06933968390328075
-0.06926176350961806
-0.0691826743652868
-0.0691024178049153
-0.06902099518283103
-0.0689384078730378
-0.06885465726919247
-0.06876974478458159
-0.06868367185209734
-0.0685964399242136
-0.06850805047296127
-0.06841850498990351
-0.06832780498611049
-0.06823595199213402
-0.06814294755798156
-0.06804879325309021
-0.0679534906663002
-0.06785704140582799
-0.06775944709923924
-0.0676607093934213
-0.0675608299545554
-0.06745981046808859
-0.06735765263870527
-0.06725435819029839
-0.06714992886594043
-0.06704436642785398
-0.06693767265738192
-0.06682984935495746
-0.06672089834007369
-0.06661082145125298
-0.06649962054601583
-0.0663872975008496
-0.06627385421117683
-0.06615929259132321
-0.06604361457448547
-0.06592682211269844
-0.06580891717680239
-0.06568990175640964
-0.065569777859871
-0.06544854751424202
-0.06532621276524851
-0.06520277567725223
-0.06507823833321605
-0.0649526028346687
-0.06482587130166938
-0.064698045872772
-0.06456912870498902
-0.06443912197375516
-0.06430802787289053
-0.06417584861456381
-0.06404258642925481
-0.06390824356571681
-0.06377282229093865
-0.06363632489010647
-0.06349875366656525
-0.06336011094177976
-0.06322039905529551
-0.06307962036469919
-0.0629377772455791
-0.06279487209148472
-0.06265090731388659
-0.06250588534213557
-0.06235980862342173
-0.06221267962273323
-0.062064500822814506
-0.06191527472412469
-0.06176500384479508
-0.06161369072058684
-0.061461337904848215
-0.06130794796847141
-0.061153523499849115
-0.060998067104830966
-0.06084158140667959
-0.06068406904602618
-0.060525532680826034
-0.06036597498631381
-0.06020539865495816
-0.06004380639641649
-0.059881200937489096
-0.05971758502207326
-0.0595529614111169
-0.059387332882571975
-0.05922070223134764
-0.05905307226926308
-0.058884445824999965
-0.05871482574405497
-0.05854421488869141
-0.058372616137891305
-0.058200032387306415
-0.05802646654920978
-0.057851921552446284
-0.05767640034238335
-0.05749990588086122
-0.057322441146142974
-0.05714400913286437
-0.05696461285198301
-0.05678425533072795
-0.05660293961254837
-0.05642066875706219
-0.056237445840004584
-0.05605327395317597
-0.0558681562043899
-0.05568209571742059
-0.055495095631950195
-0.055307159103515885
-0.05511828930345663
-0.05492848941885941
-0.05473776265250589
-0.054546112222817966
-0.05435354136380369
-0.05416005332500262
-0.05396565137143101
-0.05377033878352671
-0.05357411885709378
-0.05337699490324695
-0.05317897024835561
-0.0529800482339879
-0.05278023221685408
-0.05257952556875004
-0.05237793167650046
-0.0521754539419014
-0.05197209578166324
-0.051767860627352655
-0.05156275192533511
-0.05135677313671636
-0.05114992773728432
-0.05094221921745012
-0.05073365108218949
-0.0505242268509835
-0.0503139500577591
-0.0501028242508296
-0.04989085299283467
-0.049678039860680555
-0.04946438844547916
-0.04924990235248796
-0.04903458520104885
-0.048818440624527316
-0.04860147227025089
-0.048383683799447706
-0.04816507888718484
-0.047945661222306084
-0.04772543450736984
-0.04750440245858651
-0.047282568805756056
-0.047059937292204715
-0.046836511674722144
-0.04661229572349772
-0.04638729322205724
-0.04616150796719887
-0.04593494376892911
-0.04570760445039857
-0.045479493847837345
-0.04525061581049042
-0.04502097420055262
-0.04479057289310348
-0.04455941577604187
-0.04432750675002023
-0.044094849728379085
-0.04386144863708059
-0.04362730741464267
-0.04339243001207226
-0.043156820392798924
-0.042920482532607676
-0.04268342041957212
-0.04244563805398698
-0.042207139448300776
-0.041967928627047985
-0.04172800962678108
-0.041487386496002754
-0.04124606329509709
-0.04100404409626151
-0.04076133298343771
-0.04051793405224304
-0.04027385140990118
-0.040029089175172824
-0.039783651478286504
-0.039537542460868436
-0.03929076627587293
-0.03904332708751218
-0.03879522907118621
-0.03854647641341208
-0.03829707331175353
-0.03804702397474991
-0.03779633262184549
-0.03754500348331797
-0.03729304080020708
-0.0370404488242433
-0.03678723181777583
-0.03653339405370085
-0.036278939815389245
-0.036023873396614614
-0.03576819910148041
-0.0355119212443477
-0.03525504414976209
-0.03499757215238093
-0.03473950959690005
-0.03448086083798046
-0.034221630240175036
-0.033961822177854616
-0.03370144103513427
-0.03344049120579955
-0.033178977093231955
-0.03291690311033495
-0.0326542736794593
-0.03239109323232859
-0.03212736620996439
-0.031863097062611236
-0.03159829024966163
-0.03133295023958081
-0.031067081509831215
-0.03080068854679714
-0.030533775845708867
-0.030266347910566784
-0.029998409254065554
-0.02972996439751784
-0.029461017870777907
-0.029191574212165578
-0.02892163796838917
-0.028651213694469102
-0.02838030595366092
-0.028108919317378227
-0.02783705836511569
-0.02756472768437172
-0.027291931870570843
-0.02701867552698661
-0.02674496326466345
-0.026470799702339197
-0.026196189466366905
-0.025921137190636972
-0.02564564751649897
-0.025369725092682992
-0.025093374575221594
-0.02481660062737104
-0.024539407919532807
-0.024261801129174285
-0.023983784940750583
-0.02370536404562468
-0.023426543141989057
-0.023147326934785613
-0.02286772013562712
-0.022587727462716978
-0.022307353640770026
-0.02202660340093254
-0.021745481480702815
-0.02146399262385074
-0.0211821415803381
-0.02089993310623817
-0.020617371963655644
-0.0203344629206464
-0.020051210751136504
-0.019767620234842298
-0.019483696157189312
-0.019199443309231668
-0.01891486648757126
-0.01862997049427689
-0.01834476013680285
-0.018059240227908387
-0.017773415585575863
-0.01748729103293012
-0.01720087139815642
-0.016914161514419483
-0.016627166219781712
-0.016339890357121648
-0.016052338774051954
-0.015764516322838196
-0.015476427860316227
-0.015188078247811062
-0.014899472351054033
-0.014610615040101253
-0.014321511189251249
-0.014032165676962532
-0.013742583385771633
-0.013452769202210418
-0.01316272801672385
-0.012872464723587227
-0.012581984220823817
-0.012291291410122078
-0.012000391196753099
-0.011709288489487485
-0.01141798820051295
-0.01112649524535114
-0.010834814542774749
-0.010542951014724595
-0.010250909586226629
-0.009958695185308413
-0.009666312742916579
-0.009373767192833195
-0.009081063471592453
-0.008788206518397883
-0.008495201275038321
-0.008202052685805074
-0.007908765697408228
-0.007615345258893194
-0.0073217963215573105
-0.00702812383886613
-0.006734332766369817
-0.006440428061619857
-0.0061464146840850414
-0.0058522975950679006
-0.0055580817576209455
-0.0052637721364630925
-0.004969373697895626
-0.004674891409718614
-0.004380330241146923
-0.004085695162726585
-0.003790991146250611
-0.003496223164675273
-0.0032013961920362806
-0.0029065152033646026
-0.002611585174602896
-0.0023166110825208527
-0.002021597904632226
-0.0017265506191098449
-0.0014314742047023194
-0.0011363736406494686
-0.0008412539065989356
-0.0005461199825214402
-0.000250976848627486
0.000044170514717442854
0.0003393171270761919
0.0006344580080244574
0.0009295881772347375
0.0012247026545602162
0.0015197964601190146
0.0018148646143779806
0.0021099021382370215
0.0024049040531126976
0.0026998653810228015
0.0029947811446697082
0.0032896463675250102
0.003584456073912956
0.003879205289094712
0.004173889039352265
0.0044685023520722525
0.004763040255829952
0.005057497780473237
0.005351869957206156
0.005646151818673234
0.005940338399042895
0.00623442473409156
0.006528405861286925
0.0068222768198724
0.007116032650950232
0.007409668397565558
0.007703179104789764
0.007996559819804303
0.008289805591984292
0.008582911472981633
0.008875872516809245
0.009168683779923829
0.009461340321309733
0.009753837202562041
0.010046169487970179
0.010338332244600904
0.010630320542381874
0.01092212945418441
0.011213754055907197
0.01150518942655886
0.011796430648341226
0.012087472806732443
0.012378310990569493
0.012668940292131706
0.012959355807222791
0.013249552635254309
0.013539525879327835
0.013829270646318151
0.014118782046955033
0.01440805519590662
0.01469708521186111
0.014985867217609573
0.015274396340128187
0.015562667710660302
0.015850676464798766
0.016138417742568013
0.01642588668850574
0.016713078451745488
0.01699998818609775
0.01728661105013237
0.017572942207259863
0.017858976825813076
0.018144710079128983
0.01843013714562983
0.01871525320890462
0.019000053457790256
0.019284533086453046
0.0195686872944694
0.019852511286907286
0.02013600027440653
0.020419149473260394
0.020701954105495454
0.020984409398953022
0.021266510587369097
0.02154825291045518
0.02182963161397818
0.022110641949841296
0.022391279176163275
0.0226715385573592
0.022951415364220004
0.02323090487399211
0.02351000237045791
0.02378870314401416
0.024067002491752695
0.024344895717538697
0.02462237813209081
0.024899445053059698
0.025176091805107208
0.025452313719985402
0.025728106136615258
0.026003464401165213
0.02627838386712978
0.02655285989540816
0.026826887854382
0.027100463119994034
0.02737358107582599
0.027646237113176285
0.027918426631138214
0.02819014503667702
0.02846138774470788
0.02873215017817315
0.02900242776811926
0.029272215953774522
0.029541510182625397
0.029810305910493592
0.030078598601612865
0.03034638372870532
0.03061365677305801
0.03088041322459905
0.03114664858197366
0.03141235835262045
0.03167753805284688
0.03194218320790503
0.032206289352067194
0.03246985202870114
0.03273286679034528
0.03299532919878393
0.03325723482512193
0.03351857924985944
0.03377935806296684
0.03403956686395856
0.03429920126196796
0.0345582568758209
0.03481672933410993
0.0350746142752682
0.03533190734764259
0.03558860420956768
0.035844700529438646
0.03610019198578451
0.03635507426734093
0.03660934307312308
0.0368629941124983
0.03711602310525823
0.037368425781691285
0.0376201978826545
0.03787133515964582
0.03812183337487505
0.03837168830133601
0.03862089572287772
0.038869451434275316
0.03911735124130133
0.03936459096079615
0.039611166420738884
0.03985707346031757
0.040102307929999435
0.04034686569160101
0.04059074261835797
0.0408339345949943
0.04107643751779267
0.041318247294662686
0.04155935984521071
0.041799771100808084
0.042039477004660424
0.04227847351187549
0.042516756589531975
0.042754322216746896
0.04299116638474425
0.043227285096921995
0.04346267436891976
0.04369733022868613
0.043931248716545496
0.04416442588526516
0.04439685780012153
0.044628540538967004
0.04485947019229551
0.04508964286330936
0.04531905466798395
0.04554770173513449
0.04577558020648003
0.04600268623670969
0.04622901599354697
0.04645456565781452
0.046679331423498574
