0.10030876983641715
1001
0.04786826221068822
0.04785169199493667
0.047834755590732726
0.04781745312755828
0.047799784737696596
0.04778175055623139
0.04776335072104574
0.04774458537282108
0.047725454655036095
0.04770595871396564
0.04768609769867964
0.04766587176104191
0.04764528105570903
0.0476243257401292
0.047603005974540945
0.047581321921971974
0.04755927374823793
0.047536861621941054
0.047514085714468995
0.047490946199993445
0.04746744325546881
0.047443577060630904
0.047419347797995504
0.047394755652857036
0.0473698008132871
0.04734448347013307
0.047318803817016634
0.047292762050332296
0.0472663583692459
0.04723959297569307
0.047212466074377755
0.04718497787277055
0.047157128581107204
0.04712891841238699
0.04710034758237104
0.04707141630958075
0.047042124815296085
0.04701247332355389
0.046982462061146195
0.04695209125761846
0.046921361145267834
0.046890271959141396
0.04685882393703431
0.046827017319488094
0.04679485234978867
0.046762329273964606
0.046729448340785226
0.04669620980175863
0.04666261391112982
0.04662866092587881
0.0465943511057186
0.04655968471309316
0.04652466201317554
0.046489283273865735
0.046453548765788694
0.046417458762292224
0.046381013539444946
0.04634421337603411
0.04630705855356355
0.04626954935625146
0.04623168607102828
0.04619346898753446
0.046154898398118274
0.04611597459783358
0.046076697884437544
0.046037068558388405
0.04599708692284315
0.04595675328365517
0.04591606794937201
0.04587503123123291
0.0458336434431665
0.04579190490178837
0.045749815926398624
0.045707376838979505
0.0456645879641929
0.04562144962937781
0.04557796216454792
0.04553412590238906
0.04548994117825666
0.04544540833017312
0.04540052769882537
0.04535529962756209
0.04530972446239126
0.04526380255197734
0.04521753424763878
0.045170919903345194
0.04512395987571472
0.045076654524011286
0.045029004210141874
0.0449810092986537
0.04493267015673149
0.044883987154194664
0.044834960663494454
0.04478559105971111
0.044735878720551014
0.0446858240263438
0.04463542736003945
0.04458468910720533
0.044533609656023286
0.044482189397286646
0.044430428724397245
0.04437832803336243
0.04432588772279201
0.04427310819389519
0.044219989850477565
0.04416653309893797
0.044112738348265415
0.04405860601003589
0.04400413649840937
0.04394933023012643
0.04389418762450522
0.04383870910343824
0.043782895091389044
0.043726746015389055
0.043670262305034256
0.043613444392481944
0.04355629271244742
0.04349880770220063
0.04344098980156284
0.043382839452903305
0.04332435710113581
0.04326554319371535
0.043206398180634674
0.0431469225144208
0.04308711665013163
0.04302698104535241
0.042966516160192286
0.04290572245728072
0.04284460040176399
0.042783150461301635
0.04272137310606286
0.042659268808722936
0.042596838044459635
0.04253408129094955
0.04247099902836439
0.042407591739367444
0.04234385990910976
0.0422798040252265
0.04221542457783319
0.04215072205952198
0.0420856969653579
0.042020349792874966
0.04195468104207254
0.04188869121541137
0.041822380817809805
0.0417557503566399
0.0416888003417236
0.041621531285328764
0.041553943702165294
0.04148603810938117
0.041417815026558495
0.04134927497570958
0.04128041848127285
0.0412112460701089
0.04114175827149646
0.041071955617128314
0.041001838641107284
0.040931407879942074
0.04086066387254324
0.04078960716021899
0.040718238286671135
0.04064655779799082
0.04057456624265448
0.04050226417151948
0.040429652137820064
0.040356730697163015
0.040283500407523425
0.04020996182924047
0.040136115525013054
0.04006196205989558
0.039987502001293564
0.03991273591895933
0.03983766438498761
0.039762287973811254
0.0396866072621967
0.039610622829239724
0.039534335256360825
0.03945774512730098
0.03938085302811698
0.03930365954717709
0.03922616527515651
0.03914837080503279
0.039070276732081376
0.03899188365387102
0.03891319217025923
0.03883420288338761
0.03875491639767738
0.03867533331982459
0.03859545425879564
0.038515279825822514
0.03843481063439813
0.03835404730027164
0.03827299044144377
0.038191640678162005
0.03810999863291593
0.03802806493043235
0.037945840197670694
0.03786332506381801
0.03778052016028433
0.03769742612069767
0.037614043580899356
0.03753037317893902
0.037446415555069786
0.037362171351743335
0.03727764121360506
0.03719282578748902
0.03710772572241308
0.037022341669573945
0.0369366742823421
0.036850724216256896
0.03676449212902148
0.03667797868049778
0.03659118453270147
0.03650411034979687
0.03641675679809191
0.03632912454603299
0.03624121426419984
0.036153026625300524
0.0360645623041661
0.03597582197774562
0.03588680632510084
0.035797516027401076
0.03570795176791802
0.0356181142320204
0.03552800410716889
0.03543762208291071
0.03534696885087443
0.035256045104764634
0.03516485154035668
0.03507338885549127
0.034981657750069194
0.03488965892604597
0.034797393087426416
0.03470486094025931
0.034612063192631964
0.03451900055466482
0.03442567373850604
0.03433208345832597
0.03423823043031177
0.03414411537266189
0.03404973900558057
0.03395510205127235
0.0338602052339365
0.03376504927976157
0.033669634916919704
0.03357396287556116
0.033478033887808706
0.03338184868775201
0.03328540801144199
0.03318871259688524
0.03309176318403837
0.032994560514802276
0.032897105333016534
0.03279939838445371
0.032701440416813624
0.03260323217971759
0.03250477442470277
0.03240606790521635
0.03230711337660982
0.03220791159613314
0.03210846332292902
0.032008769318027035
0.03190883034433783
0.03180864716664731
0.03170822055161073
0.0316075512677469
0.03150664008543222
0.03140548777689486
0.0313040951162088
0.031202462879287924
0.03110059184388007
0.030998482789561126
0.030896136497728995
0.030793553751597657
0.030690735336191127
0.03058768203833757
0.030484394646663106
0.03038087395158591
0.03027712074531009
0.030173135821819668
0.030068919976872503
0.029964474007994096
0.029859798714471666
0.029754894897347933
0.029649763359414914
0.029544404905207933
0.02943882034099938
0.029333010474792497
0.029226976116315317
0.029120718077014343
0.029014237170048446
0.028907534210282505
0.028800610014281317
0.028693465400303285
0.0285861011882941
0.028478518199880582
0.028370717258364275
0.02826269918871524
0.028154464817565655
0.0280460149732036
0.02793735048556657
0.027828472186235274
0.027719380908427176
0.027610077486990105
0.02750056275839599
0.02739083756073429
0.027280902733705696
0.027170759118615658
0.02706040755836798
0.026949848897458318
0.026839083981967767
0.026728113659556345
0.026616938779456523
0.026505560192466766
0.026393978750944902
0.02628219530880177
0.026170210721494523
0.026058025846020162
0.025945641540909
0.02583305866621803
0.025720278083524343
0.025607300655918604
0.02549412724799838
0.025380758725861544
0.025267195957099635
0.025153439810791232
0.025039491157495337
0.02492535086924462
0.024811019819538798
0.024696498883338004
0.02458178893705601
0.024466890858553497
0.024351805527131454
0.024236533823524344
0.024121076629893386
0.02400543482981984
0.02388960930829821
0.023773600951729475
0.023657410647914316
0.023541039286046273
0.02342448775670507
0.0233077569518496
0.023190847764811277
0.023073761090287123
0.02295649782433287
0.022839058864356238
0.022721445109109915
0.022603657458684798
0.022485696814503017
0.022367564079311095
0.022249260157173007
0.02213078595346326
0.022012142374859992
0.021893330329338004
0.02177435072616183
0.02165520447587873
0.02153589249031179
0.021416415682552918
0.02129677496695583
0.021176971259129047
0.02105700547592896
0.020936878535452723
0.0208165913570313
0.02069614486122234
0.02057553996980322
0.02045477760576396
0.020333858693300136
0.02021278415780582
0.02009155492586651
0.019970171925252012
0.019848636084909405
0.01972694833495577
0.019605109606671306
0.019483120832492
0.019360982946002574
0.019238696881929362
0.019116263576133115
0.018993683965601818
0.018870958988443584
0.018748089583879433
0.018625076692236096
0.018501921254938835
0.01837862421450422
0.018255186514532944
0.018131609099702614
0.018007892915760392
0.01788403890951597
0.01776004802883415
0.01763592122262762
0.017511659440849755
0.017387263634487317
0.017262734755553153
0.01713807375707891
0.017013281593107745
0.016888359218687074
0.01676330758986118
0.016638127663663925
0.016512820398111472
0.0163873867521949
0.016261827685872855
0.016136144160064238
0.016010337136640858
0.01588440757841999
0.015758356449157133
0.01563218471353853
0.015505893337173782
0.015379483286588568
0.015252955529217106
0.015126311033394874
0.01499955076835106
0.014872675704201295
0.014745686811940105
0.014618585063433555
0.014491371431411774
0.014364046889461518
0.014236612412018703
0.014109068974360995
0.013981417552600302
0.013853659123675265
0.013725794665343872
0.013597825156175967
0.013469751575545627
0.013341574903623844
0.01321329612137087
0.013084916210528846
0.012956436153614175
0.012827856933910057
0.012699179535458962
0.012570404943055054
0.01244153414223674
0.012312568119279036
0.01218350786118606
0.012054354355683446
0.011925108591210874
0.011795771556914388
0.01166634424263891
0.01153682763892057
0.011407222736979252
0.011277530528710934
0.011147752006680054
0.011017888164111983
0.010887939994885408
0.010757908493524709
0.010627794655192337
0.01049759947568126
0.010367323951407235
0.010236969079401277
0.010106535857301986
0.009976025283347909
0.00984543835636988
0.009714776075783456
0.009584039441581172
0.009453229454324929
0.009322347115138319
0.009191393425699029
0.009060369388231074
0.008929276005497165
0.008798114280791055
0.008666885217929876
0.008535589821246366
0.008404229095581276
0.00827280404627564
0.008141315679163064
0.008009765000562061
0.007878153017268338
0.007746480736547054
0.0076147491661251706
0.007482959314183702
0.007351112189349981
0.0072192088006899895
0.007087250157700582
0.006955237270301818
0.006823171148829185
0.006691052804025821
0.006558883247034915
0.006426663489391838
0.006294394543016479
0.006162077420205425
0.006029713133624303
0.0058973026962999405
0.00576484712161271
0.005632347423288649
0.005499804615391797
0.005367219712316409
0.00523459372877919
0.005101927679811522
0.004969222580751635
0.004836479447236969
0.004703699295196348
0.0045708831408420945
0.004438032000662394
0.004305146891413453
0.004172228830111705
0.004039278834026074
0.0039062979206701326
0.0037732871077943435
0.0036402474133782666
0.003507179855622772
0.003374085452942235
0.003240965223956744
0.0031078201874842728
0.002974651362532977
0.002841459768293293
0.0027082464241301547
0.002575012349575238
0.002441758564319133
0.0023084860882035506
0.0021751959412134427
0.0020418891434692936
0.001908566715219276
0.0017752296768314333
0.0016418790487858375
0.0015085158516668748
0.0013751411061553038
0.0012417558330205735
0.00110836105311291
0.0009749577873555594
0.0008415470567369118
0.0007081298823027886
0.0005747072851485355
0.0004412802864112326
0.000307849907261878
0.00017441716889763447
0.0000409830925338618
-0.00009245130060353315
-0.00022588498928603306
-0.0003593169522902226
-0.0004927461684057507
-0.0006261716164429739
-0.0007595922752409035
-0.0008930071236749934
-0.0010264151406648998
-0.0011598153051823536
-0.0012932065962589767
-0.0014265879929940644
-0.001559958474562405
-0.0016933170202221282
-0.0018266626093224852
-0.001959994221311641
-0.0020933108357446112
-0.0022266114322908414
-0.0023598949907422373
-0.002493160491020907
-0.002626406913186902
-0.0027596332374460243
-0.002892838444157843
-0.0030260215138431987
-0.003159181427192209
-0.0032923171650719864
-0.0034254277085344073
-0.003558512038824094
-0.0036915691373859845
-0.0038245979858732558
-0.0039575975661550866
-0.004090566860324468
-0.004223504850705985
-0.004356410519863554
-0.0044892828506083145
-0.004622120826006318
-0.004754923429386445
-0.0048876896443479645
-0.005020418454768553
-0.005153108844811909
-0.005285759798935625
-0.005418370301898864
-0.005550939338770209
-0.005683465894935429
-0.005815948956105269
-0.0059483875083230844
-0.00608078053797272
-0.006213127031786272
-0.006345425976851702
-0.006477676360620878
-0.006609877170916993
-0.006742027395942525
-0.006874126024286912
-0.0070061720449343026
-0.007138164447271303
-0.007270102221094675
-0.007401984356619153
-0.007533809844485052
-0.007665577675766143
-0.007797286841977183
-0.00792893633508185
-0.008060525147500327
-0.008192052272116954
-0.008323516702288149
-0.008454917431849906
-0.008586253455125622
-0.008717523766933744
-0.008848727362595427
-0.008979863237942348
-0.009110930389324196
-0.009241927813616586
-0.009372854508228584
-0.009503709471110403
-0.009634491700761083
-0.009765200196236182
-0.009895833957155407
-0.010026391983710322
-0.010156873276671892
-0.010287276837398253
-0.010417601667842299
-0.010547846770559302
-0.010678011148714587
-0.010808093806091145
-0.010938093747097328
-0.011068009976774252
-0.011197841500803682
-0.011327587325515484
-0.011457246457895297
-0.011586817905592064
-0.011716300676925697
-0.011845693780894673
-0.01197499622718354
-0.012104207026170523
-0.01223332518893521
-0.01236234972726597
-0.012491279653667598
-0.012620113981368851
-0.012748851724330023
-0.012877491897250444
-0.013006033515576087
-0.013134475595507069
-0.01326281715400516
-0.013391057208801318
-0.013519194778403281
-0.013647228882103016
-0.01377515853998415
-0.013902982772929602
-0.01403070060262904
-0.01415831105158632
-0.014285813143127034
-0.014413205901405955
-0.014540488351414502
-0.014667659518988161
-0.014794718430814058
-0.014921664114438274
-0.015048495598273426
-0.015175211911605965
-0.015301812084603742
-0.015428295148323291
-0.015554660134717345
-0.015680906076642243
-0.015807032007865273
-0.01593303696307213
-0.01605891997787424
-0.016184680088816232
-0.01631031633338322
-0.01643582775000823
-0.016561213378079538
-0.016686472257947997
-0.01681160343093443
-0.016936605939336994
-0.017061478826438416
-0.017186221136513368
-0.017310831914835817
-0.01743531020768622
-0.01755965506235899
-0.01768386552716961
-0.017807940651462108
-0.01793187948561618
-0.01805568108105448
-0.01817934449024997
-0.018302868766733045
-0.01842625296509892
-0.018549496141014758
-0.018672597351226936
-0.018795555653568264
-0.018918370106965177
-0.019041039771445036
-0.01916356370814311
-0.019285940979310006
-0.019408170648318686
-0.019530251779671718
-0.019652183439008375
-0.019773964693111837
-0.019895594609916335
-0.0200170722585142
-0.020138396709163103
-0.020259567033293107
-0.020380582303513833
-0.020501441593621477
-0.020622143978605928
-0.02074268853465785
-0.020863074339175797
-0.020983300470773205
-0.021103366009285564
-0.021223270035777248
-0.021343011632548776
-0.02146258988314369
-0.021582003872355645
-0.021701252686235347
-0.021820335412097637
-0.02193925113852839
-0.022057998955391553
-0.0221765779538361
-0.022294987226302902
-0.02241322586653187
-0.02253129296956869
-0.022649187631771813
-0.022766908950819457
-0.0228844560257164
-0.023001827956800933
-0.02311902384575174
-0.023236042795594762
-0.023352883910710068
-0.02346954629683873
-0.023586029061089628
-0.02370233131194635
-0.023818452159273914
-0.023934390714325706
-0.024050146089750132
-0.024165717399597563
-0.024281103759327044
-0.02439630428581305
-0.024511318097352276
-0.024626144313670377
-0.024740782055928653
-0.024855230446730946
-0.024969488610130104
-0.025083555671634897
-0.02519743075821661
-0.02531111299831575
-0.02542460152184869
-0.025537895460214413
-0.02565099394630107
-0.025763896114492636
-0.025876601100675536
-0.025989108042245312
-0.026101416078113154
-0.026213524348712536
-0.02632543199600578
-0.026437138163490626
-0.02654864199620679
-0.026659942640742455
-0.026771039245240984
-0.026881930959407146
-0.026992616934513915
-0.027103096323408744
-0.02721336828052019
-0.027323431961864396
-0.02743328652505143
-0.02754293112929178
-0.027652364935402844
-0.027761587105815354
-0.027870596804579633
-0.027979393197372273
-0.028087975451502246
-0.028196342735917437
-0.0283044942212109
-0.028412429079627342
-0.02852014648506937
-0.028627645613103814
-0.028734925640967985
-0.02884198574757619
-0.028948825113525707
-0.029055442921103312
-0.029161838354291397
-0.029268010598774298
-0.029373958841944464
-0.0294796822729087
-0.02958518008249437
-0.029690451463255673
-0.029795495609479625
-0.029900311717192426
-0.030004898984165543
-0.030109256609921788
-0.030213383795741552
-0.030317279744668885
-0.030420943661517548
-0.030524374752877087
-0.030627572227119013
-0.03073053529440275
-0.03083326316668181
-0.030935755057709666
-0.031038010183045885
-0.031140027760062087
-0.031241807007947903
-0.031343347147717054
-0.031444647402213234
-0.031545706996116044
-0.03164652515594703
-0.031747101110075435
-0.03184743408872426
-0.031947523323976136
-0.03204736804977909
-0.032146967501952506
-0.03224632091819295
-0.032345427538080035
-0.03244428660308217
-0.032542897356562475
-0.03264125904378441
-0.032739370911917726
-0.03283723221004412
-0.03293484218916299
-0.033032200102197234
-0.033129305203998906
-0.03322615675135492
-0.03332275400299281
-0.033419096219586254
-0.033515182663760905
-0.03361101260009996
-0.03370658529514978
-0.03380190001742548
-0.03389695603741658
-0.03399175262759258
-0.0340862890624085
-0.03418056461831047
-0.034274578573741256
-0.03436833020914575
-0.03446181880697649
-0.034555043651699244
-0.03464800402979834
-0.03474069922978218
-0.034833128542188764
-0.03492529125959102
-0.03501718667660229
-0.03510881408988169
-0.035200172798139445
-0.035291262102142375
-0.0353820813047192
-0.03547262971076576
-0.035562906627250535
-0.03565291136321983
-0.035742643229803056
-0.035832101540218056
-0.035921285609776324
-0.036010194755888264
-0.03609882829806842
-0.03618718555794066
-0.03627526585924336
-0.036363068527834656
-0.036450592891697504
-0.03653783828094492
-0.036624804027825
-0.03671148946672615
-0.036797893934182056
-0.0368840167688769
-0.03696985731165023
-0.03705541490550225
-0.03714068889559867
-0.03722567862927576
-0.03731038345604538
-0.0373948027275999
-0.037478935797817234
-0.03756278202276576
-0.03764634076070919
-0.03772961137211151
-0.03781259321964202
-0.03789528566817991
-0.037977688084819446
-0.03805979983887462
-0.03814162030188399
-0.038223148847615566
-0.038304384852071535
-0.038385327693493086
-0.03846597675236512
-0.03854633141142104
-0.03862639105564744
-0.03870615507228885
-0.03878562285085238
-0.03886479378311242
-0.03894366726311534
-0.039022242687183975
-0.039100519453922414
-0.039178496964220565
-0.039256174621258674
-0.03933355183051193
-0.03941062799975506
-0.039487402539066775
-0.039563874860834354
-0.03964004437975814
-0.039715910512855945
-0.03979147267946766
-0.039866730301259444
-0.03994168280222849
-0.04001632960870717
-0.04009067014936754
-0.04016470385522562
-0.04023843015964591
-0.040311848498345584
-0.04038495830939883
-0.04045775903324124
-0.040530250112673985
-0.04060243099286815
-0.04067430112136893
-0.040745859948099906
-0.04081710692536724
-0.040888041507863855
-0.04095866315267362
-0.04102897131927548
-0.041098965469547624
-0.041168645067771625
-0.041238009580636455
-0.04130705847724268
-0.041375791229106416
-0.04144420731016346
-0.041512306196773256
-0.04158008736772294
-0.0416475503042313
-0.04171469448995278
-0.04178151941098144
-0.041848024555854804
-0.04191420941555785
-0.04198007348352696
-0.04204561625565368
-0.04211083723028857
-0.04217573590824521
-0.04224031179280381
-0.04230456438971522
-0.04236849320720452
-0.04243209775597491
-0.042495377549211434
-0.04255833210258463
-0.04262096093425434
-0.042683263564873335
-0.04274523951759103
-0.0428068883180571
-0.042868209494425075
-0.04292920257735604
-0.042989867100022165
-0.0430502025981103
-0.043110208609825514
-0.04316988467589465
-0.04322923033956982
-0.043288245146631904
-0.043346928645394064
-0.043405280386705145
-0.04346329992395312
-0.04352098681306858
-0.04357834061252804
-0.04363536088335736
-0.0436920471891351
-0.04374839909599591
-0.04380441617263373
-0.04386009799030522
-0.043915444122832964
-0.043970454146608766
-0.044025127640596885
-0.044079464186337236
-0.04413346336794862
-0.0441871247721319
-0.04424044798817314
-0.04429343260794683
-0.04434607822591892
-0.044398384439149924
-0.04445035084729807
-0.04450197705262232
-0.04455326265998541
-0.04460420727685693
-0.04465481051331625
-0.04470507198205554
-0.04475499129838275
-0.044804568080224566
-0.04485380194812925
-0.04490269252526963
-0.04495123943744599
-0.04499944231308884
-0.045047300783261864
-0.0450948144816647
-0.04514198304463573
-0.04518880611115488
-0.0452352833228464
-0.04528141432398157
-0.04532719876148144
-0.04537263628491955
-0.04541772654652457
-0.04546246920118304
-0.04550686390644189
-0.045550910322511164
-0.045594608112266635
-0.04563795694125228
-0.04568095647768288
-0.045723606392446645
-0.0457659063591076
-0.04580785605390819
-0.04584945515577171
-0.045890703346304774
-0.04593160030979974
-0.04597214573323712
-0.046012339306288015
-0.046052180721316456
-0.04609166967338176
-0.046130805860240875
-0.04616958898235072
-0.046208018742870394
-0.046246094847663545
-0.04628381700530058
-0.04632118492706086
-0.046358198326934955
-0.04639485692162686
-0.04643116043055607
-0.04646710857585984
-0.04650270108239519
-0.04653793767774113
-0.046572818092200687
-0.046607342058802924
-0.04664150931330511
-0.04667531959419458
-0.04670877264269091
