0.18237958152075845
1001
0.012316547048907604
0.012306037528509428
0.012295216741267012
0.01228408496069914
0.012272642468192619
0.012260889552995183
0.012248826512208178
0.01223645365077906
0.012223771281493677
0.01221077972496836
0.012197479309641842
0.012183870371766931
0.012169953255402027
0.012155728312402407
0.01214119590241136
0.01212635639285105
0.012111210158913286
0.012095757583549985
0.01207999905746351
0.012063934979096812
0.012047565754623322
0.012030891797936701
0.012013913530640378
0.011996631382036884
0.011979045789117002
0.011961157196548701
0.011942966056665925
0.011924472829457133
0.011905677982553667
0.011886581991217938
0.011867185338331405
0.011847488514382366
0.01182749201745355
0.011807196353209528
0.011786602034883924
0.011765709583266434
0.011744519526689668
0.011723032401015767
0.011701248749622882
0.011679169123391408
0.01165679408069006
0.01163412418736176
0.011611160016709322
0.011587902149480956
0.011564351173855568
0.01154050768542791
0.011516372287193497
0.011491945589533363
0.011467228210198627
0.01144222077429487
0.011416923914266325
0.011391338269879878
0.011365464488208887
0.01133930322361683
0.011312855137740743
0.011286120899474481
0.011259101184951823
0.011231796677529347
0.011204208067769155
0.011176336053421427
0.011148181339406727
0.011119744637798232
0.011091026667803676
0.011062028155747177
0.011032749835050867
0.011003192446216347
0.010973356736805936
0.010943243461423799
0.010912853381696815
0.010882187266255356
0.010851245890713814
0.010820030037651009
0.010788540496590365
0.010756778063979976
0.010724743543172424
0.010692437744404485
0.01065986148477663
0.010627015588232347
0.010593900885537305
0.010560518214258347
0.0105268684187423
0.01049295235009461
0.010458770866157827
0.010424324831489895
0.010389615117342288
0.010354642601637975
0.01031940816894921
0.010283912710475145
0.010248157124019316
0.010212142313966903
0.010175869191261865
0.010139338673383902
0.010102551684325237
0.010065509154567264
0.010028212021056975
0.009990661227183293
0.009952857722753195
0.009914802463967679
0.009876496413397589
0.009837940539959258
0.009799135818890007
0.009760083231723454
0.009720783766264717
0.009681238416565398
0.00964144818289845
0.009601414071732876
0.009561137095708256
0.00952061827360915
0.00947985863033932
0.009438859196895782
0.009397621010342755
0.009356145113785411
0.0093144325563435
0.009272484393124789
0.009230301685198394
0.009187885499567918
0.009145236909144483
0.00910235699271957
0.009059246834937728
0.009015907526269148
0.008972340162982068
0.008928545847115048
0.008884525686449077
0.008840280794479571
0.008795812290388179
0.008751121299014498
0.008706208950827595
0.008661076381897413
0.008615724733866056
0.008570155153918861
0.008524368794755424
0.008478366814560408
0.008432150376974269
0.008385720651063784
0.00833907881129251
0.008292226037491062
0.008245163514827252
0.008197892433776133
0.008150413990089849
0.00810272938476742
0.008054839824024333
0.008006746519262042
0.007958450687037306
0.00790995354903144
0.00786125633201937
0.007812360267838644
0.007763266593358223
0.007713976550447225
0.007664491385943481
0.0076148123516220235
0.00756494070416338
0.007514877705121823
0.007464624620893412
0.0074141827226839934
0.007363553286477013
0.007312737593001254
0.007261736927698425
0.00721055258069065
0.007159185846747817
0.0071076380252548315
0.007055910420178746
0.0070040043400357655
0.006951921097858144
0.00689966201116096
0.00684722840190881
0.006794621596482335
0.0067418429256446795
0.0066888937245078205
0.006635775332498793
0.006582489093325804
0.006529036354944236
0.006475418469522543
0.00642163679340805
0.006367692687092636
0.0063135875151783
0.006259322646342663
0.006204899453304325
0.00615031931278814
0.006095583605490387
0.006040693716043834
0.00598565103298272
0.005930456948707621
0.005875112859450207
0.005819620165237953
0.005763980269858677
0.0057081945808250675
0.005652264509339039
0.005596191470256052
0.005539976882049304
0.005483622166773855
0.00542712875003065
0.005370498060930429
0.005313731532057607
0.005256830599433995
0.005199796702482503
0.005142631283990699
0.005085335790074316
0.005027911670140659
0.004970360376851951
0.004912683366088562
0.004854882096912198
0.004796958031528959
0.004738912635252371
0.004680747376466304
0.004622463726587813
0.004564063160029932
0.004505547154164354
0.004446917189284065
0.00438817474856588
0.004329321318032937
0.004270358386517087
0.004211287445621227
0.004152109989681567
0.004092827515729831
0.004033441523455364
0.003973953515167211
0.003914364995756083
0.0038546774726563055
0.003794892455807676
0.0037350114576172586
0.003675035992921115
0.003614967578945986
0.003554807735270915
0.003494557983788775
0.0034342198486678023
0.003373794856312991
0.00331328453532752
0.0032526904164740366
0.0031920140326359716
0.003131256918778711
0.0030704206119108036
0.00300950665104504
0.002948516577159536
0.0028874519331587474
0.002826314263834412
0.0027651051158264924
0.0027038260375840243
0.0026424785793259637
0.002581064293001931
0.002519584732252987
0.002458041452372294
0.0023964360102657865
0.0023347699644127593
0.002273044874826462
0.0022112623030146068
0.0021494238119398887
0.002087530965980419
0.0020255853308901424
0.001963588473759252
0.0019015419629745138
0.0018394473681795963
0.0017773062602353515
0.0017151202111800859
0.0016528907941897664
0.0015906195835382407
0.0015283081545573874
0.001465958083597271
0.0014035709479862512
0.001341148325991093
0.00127869179677701
0.0012162029403677286
0.0011536833376055088
0.0010911345701111407
0.0010285582202439482
0.0009659558710617262
0.0009033291062807079
0.0008406795102354892
0.0007780086678389523
0.0007153181645421466
0.0006526095862942036
0.0005898845195021771
0.0005271445509909415
0.00046439126796302436
0.0004016262579584432
0.0003388511088145521
0.00027606740862587046
0.00021327674570389177
0.00015048070853690247
0.00008768088574979134
0.000024878866063865295
-0.000037923761743361553
-0.000100725408878354
-0.0001635244865717709
-0.00022631940611862945
-0.00028910857891853155
-0.00035189041651584774
-0.0004146633306398975
-0.00047742573324514447
-0.0005401760365513793
-0.0006029126530838745
-0.0006656339957135586
-0.0007283384776971827
-0.0007910245127174544
-0.0008536905149231617
-0.0009163348989693219
-0.0009789560800572852
-0.0010415524739748243
-0.0011041224971362034
-0.0011666645666222758
-0.0012291771002205278
-0.0012916585164650736
-0.0013541072346767117
-0.001416521675002905
-0.001478900258457743
-0.0015412414069618905
-0.0016035435433825252
-0.0016658050915732531
-0.0017280244764139522
-0.0017902001238506507
-0.001852330460935335
-0.001914413915865786
-0.0019764489180252843
-0.0020384338980224052
-0.002100367287730688
-0.002162247520328355
-0.002224073030337893
-0.002285842253665714
-0.002347553627641705
-0.0024092055910587737
-0.0024707965842123416
-0.0025323250489398094
-0.0025937894286599894
-0.0026551881684124656
-0.0027165197148969634
-0.0027777825165126334
-0.002838975023397323
-0.002900095687466759
-0.0029611429624537547
-0.0030221153039473128
-0.0030830111694316975
-0.003143829018325475
-0.003204567312020472
-0.0032652245139207425
-0.003325799089481394
-0.003386289506247455
-0.0034466942338926285
-0.0035070117442580176
-0.003567240511390794
-0.003627379011582797
-0.003687425723409086
-0.0037473791277664445
-0.003807237707911808
-0.003866999949500641
-0.003926664340625257
-0.003986229371853056
-0.004045693536264736
-0.004105055329492413
-0.004164313249757674
-0.004223465797909585
-0.004282511477462617
-0.004341448794634513
-0.004400276258384081
-0.0044589923804489225
-0.004517595675383075
-0.004576084660594607
-0.004634457856383138
-0.00469271378597726
-0.004750850975571916
-0.004808867954365668
-0.004866763254597942
-0.004924535411586149
-0.00498218296376272
-0.005039704452712138
-0.005097098423207792
-0.005154363423248825
-0.005211498004096844
-0.005268500720312606
-0.005325370129792581
-0.00538210479380541
-0.005438703277028356
-0.005495164147583589
-0.005551485977074425
-0.005607667340621444
-0.005663706816898589
-0.0057196029881690855
-0.005775354440321333
-0.005830959762904668
-0.005886417549165071
-0.005941726396080754
-0.00599688490439764
-0.006051891678664797
-0.006106745327269729
-0.006161444462473589
-0.006215987700446275
-0.006270373661301469
-0.006324600969131557
-0.00637866825204239
-0.006432574142188059
-0.006486317275805451
-0.006539896293248807
-0.006593309839024072
-0.0066465565618232195
-0.006699635114558448
-0.0067525441543962485
-0.006805282342791376
-0.006857848345520739
-0.00691024083271715
-0.006962458478902947
-0.007014499963023582
-0.007066363968480989
-0.007118049183166967
-0.007169554299496283
-0.007220878014439853
-0.00727201902955764
-0.0073229760510315645
-0.007373747789698175
-0.0074243329610813305
-0.007474730285424669
-0.007524938487723984
-0.007574956297759488
-0.007624782450127968
-0.007674415684274779
-0.00772385474452576
-0.007773098380118987
-0.007822145345236425
-0.007870994399035467
-0.007919644305680295
-0.007968093834373186
-0.008016341759385625
-0.00806438686008934
-0.008112227920987172
-0.008159863731743836
-0.008207293087216537
-0.00825451478748548
-0.008301527637884214
-0.008348330449029866
-0.008394922036853223
-0.008441301222628728
-0.008487466833004255
-0.008533417700030826
-0.008579152661192163
-0.008624670559434106
-0.008669970243193856
-0.00871505056642916
-0.008759910388647261
-0.0088045485749338
-0.0088489639959815
-0.008893155528118746
-0.008937122053338029
-0.00898086245932423
-0.009024375639482734
-0.00906766049296749
-0.009110715924708806
-0.009153540845441089
-0.009196134171730394
-0.009238494826001854
-0.009280621736566913
-0.009322513837650469
-0.009364170069417841
-0.00940558937800157
-0.009446770715528097
-0.009487713040144258
-0.00952841531604368
-0.009568876513492945
-0.009609095608857688
-0.009649071584628455
-0.009688803429446507
-0.00972829013812934
-0.009767530711696164
-0.009806524157393167
-0.009845269488718637
-0.00988376572544792
-0.009922011893658223
-0.009960007025753259
-0.009997750160487729
-0.010035240342991632
-0.010072476624794453
-0.010109458063849127
-0.010146183724555913
-0.010182652677786026
-0.010218864000905185
-0.010254816777796931
-0.01029051009888582
-0.010325943061160432
-0.010361114768196237
-0.010396024330178234
-0.010430670863923523
-0.010465053492903607
-0.010499171347266585
-0.010533023563859175
-0.010566609286248531
-0.010599927664743927
-0.01063297785641826
-0.01066575902512937
-0.010698270341541187
-0.010730510983144752
-0.010762480134278985
-0.010794176986151352
-0.010825600736858312
-0.010856750591405626
-0.010887625761728458
-0.010918225466711331
-0.01094854893220786
-0.01097859539106039
-0.011008364083119351
-0.011037854255262538
-0.011067065161414143
-0.011095996062563639
-0.011124646226784479
-0.011153014929252624
-0.01118110145226486
-0.011208905085256994
-0.011236425124821798
-0.011263660874726831
-0.011290611645932043
-0.01131727675660723
-0.011343655532149239
-0.01136974730519911
-0.011395551415658893
-0.011421067210708395
-0.011446294044821679
-0.011471231279783407
-0.011495878284704978
-0.011520234436040507
-0.011544299117602592
-0.0115680717205779
-0.011591551643542598
-0.011614738292477536
-0.011637631080783308
-0.011660229429295076
-0.011682532766297231
-0.011704540527537876
-0.011726252156243063
-0.011747667103130922
-0.011768784826425547
-0.011789604791870693
-0.01181012647274331
-0.011830349349866863
-0.011850272911624474
-0.01186989665397187
-0.011889220080450121
-0.011908242702198228
-0.011926964037965473
-0.011945383614123603
-0.01196350096467882
-0.011981315631283566
-0.011998827163248123
-0.012016035117552013
-0.012032939058855227
-0.012049538559509217
-0.012065833199567732
-0.012081822566797431
-0.01209750625668834
-0.012112883872464059
-0.012127955025091824
-0.012142719333292334
-0.012157176423549427
-0.012171325930119487
-0.012185167495040753
-0.01219870076814232
-0.012211925407053058
-0.012224841077210233
-0.01223744745186799
-0.012249744212105625
-0.012261731046835644
-0.012273407652811649
-0.012284773734635993
-0.012295829004767283
-0.012306573183527632
-0.012317005999109745
-0.012327127187583803
-0.012336936492904134
-0.012346433666915686
-0.012355618469360344
-0.01236449066788296
-0.012373050038037264
-0.01238129636329154
-0.012389229435034095
-0.012396849052578561
-0.012404155023168944
-0.012411147161984536
-0.012417825292144557
-0.01242418924471266
-0.0124302388587012
-0.012435973981075292
-0.01244139446675671
-0.012446500178627548
-0.012451290987533677
-0.01245576677228804
-0.012459927419673698
-0.012463772824446707
-0.012467302889338788
-0.012470517525059765
-0.012473416650299864
-0.01247600019173173
-0.012478268084012306
-0.012480220269784499
-0.01248185669967861
-0.012483177332313588
-0.01248418213429809
-0.01248487108023133
-0.012485244152703702
-0.012485301342297236
-0.012485042647585837
-0.012484468075135336
-0.012483577639503286
-0.012482371363238641
-0.012480849276881156
-0.01247901141896063
-0.012476857835995931
-0.012474388582493811
-0.012471603720947544
-0.012468503321835328
-0.012465087463618525
-0.01246135623273966
-0.012457309723620238
-0.012452948038658363
-0.012448271288226145
-0.012443279590666913
-0.012437973072292207
-0.012432351867378608
-0.012426416118164325
-0.01242016597484559
-0.012413601595572886
-0.01240672314644693
-0.012399530801514468
-0.012392024742763885
-0.012384205160120593
-0.012376072251442223
-0.01236762622251364
-0.01235886728704172
-0.012349795666649947
-0.012340411590872812
-0.012330715297150008
-0.012320707030820409
-0.012310387045115893
-0.012299755601154904
-0.012288812967935868
-0.012277559422330392
-0.012265995249076227
-0.01225412074077011
-0.012241936197860332
-0.012229441928639152
-0.012216638249234989
-0.012203525483604429
-0.012190103963524029
-0.012176374028581939
-0.012162336026169276
-0.01214799031147137
-0.01213333724745877
-0.01211837720487805
-0.012103110562242435
-0.012087537705822248
-0.012071659029635102
-0.012055474935435958
-0.01203898583270694
-0.01202219213864701
-0.012005094278161373
-0.011987692683850765
-0.011969987796000475
-0.011951980062569242
-0.011933669939177886
-0.01191505788909781
-0.011896144383239266
-0.011876929900139452
-0.011857414925950384
-0.011837599954426632
-0.01181748548691279
-0.011797072032330836
-0.011776360107167204
-0.011755350235459771
-0.011734042948784561
-0.01171243878624232
-0.011690538294444854
-0.011668342027501239
-0.01164585054700376
-0.011623064422013723
-0.01159998422904707
-0.011576610552059767
-0.011552943982433053
-0.011528985118958474
-0.011504734567822718
-0.011480192942592308
-0.011455360864198053
-0.011430238960919352
-0.011404827868368293
-0.01137912822947358
-0.011353140694464267
-0.011326865920853302
-0.01130030457342089
-0.011273457324197683
-0.011246324852447778
-0.011218907844651519
-0.011191206994488152
-0.011163223002818246
-0.011134956577665995
-0.011106408434201286
-0.011077579294721598
-0.01104846988863375
-0.011019080952435426
-0.01098941322969656
-0.010959467471040514
-0.010929244434125091
-0.01089874488362336
-0.010867969591204327
-0.010836919335513387
-0.010805594902152651
-0.010773997083661049
-0.01074212667949429
-0.010709984496004637
-0.010677571346420509
-0.01064488805082588
-0.01061193543613959
-0.010578714336094338
-0.010545225591215682
-0.010511470048800712
-0.010477448562896619
-0.01044316199427912
-0.010408611210430657
-0.010373797085518437
-0.010338720500372359
-0.010303382342462676
-0.010267783505877584
-0.010231924891300577
-0.01019580740598769
-0.010159431963744494
-0.01012279948490305
-0.01008591089629852
-0.010048767131245848
-0.010011369129516029
-0.009973717837312405
-0.009935814207246714
-0.009897659198314965
-0.009859253775873187
-0.009820598911613026
-0.009781695583537118
-0.009742544775934418
-0.00970314747935518
-0.009663504690586041
-0.009623617412624678
-0.009583486654654513
-0.009543113432019119
-0.0095024987661966
-0.00946164368477368
-0.009420549221419742
-0.009379216415860685
-0.009337646313852596
-0.009295839967155287
-0.009253798433505721
-0.009211522776591196
-0.009169014066022508
-0.009126273377306803
-0.00908330179182044
-0.009040100396781605
-0.008996670285222792
-0.00895301255596314
-0.008909128313580702
-0.00886501866838439
-0.008820684736386008
-0.008776127639271878
-0.008731348504374606
-0.008686348464644437
-0.008641128658620677
-0.008595690230402825
-0.008550034329621682
-0.008504162111410219
-0.008458074736374385
-0.008411773370563733
-0.008365259185441891
-0.00831853335785699
-0.008271597070011807
-0.008224451509433912
-0.008177097868945618
-0.00812953734663377
-0.00808177114581947
-0.008033800475027619
-0.00798562654795633
-0.007937250583446227
-0.007888673805449636
-0.007839897442999537
-0.007790922730178594
-0.007741750906087819
-0.007692383214815284
-0.007642820905404624
-0.007593065231823434
-0.007543117452931575
-0.007492978832449262
-0.007442650638925133
-0.007392134145704193
-0.007341430630895509
-0.007290541377339913
-0.0072394676725776
-0.00718821080881545
-0.007136772082894406
-0.007085152796256683
-0.00703335425491272
-0.00698137776940834
-0.006929224654791341
-0.0068768962305784664
-0.006824393820721832
-0.006771718753575578
-0.006718872361862125
-0.006665855982638576
-0.0066126709572628135
-0.006559318631359573
-0.0065058003547864285
-0.006452117481599602
-0.006398271370019755
-0.00634426338239755
-0.006290094885179237
-0.006235767248872115
-0.006181281848009772
-0.006126640061117347
-0.006071843270676665
-0.006016892863091267
-0.005961790228651294
-0.005906536761498335
-0.005851133859590147
-0.005795582924665339
-0.00573988536220782
-0.005684042581411256
-0.005628055995143502
-0.005571927019910755
-0.0055156570758217545
-0.005459247586551883
-0.005402699979307089
-0.005346015684787803
-0.005289196137152775
-0.005232242773982722
-0.005175157036244001
-0.0051179403682521645
-0.005060594217635355
-0.005003120035297779
-0.00494551927538286
-0.0048877933952366035
-0.004829943855370604
-0.004771972119425145
-0.004713879654132187
-0.004655667929278197
-0.0045973384176670115
-0.004538892595082567
-0.004480331940251573
-0.004421657934806014
-0.0043628720632458125
-0.0043039758129010995
-0.004244970673894771
-0.004185858139104618
-0.004126639704125647
-0.004067316867232206
-0.004007891129340126
-0.003948363993968677
-0.003888736967202574
-0.00382901155765385
-0.00376918927642372
-0.003709271637064336
-0.00364926015554042
-0.003589156350191047
-0.003528961741691113
-0.0034686778530129067
-0.0034083062093876034
-0.003347848338266605
-0.0032873057692829792
-0.0032266800342126826
-0.00316597266693585
-0.0031051852033979616
-0.0030443191815710297
-0.002983376141414615
-0.002922357624836936
-0.002861265175655798
-0.0028001003395595673
-0.0027388646640680602
-0.0026775596984933824
-0.002616186993900726
-0.002554748103069158
-0.0024932445804522903
-0.0024316779821389606
-0.0023700498658138984
-0.002308361790718301
-0.002246615317610298
-0.002184812008725632
-0.002122953427737932
-0.0020610411397193754
-0.0019990767111008586
-0.0019370617096325575
-0.0018749977043441292
-0.0018128862655051247
-0.0017507289645851249
-0.001688527374214131
-0.0016262830681426476
-0.001563997621202
-0.0015016726092643177
-0.001439309609202802
-0.0013769101988517932
-0.0013144759569668652
-0.0012520084631847507
-0.0011895092979836259
-0.0011269800426428793
-0.0010644222792032735
-0.0010018375904267737
-0.0009392275597566531
-0.0008765937712773067
-0.0008139378096742703
-0.0007512612601939977
-0.0006885657086039414
-0.0006258527411522454
-0.0005631239445277148
-0.0005003809058196462
-0.0004376252124776634
-0.00037485845227160634
-0.0003120822132512415
-0.0002492980837062232
-0.0001865076521258342
-0.00012371250715878087
-0.000060914237573038756
1.8855677843746965e-6
0.00006468532002755315
0.00012748343027196916
0.0001902783096745916
0.0002530683694742147
0.0003158520210314591
0.0003786276758691497
0.0004413937457124514
0.0005041486425289704
0.0005668907785690449
0.0006296185664058683
0.0006923304189756199
0.0007550247496177014
0.0008176999721147847
0.0008803545007330273
0.0009429867502621434
0.0010055951360555422
0.0010681780740703667
0.0011307339809076558
0.0011932612738522997
0.001255758370913223
0.001318223690863253
0.001380655653279245
0.0014430526785820309
0.0015054131880763524
0.0015677356039908356
0.0016300183495179237
0.0016922598488537427
0.0017544585272379833
0.0018166128109937385
0.0018787211275673216
0.001940781905568068
0.0020027935748080507
0.0020647545663418287
0.002126663312506212
0.002188518246959784
0.002250317804722671
0.0023120604222160103
0.0023737445373016703
0.0024353685893215554
0.002496931019137349
0.002558430269169695
0.0026198647834378523
0.0026812330075988984
0.0027425333889870896
0.0028037643766532037
0.002864924421403693
0.002926011975839963
0.002987025494397479
0.0030479634333848375
0.003108824251022938
0.0031696064074838385
0.0032303083649298458
0.0032909285875523196
0.0033514655416106588
0.0034119176954709187
0.003472283519644795
0.0035325614868280614
0.0035927500719395
0.0036528477521592245
0.0037128530069673454
0.0037727643181824384
0.0038325801699999286
0.0038922990490304174
0.003951919444338034
0.004011439847478616
0.004070858752537894
0.004130174656169608
0.004189386057633446
0.004248491458833192
0.004307489364354493
0.004366378281502672
0.004425156720340649
0.0044838231937264555
0.004542376217351037
0.004600814309775618
0.004659135992469345
0.004717339789846621
0.0047754242293044594
0.0048333878412597
0.004891229159186248
0.004948946719652194
0.005006539062356709
0.0050640047301671685
0.005121342269155869
0.005178550228636943
0.005235627161202967
0.005292571622761597
0.005349382172572157
0.005406057373282023
0.0054625957909630605
0.0055189959951478145
0.005575256558865831
0.005631376058679606
0.005687353074720733
0.0057431861907257286
0.005798873994071941
