0.12766570706453093
1001
-0.03494275306041556
-0.03464016271337034
-0.034337142849747086
-0.034033697226436246
-0.03372982960560699
-0.03342554375466051
-0.03312084344618333
-0.03281573245790056
-0.032510214572629016
-0.03220429357823034
-0.03189797326756401
-0.031591257438440344
-0.0312841498935734
-0.0309766544405338
-0.03066877489170155
-0.030360515064218774
-0.030051878779942334
-0.029742869865396527
-0.02943349215172559
-0.029123749474646146
-0.028813645674399774
-0.02850318459570527
-0.02819237008771105
-0.02788120600394741
-0.027569696202278702
-0.027257844544855594
-0.026945654898067085
-0.02663313113249259
-0.02632027712285402
-0.026007096747967647
-0.025693593890696066
-0.025379772437900034
-0.02506563628039029
-0.024751189312879278
-0.024436435433932892
-0.024121378545922143
-0.023806022554974764
-0.023490371370926723
-0.023174428907273854
-0.02285819908112325
-0.022541685813144734
-0.022224893027522213
-0.021907824651905085
-0.02159048461735946
-0.021272876858319488
-0.02095500531253853
-0.020636873921040386
-0.020318486628070363
-0.01999984738104644
-0.01968096013051026
-0.01936182883007822
-0.01904245743639237
-0.018722849909071436
-0.018403010210661666
-0.01808294230658773
-0.017762650165103533
-0.01744213775724305
-0.017121409056771047
-0.016800468040133833
-0.016479318686409967
-0.016157964977260904
-0.01583641089688163
-0.015514660431951257
-0.015192717571583653
-0.01487058630727788
-0.014548270632868785
-0.014225774544477446
-0.013903102040461643
-0.013580257121366273
-0.013257243789873766
-0.012934066050754435
-0.012610727910816787
-0.012287233378857967
-0.011963586465613903
-0.01163979118370973
-0.01131585154760988
-0.010991771573568421
-0.010667555279579254
-0.01034320668532624
-0.010018729812133411
-0.009694128682915047
-0.009369407322125921
-0.009044569755711253
-0.008719620011056936
-0.00839456211693945
-0.00806940010347605
-0.007744138002074725
-0.007418779845384253
-0.007093329667244136
-0.006767791502634643
-0.006442169387626794
-0.006116467359332309
-0.0057906894558534955
-0.0054648397162332385
-0.005138922180404928
-0.004812940889142339
-0.0044868998840095565
-0.004160803207310843
-0.003834654902040532
-0.0035084590118329316
-0.0031822195809121322
-0.0028559406540418896
-0.002529626276475521
-0.002203280493905638
-0.0018769073524141206
-0.001550510898421878
-0.001224095178638648
-0.0008976642400129383
-0.0005712221296817073
-0.00024477289492030294
0.00008167941690776444
0.0004081307584010198
0.0007345770821701521
0.0010610143408882875
0.0013874384873410331
0.0017138454744767913
0.0020402312554568557
0.0023665917837056077
0.002692923012960677
0.0030192208973231333
0.003345481391307622
0.0036717004498925425
0.003997874028570196
0.0043239980833969
0.0046500685710431835
0.00497608144884383
0.005302032674848134
0.005627918207869872
0.005953734007537477
0.0062794760343441326
0.006605140249697878
0.006930722615971605
0.007256219096553174
0.007581625655895445
0.007906938259566338
0.008232152874298798
0.008557265468040845
0.008882272010005557
0.009207168470721004
0.009531950822080323
0.009856615037391466
0.010181157091427346
0.010505572960475561
0.01082985862238837
0.011154010056632531
0.011478023244339169
0.011801894168353609
0.012125618813285121
0.012449193165556824
0.012772613213455283
0.013095874947180416
0.01341897435889503
0.013741907442774728
0.01406467019505734
0.014387258614092773
0.014709668700392446
0.01503189645667898
0.015353937887935815
0.01567578900145649
0.015997445806894512
0.01631890431631248
0.01664016054423176
0.01696121050768178
0.017282050226249446
0.017602675722128567
0.017923083020168942
0.018243268147926
0.018563227135709695
0.018882956016633954
0.019202450826665756
0.019521707604674365
0.019840722392480286
0.020159491234904504
0.020478010179817423
0.020796275278187917
0.02111428258413228
0.02143202815496305
0.02174950805123809
0.022066718336809225
0.022383655078871165
0.022700314348010255
0.02301669221825311
0.02333278476711542
0.023648588075650394
0.023964098228497627
0.02427931131393134
0.02459422342390907
0.024908830654120032
0.025223129104033636
0.025537114876947688
0.025850784080036802
0.026164132824400672
0.02647715722511222
0.026789853401265856
0.027102217476025467
0.02741424557667261
0.02772593383465441
0.02803727838563165
0.028348275369526568
0.028658920930570726
0.028969211217352936
0.029279142382866823
0.029588710584558663
0.029897911984374994
0.03020674274881012
0.030515199048953764
0.030823277060538414
0.03113097296398684
0.03143828294445939
0.031745203191901314
0.03205172990108995
0.03235785927168199
0.03266358750826049
0.03296891082038203
0.03327382542262366
0.03357832753462977
0.033882413381159035
0.03418607919213127
0.03448932120267403
0.034792135653169354
0.03509451878930046
0.035396466862098144
0.03569797612798734
0.03599904284883355
0.03629966329198908
0.03659983373033954
0.03689955044234976
0.03719880971211015
0.0374976078293827
0.03779594108964694
0.03809380579414597
0.03839119824993214
0.03868811476991307
0.03898455167289714
0.03928050528363925
0.03957597193288641
0.039870947957423124
0.04016542970011689
0.040459413509963495
0.04075289574213232
0.04104587275801147
0.041338340925252993
0.04163029661781776
0.04192173621602056
0.04221265610657484
0.04250305268263769
0.042792922343854345
0.04308226149640302
0.043371066553039274
0.04365933393314061
0.04394706006275091
0.044234241374624575
0.044520874308270925
0.04480695530999815
0.0450924808329576
0.045377447337187585
0.045661851289657364
0.045945689164310806
0.046228957442110225
0.046511652611080104
0.04679377116635031
0.04707530961019994
0.047356264452100366
0.04763663220875868
0.04791640940416085
0.04819559256961477
0.048474178243793346
0.048752162972777305
0.04902954331009807
0.049306315816780535
0.049582477061385584
0.04985802362005279
0.05013295207654267
0.05040725902227919
0.050680941056392065
0.05095399478575862
0.05122641682504631
0.05149820379675428
0.051769352331255486
0.052039859066838355
0.052309720649748495
0.05257893373423036
0.05284749498256854
0.053115401065129325
0.05338264866040185
0.05364923445503939
0.05391515514390034
0.054180407430089235
0.05444498802499766
0.05470889364834495
0.05497212102821886
0.05523466690111616
0.0554965280119832
0.05575770111425602
0.05601818296990081
0.05627797034945397
0.05653706003206214
0.05679544880552219
0.057053133466320884
0.05731011081967496
0.05756637767957022
0.057821930868801455
0.058076767219011644
0.058330883570731296
0.05858427677341752
0.05883694368549328
0.059088881174386085
0.05934008611656712
0.05959055539758962
0.05984028591212786
0.06008927456401533
0.06033751826628334
0.060585013941199195
0.06083175852030431
0.06107774894445242
0.06132298216384726
0.06156745513808053
0.06181116483616973
0.06205410823659533
0.06229628232733866
0.06253768410591892
0.06277831057943067
0.06301815876458076
0.06325722568772535
0.06349550838490682
0.06373300390189046
0.06396970929420116
0.0642056216271598
0.06444073797591991
0.06467505542550342
0.06490857107083739
0.0651412820167896
0.06537318537820466
0.0656042782799396
0.06583455785689973
0.06606402125407403
0.06629266562657055
0.06652048813965163
0.06674748596876924
0.06697365629959978
0.06719899632807907
0.0674235032604371
0.06764717431323268
0.06787000671338793
0.06809199769822265
0.06831314451548855
0.06853344442340352
0.06875289469068539
0.06897149259658591
0.06918923543092459
0.06940612049412205
0.06962214509723366
0.06983730656198285
0.0700516022207944
0.07026502941682722
0.07047758550400762
0.07068926784706192
0.07090007382154925
0.07111000081389389
0.07131904622141794
0.07152720745237331
0.07173448192597404
0.0719408670724282
0.07214636033296991
0.0723509591598908
0.07255466101657174
0.07275746337751436
0.07295936372837225
0.07316035956598207
0.07336044839839488
0.07355962774490661
0.07375789513608912
0.07395524811382075
0.07415168423131671
0.07434720105315955
0.07454179615532926
0.07473546712523321
0.07492821156173637
0.0751200270751908
0.07531091128746534
0.07550086183197526
0.07568987635371124
0.07587795250926901
0.07606508796687807
0.0762512804064307
0.07643652751951079
0.0766208270094223
0.0768041765912179
0.07698657399172726
0.07716801694958517
0.07734850321525953
0.07752803055107942
0.07770659673126266
0.07788419954194356
0.07806083678120018
0.0782365062590818
0.07841120579763598
0.07858493323093557
0.07875768640510558
0.0789294631783499
0.07910026142097779
0.07927007901543034
0.07943891385630668
0.07960676385039012
0.07977362691667408
0.07993950098638791
0.08010438400302247
0.08026827392235568
0.08043116871247796
0.08059306635381712
0.08075396483916378
0.08091386217369596
0.08107275637500394
0.08123064547311483
0.08138752751051696
0.08154340054218419
0.08169826263559989
0.08185211187078115
0.08200494634030238
0.08215676414931895
0.0823075634155908
0.08245734226950578
0.08260609885410261
0.08275383132509416
0.0829005378508902
0.0830462166126201
0.0831908658041554
0.08333448363213218
0.08347706831597339
0.08361861808791068
0.08375913119300667
0.08389860588917633
0.08403704044720889
0.08417443315078911
0.08431078229651853
0.0844460861939368
0.08458034316554233
0.08471355154681331
0.08484570968622833
0.08497681594528673
0.08510686869852901
0.08523586633355695
0.08536380725105365
0.08549068986480324
0.08561651260171065
0.0857412739018211
0.08586497221833944
0.08598760601764917
0.08610917377933175
0.0862296739961852
0.08634910517424288
0.08646746583279197
0.0865847545043919
0.08670096973489251
0.08681611008345198
0.08693017412255491
0.08704316043802975
0.08715506762906652
0.08726589430823413
0.08737563910149757
0.08748430064823494
0.08759187760125427
0.08769836862681034
0.08780377240462113
0.0879080876278842
0.08801131300329287
0.08811344725105232
0.08821448910489534
0.08831443731209822
0.08841329063349604
0.08851104784349818
0.08860770773010357
0.08870326909491551
0.08879773075315668
0.08889109153368385
0.08898335027900232
0.08907450584528023
0.08916455710236285
0.08925350293378655
0.08934134223679258
0.08942807392234085
0.08951369691512336
0.0895982101535775
0.0896816125898993
0.08976390319005632
0.0898450809338006
0.08992514481468117
0.09000409384005653
0.09008192703110712
0.09015864342284731
0.09023424206413737
0.09030872201769523
0.09038208236010829
0.09045432218184464
0.09052544058726444
0.09059543669463106
0.09066430963612186
0.09073205855783913
0.09079868261982058
0.09086418099604976
0.09092855287446629
0.09099179745697596
0.09105391395946058
0.09111490161178776
0.09117475965782042
0.09123348735542613
0.09129108397648636
0.09134754880690552
0.09140288114661974
0.09145708030960564
0.09151014562388872
0.09156207643155181
0.09161287208874316
0.09166253196568441
0.09171105544667843
0.09175844193011692
0.09180469082848794
0.09184980156838309
0.0918937735905047
0.0919366063496727
0.09197829931483145
0.09201885196905622
0.09205826380955971
0.09209653434769825
0.09213366310897776
0.09216964963305979
0.09220449347376708
0.0922381941990892
0.09227075139118786
0.09230216464640208
0.09233243357525317
0.09236155780244966
0.0923895369668918
0.09241637072167623
0.09244205873410005
0.09246660068566515
0.09248999627208199
0.09251224520327353
0.09253334720337869
0.09255330201075589
0.0925721093779861
0.09258976907187617
0.09260628087346154
0.09262164457800896
0.09263585999501911
0.09264892694822886
0.09266084527561361
0.09267161482938906
0.09268123547601333
0.09268970709618832
0.09269702958486141
0.09270320285122668
0.09270822681872601
0.09271210142505007
0.09271482662213909
0.0927164023761834
0.09271682866762392
0.09271610549115236
0.09271423285571131
0.09271121078449411
0.09270703931494449
0.09270171849875636
0.09269524840187279
0.09268762910448548
0.09267886070103366
0.09266894330020298
0.09265787702492403
0.09264566201237094
0.09263229841395969
0.09261778639534604
0.09260212613642373
0.09258531783132212
0.09256736168840375
0.09254825793026179
0.09252800679371738
0.09250660852981653
0.09248406340382705
0.0924603716952354
0.09243553369774295
0.09240954971926268
0.09238242008191506
0.09235414512202422
0.09232472519011377
0.09229416065090232
0.09226245188329911
0.09222959928039938
0.09219560324947913
0.09216046421199058
0.09212418260355645
0.09208675887396493
0.09204819348716388
0.09200848692125521
0.09196763966848889
0.09192565223525685
0.09188252514208667
0.09183825892363523
0.09179285412868193
0.09174631132012201
0.09169863107495957
0.09164981398430026
0.09159986065334419
0.09154877170137825
0.09149654776176842
0.0914431894819521
0.09138869752342983
0.09133307256175732
0.0912763152865369
0.0912184264014091
0.09115940662404383
0.09109925668613152
0.09103797733337407
0.09097556932547557
0.09091203343613286
0.090847370453026
0.09078158117780849
0.09071466642609727
0.09064662702746268
0.09057746382541808
0.0905071776774096
0.09043576945480518
0.09036324004288408
0.09028959034082576
0.09021482126169868
0.09013893373244908
0.09006192869388946
0.08998380710068696
0.0899045699213513
0.08982421813822314
0.08974275274746162
0.08966017475903201
0.08957648519669344
0.0894916850979859
0.08940577551421755
0.08931875751045162
0.08923063216549332
0.0891414005718763
0.08905106383584922
0.08895962307736198
0.08886707943005179
0.08877343404122928
0.08867868807186415
0.08858284269657067
0.08848589910359346
0.08838785849479233
0.08828872208562771
0.08818849110514543
0.08808716679596151
0.0879847504142467
0.08788124322971108
0.0877766465255881
0.0876709615986188
0.08756418975903568
0.08745633233054653
0.08734739065031791
0.08723736606895863
0.087126259950503
0.08701407367239392
0.08690080862546591
0.08678646621392754
0.08667104785534441
0.08655455498062135
0.08643698903398474
0.08631835147296456
0.08619864376837634
0.08607786740430302
0.08595602387807649
0.08583311470025884
0.08570914139462395
0.08558410549813837
0.08545800856094236
0.08533085214633064
0.08520263783073309
0.08507336720369502
0.08494304186785767
0.08481166343893815
0.08467923354570961
0.08454575382998086
0.08441122594657613
0.08427565156331454
0.08413903236098937
0.08400137003334719
0.08386266628706715
0.08372292284173928
0.08358214142984373
0.08344032379672886
0.08329747170058996
0.08315358691244719
0.0830086712161237
0.0828627264082235
0.08271575429810933
0.08256775670787998
0.08241873547234788
0.08226869243901624
0.08211762946805631
0.0819655484322842
0.08181245121713755
0.0816583397206524
0.08150321585343942
0.08134708153866049
0.08118993871200453
0.08103178932166384
0.08087263532830966
0.08071247870506802
0.08055132143749529
0.08038916552355337
0.0802260129735852
0.08006186581028964
0.07989672606869654
0.07973059579614124
0.07956347705223947
0.0793953719088618
0.07922628245010774
0.07905621077228002
0.07888515898385863
0.07871312920547478
0.07854012356988428
0.07836614422194146
0.07819119331857231
0.07801527302874796
0.07783838553345755
0.07766053302568139
0.07748171771036379
0.07730194180438542
0.07712120753653623
0.07693951714748759
0.07675687288976442
0.0765732770277175
0.07638873183749524
0.07620323960701564
0.07601680263593767
0.0758294232356328
0.0756411037291566
0.07545184645121966
0.0752616537481588
0.07507052797790788
0.07487847150996864
0.07468548672538132
0.07449157601669507
0.07429674178793835
0.07410098645458917
0.073904312443545
0.07370672219309284
0.07350821815287881
0.07330880278387804
0.07310847855836387
0.07290724795987742
0.07270511348319665
0.0725020776343055
0.07229814293036292
0.07209331189967136
0.07188758708164582
0.07168097102678207
0.07147346629662515
0.07126507546373757
0.07105580111166747
0.0708456458349165
0.07063461223890775
0.07042270293995344
0.07020992056522238
0.06999626775270752
0.0697817471511932
0.0695663614202223
0.06935011323006315
0.0691330052616767
0.0689150402066832
0.06869622076732854
0.06847654965645109
0.06825602959744788
0.06803466332424103
0.06781245358124356
0.06758940312332568
0.06736551471578038
0.06714079113428927
0.06691523516488822
0.06668884960393268
0.06646163725806306
0.06623360094417002
0.06600474348935943
0.06577506773091747
0.06554457651627525
0.06531327270297355
0.06508115915862765
0.06484823876089146
0.06461451439742207
0.0643799889658436
0.06414466537371181
0.06390854653847758
0.06367163538745108
0.06343393485776518
0.06319544789633923
0.06295617745984253
0.06271612651465748
0.062475298036843055
0.062233695012097856
0.061991320435722884
0.061748177312584605
0.0615042686570777
0.06125959749308757
0.06101416685395296
0.06076797978242819
0.06052103933064578
0.0602733485600782
0.06002491054150015
0.05977572835495041
0.05952580508969368
0.059275143844182344
0.059023747726017886
0.05877161985191256
0.058518763347650576
0.05826518134804949
0.05801087699692126
0.057755853447033295
0.0575001138600693
0.057243661406590166
0.056986499265994785
0.05672863062648022
0.056470058685002655
0.056210786647237374
0.05595081772753934
0.055690155148903124
0.055428802142923034
0.05516676194975295
0.05490403781806636
0.05464063300501598
0.05437655077619319
0.054111794405587804
0.05384636717554746
0.05358027237673671
0.053313513308096444
0.053046093276802944
0.05277801559822678
0.05250928359589187
0.05223990060143408
0.051969869954560134
0.051699195003005946
0.05142787910249533
0.05115592561669857
0.05088333791719015
0.05061011938340741
0.05033627340260855
0.050061803369830675
0.049786712687847436
0.04951100476712726
0.049234683025790836
0.04895775088956855
0.04868021179175856
0.048402069173183536
0.04812332648214863
0.04784398717439834
0.047564054713073754
0.04728353256866978
0.047002424218991846
0.04672073314911298
0.04643846285133046
0.046155616825122724
0.045872198577105755
0.04558821162098988
0.04530365947753579
0.04501854567451142
0.04473287374664758
0.04444664723559493
0.04415986968987918
0.04387254466485795
0.04358467572267601
0.04329626643222147
0.04300732036908152
0.0427178411154978
0.04242783226032268
0.04213729739897395
0.041846240133390736
0.041554664071988594
0.041262572829615124
0.04096997002750468
0.040676859293233954
0.04038324426067669
0.04008912856995852
0.03979451586741234
0.039499409805532605
0.03920381404293025
0.03890773224428738
0.03861116808031177
0.0383141252276913
0.03801660736904851
0.0377186181928947
0.03742016139358453
0.03712124067127003
0.03682185973185476
0.03652202228694785
0.036221732053817804
0.03592099275534702
0.035619808119984754
0.03531818188170175
0.035016117779943165
0.03471361955958311
0.03441069097087726
0.03410733576941698
0.03380355771608259
0.03349936057699674
0.033194748123477835
0.032889724131992905
0.032584292384111375
0.032278456666457615
0.031972220770664424
0.031665588493325666
0.03135856363594931
0.03105115000491074
0.030743351411404714
0.03043517167139902
0.030126614605586365
0.029817684039337593
0.029508383802653936
0.02919871773011981
0.02888868966085482
0.028578303438466717
0.02826756291100333
0.027956471930904992
0.027645034354956945
0.027333254044241088
0.0270211348640888
0.0267086806840322
0.02639589537775679
0.026082782823053235
0.02576934690176928
0.02545559149976153
0.02514152050684748
0.02482713781675704
0.024512447327084422
0.02419745293924008
0.023882158558401603
0.023566568093466106
0.02325068545700122
0.022934514565196944
0.022618059337816764
0.022301323698149415
0.021984311572959846
0.021667026892440825
0.021349473590164272
0.02103165560303204
0.020713576871227806
0.020395241338167572
0.020076652950451128
0.0197578156578129
0.019438733413073277
0.019119410172089513
0.01879984989370647
0.018480056539707683
0.018160034074766157
0.01783978646639566
0.017519317684900754
0.017198631703328294
0.0168777324974177
0.016556624045551954
0.016235310328708098
0.01591379533040796
0.015592083036668716
0.015270177435953677
0.01494808251912237
0.014625802279381685
0.014303340712235848
0.013980701815437124
0.013657889588936354
0.013334908034832957
0.013011761157325916
0.01268845296266346
0.012364987459093998
0.012041368656816175
0.01171760056792889
0.011393687206382109
0.011069632587926639
0.010745440730064613
0.010421115651999397
0.01009666137458614
0.009772081920281657
0.009447381313094735
0.009122563578535872
0.00879763274356794
0.008472592836555827
0.008147447887216558
0.007822201926569478
0.007496858986886273
0.007171423101640875
0.006845898305459429
0.0065202886340704315
0.00619459812425439
0.005868830813794398
0.005542990741425236
0.005217081946784011
0.004891108470359699
0.004565074353443095
0.004238983638076974
0.003912840367005502
0.0035866485836245493
0.003260412331931239
0.002934135656474381
0.002607822602303433
0.0022814772149191017
0.001955103540222785
0.0016287056244665523
0.0013022875142033091
0.0009758532562358459
0.0006494068975673708
