0.05471387445622754
1001
0.0011530095164147174
0.0011541907725079112
0.0011553694273255973
0.0011565454781060458
0.0011577189220933234
0.0011588897565373013
0.001160057978693662
0.001161223585823911
0.0011623865751953834
0.0011635469440812519
0.0011647046897605377
0.0011658598095181181
0.0011670123006447338
0.0011681621604369996
0.0011693093861974114
0.0011704539752343537
0.0011715959248621126
0.0011727352324008783
0.0011738718951767577
0.0011750059105217815
0.0011761372757739124
0.0011772659882770525
0.0011783920453810538
0.0011795154444417257
0.0011806361828208425
0.001181754257886151
0.0011828696670113826
0.001183982407576256
0.0011850924769664893
0.001186199872573807
0.0011873045917959485
0.0011884066320366755
0.0011895059907057793
0.0011906026652190923
0.0011916966529984918
0.0011927879514719104
0.0011938765580733438
0.001194962470242859
0.0011960456854266
0.0011971262010768
0.0011982040146517835
0.0011992791236159807
0.0012003515254399297
0.0012014212176002874
0.0012024881975798369
0.0012035524628674946
0.0012046140109583177
0.001205672839353514
0.0012067289455604461
0.0012077823270926428
0.0012088329814698045
0.0012098809062178104
0.0012109260988687278
0.0012119685569608192
0.0012130082780385492
0.0012140452596525924
0.0012150794993598404
0.0012161109947234103
0.001217139743312652
0.0012181657427031544
0.001219188990476754
0.0012202094842215416
0.0012212272215318715
0.0012222422000083648
0.0012232544172579216
0.001224263870893724
0.001225270558535247
0.0012262744778082622
0.0012272756263448485
0.0012282740017833962
0.0012292696017686174
0.0012302624239515488
0.0012312524659895633
0.001232239725546374
0.0012332242002920436
0.0012342058879029885
0.0012351847860619886
0.0012361608924581933
0.001237134204787128
0.0012381047207507012
0.001239072438057212
0.0012400373544213569
0.0012409994675642358
0.0012419587752133597
0.0012429152751026573
0.0012438689649724814
0.0012448198425696172
0.0012457679056472862
0.0012467131519651553
0.0012476555792893436
0.0012485951853924268
0.0012495319680534468
0.0012504659250579153
0.001251397054197824
0.0012523253532716466
0.0012532508200843498
0.0012541734524473974
0.0012550932481787563
0.0012560102051029057
0.0012569243210508408
0.0012578355938600802
0.0012587440213746724
0.001259649601445203
0.001260552331928799
0.0012614522106891373
0.0012623492355964493
0.0012632434045275283
0.0012641347153657355
0.0012650231660010062
0.0012659087543298547
0.001266791478255384
0.0012676713356872878
0.001268548324541859
0.0012694224427419961
0.0012702936882172074
0.0012711620589036183
0.0012720275527439793
0.0012728901676876657
0.0012737499016906924
0.0012746067527157126
0.0012754607187320274
0.0012763117977155902
0.0012771599876490135
0.001278005286521575
0.0012788476923292216
0.0012796872030745776
0.0012805238167669483
0.001281357531422329
0.0012821883450634057
0.0012830162557195659
0.0012838412614269018
0.0012846633602282154
0.001285482550173026
0.0012862988293175746
0.0012871121957248298
0.0012879226474644932
0.0012887301826130055
0.001289534799253552
0.0012903364954760662
0.0012911352693772392
0.0012919311190605206
0.001292724042636128
0.0012935140382210495
0.0012943011039390504
0.0012950852379206785
0.0012958664383032681
0.0012966447032309485
0.0012974200308546466
0.001298192419332092
0.0012989618668278232
0.0012997283715131935
0.0013004919315663754
0.0013012525451723649
0.0013020102105229876
0.0013027649258169054
0.001303516689259617
0.0013042654990634694
0.001305011353447656
0.0013057542506382273
0.0013064941888680937
0.001307231166377029
0.0013079651814116786
0.0013086962322255613
0.001309424317079076
0.0013101494342395066
0.0013108715819810251
0.0013115907585847003
0.0013123069623384974
0.0013130201915372865
0.001313730444482846
0.0013144377194838693
0.0013151420148559657
0.001315843328921668
0.001316541660010437
0.0013172370064586647
0.001317929366609681
0.0013186187388137558
0.0013193051214281054
0.0013199885128168973
0.0013206689113512526
0.0013213463154092531
0.0013220207233759437
0.0013226921336433387
0.001323360544610423
0.0013240259546831617
0.0013246883622745
0.001325347765804369
0.0013260041636996907
0.0013266575543943808
0.0013273079363293559
0.001327955307952533
0.001328599667718839
0.0013292410140902122
0.0013298793455356049
0.0013305146605309915
0.00133114695755937
0.0013317762351107664
0.0013324024916822393
0.001333025725777884
0.001333645935908836
0.0013342631205932767
0.0013348772783564342
0.0013354884077305905
0.0013360965072550842
0.0013367015754763138
0.0013373036109477429
0.0013379026122299026
0.001338498577890397
0.0013390915065039065
0.0013396813966521904
0.0013402682469240924
0.001340852055915544
0.0013414328222295664
0.0013420105444762775
0.0013425852212728933
0.0013431568512437318
0.0013437254330202176
0.0013442909652408848
0.00134485344655138
0.0013454128756044683
0.0013459692510600335
0.0013465225715850856
0.0013470728358537594
0.0013476200425473232
0.0013481641903541775
0.0013487052779698637
0.0013492433040970617
0.001349778267445598
0.0013503101667324473
0.0013508390006817348
0.001351364768024742
0.0013518874674999066
0.0013524070978528306
0.0013529236578362785
0.0013534371462101845
0.0013539475617416529
0.0013544549032049628
0.0013549591693815721
0.001355460359060118
0.001355958471036423
0.0013564535041134947
0.001356945457101534
0.0013574343288179323
0.0013579201180872796
0.001358402823741363
0.0013588824446191736
0.0013593589795669076
0.001359832427437969
0.001360302787092973
0.0013607700573997497
0.0013612342372333456
0.0013616953254760276
0.0013621533210172853
0.0013626082227538334
0.0013630600295896152
0.0013635087404358058
0.001363954354210813
0.0013643968698402826
0.0013648362862570993
0.00136527260240139
0.0013657058172205246
0.001366135929669124
0.001366562938709056
0.001366986843309442
0.0013674076424466594
0.0013678253351043414
0.0013682399202733842
0.0013686513969519444
0.0013690597641454454
0.0013694650208665774
0.0013698671661353018
0.0013702661989788512
0.001370662118431735
0.0013710549235357388
0.0013714446133399293
0.0013718311869006527
0.0013722146432815425
0.0013725949815535186
0.0013729722007947876
0.0013733463000908499
0.001373717278534498
0.0013740851352258207
0.0013744498692722042
0.0013748114797883359
0.001375169965896204
0.0013755253267251015
0.0013758775614116283
0.0013762266690996916
0.001376572648940511
0.001376915500092617
0.0013772552217218561
0.0013775918130013898
0.001377925273111699
0.0013782556012405856
0.0013785827965831733
0.0013789068583419102
0.0013792277857265706
0.001379545577954257
0.0013798602342494023
0.0013801717538437694
0.0013804801359764572
0.0013807853798938983
0.0013810874848498623
0.0013813864501054588
0.0013816822749291367
0.0013819749585966873
0.0013822645003912471
0.0013825508996032963
0.0013828341555306625
0.0013831142674785239
0.001383391234759407
0.001383665056693191
0.0013839357326071082
0.0013842032618357467
0.00138446764372105
0.001384728877612321
0.00138498696286622
0.0013852418988467697
0.001385493684925355
0.001385742320480723
0.0013859878048989882
0.001386230137573629
0.0013864693179054936
0.001386705345302798
0.0013869382191811286
0.0013871679389634445
0.0013873945040800758
0.0013876179139687282
0.001387838168074482
0.001388055265849794
0.0013882692067544989
0.0013884799902558098
0.00138868761582832
0.001388892082954004
0.0013890933911222178
0.0013892915398297009
0.0013894865285805766
0.0013896783568863548
0.0013898670242659295
0.0013900525302455835
0.001390234874358987
0.0013904140561472
0.001390590075158671
0.0013907629309492418
0.0013909326230821437
0.0013910991511280016
0.0013912625146648345
0.001391422713278055
0.0013915797465604701
0.001391733614112284
0.001391884315541097
0.001392031850461907
0.0013921762184971088
0.0013923174192764984
0.0013924554524372685
0.0013925903176240137
0.0013927220144887282
0.001392850542690809
0.0013929759018970543
0.0013930980917816638
0.0013932171120262422
0.0013933329623197965
0.001393445642358738
0.0013935551518468824
0.0013936614904954516
0.0013937646580230727
0.0013938646541557772
0.001393961478627005
0.0013940551311776021
0.001394145611555821
0.0013942329195173226
0.001394317054825175
0.0013943980172498557
0.0013944758065692487
0.0013945504225686487
0.001394621865040758
0.0013946901337856888
0.001394755228610962
0.0013948171493315099
0.001394875895769672
0.0013949314677552005
0.001394983865125256
0.0013950330877244093
0.0013950791354046426
0.0013951220080253473
0.0013951617054533264
0.0013951982275627927
0.0013952315742353696
0.0013952617453600906
0.0013952887408334013
0.0013953125605591556
0.0013953332044486194
0.0013953506724204683
0.0013953649644007885
0.0013953760803230755
0.001395384020128236
0.0013953887837645854
0.0013953903711878494
0.001395388782361163
0.0013953840172550704
0.0013953760758475247
0.0013953649581238878
0.0013953506640769309
0.0013953331937068317
0.001395312547021178
0.0013952887240349628
0.001395261724770588
0.0013952315492578619
0.0013951981975339992
0.001395161669643621
0.0013951219656387526
0.001395079085578827
0.0013950330295306795
0.0013949837975685514
0.001394931389774087
0.0013948758062363336
0.0013948170470517416
0.001394755112324164
0.0013946900021648543
0.0013946217166924677
0.0013945502560330596
0.001394475620320085
0.0013943978096943982
0.0013943168243042527
0.0013942326643052976
0.0013941453298605816
0.001394054821140547
0.0013939611383230344
0.0013938642815932774
0.001393764251143904
0.0013936610471749354
0.0013935546698937856
0.00139344511951526
0.0013933323962615543
0.001393216500362255
0.0013930974320543357
0.0013929751915821608
0.0013928497791974787
0.0013927211951594264
0.0013925894397345251
0.0013924545131966798
0.0013923164158271798
0.0013921751479146957
0.0013920307097552796
0.0013918831016523638
0.0013917323239167592
0.0013915783768666547
0.001391421260827617
0.0013912609761325863
0.0013910975231218794
0.0013909309021431862
0.0013907611135515678
0.0013905881577094563
0.0013904120349866552
0.0013902327457603343
0.001390050290415032
0.0013898646693426527
0.001389675882942465
0.0013894839316211007
0.0013892888157925544
0.0013890905358781803
0.0013888890923066937
0.0013886844855141658
0.0013884767159440259
0.001388265784047057
0.0013880516902813975
0.0013878344351125366
0.0013876140190133153
0.0013873904424639226
0.0013871637059518964
0.0013869338099721203
0.0013867007550268226
0.0013864645416255753
0.0013862251702852916
0.0013859826415302235
0.0013857369558919635
0.0013854881139094392
0.0013852361161289135
0.001384980963103983
0.001384722655395576
0.0013844611935719506
0.0013841965782086932
0.0013839288098887168
0.001383657889202259
0.0013833838167468808
0.001383106593127464
0.0013828262189562097
0.0013825426948526366
0.0013822560214435803
0.0013819661993631884
0.0013816732292529215
0.0013813771117615501
0.0013810778475451535
0.001380775437267116
0.0013804698815981268
0.0013801611812161783
0.0013798493368065623
0.0013795343490618686
0.0013792162186819833
0.0013788949463740886
0.001378570532852657
0.0013782429788394522
0.001377912285063525
0.001377578452261214
0.0013772414811761388
0.0013769013725592036
0.0013765581271685911
0.0013762117457697606
0.0013758622291354479
0.0013755095780456604
0.001375153793287678
0.0013747948756560476
0.0013744328259525833
0.001374067644986363
0.0013736993335737254
0.0013733278925382713
0.0013729533227108542
0.0013725756249295875
0.0013721948000398323
0.0013718108488942032
0.00137142377235256
0.0013710335712820093
0.0013706402465568997
0.0013702437990588206
0.0013698442296765983
0.0013694415393062961
0.0013690357288512086
0.0013686267992218618
0.0013682147513360094
0.0013677995861186302
0.0013673813045019258
0.0013669599074253185
0.0013665353958354472
0.0013661077706861664
0.001365677032938544
0.0013652431835608555
0.0013648062235285844
0.0013643661538244192
0.0013639229754382493
0.0013634766893671642
0.0013630272966154476
0.0013625747981945789
0.0013621191951232263
0.0013616604884272483
0.001361198679139686
0.0013607337683007653
0.0013602657569578894
0.00135979464616564
0.0013593204369857718
0.0013588431304872102
0.0013583627277460502
0.0013578792298455503
0.0013573926378761317
0.0013569029529353752
0.0013564101761280184
0.0013559143085659514
0.0013554153513682153
0.001354913305660998
0.0013544081725776328
0.0013538999532585931
0.0013533886488514921
0.0013528742605110771
0.0013523567893992273
0.001351836236684952
0.0013513126035443854
0.0013507858911607862
0.0013502561007245307
0.0013497232334331126
0.0013491872904911391
0.0013486482731103274
0.0013481061825095012
0.001347561019914588
0.001347012786558616
0.0013464614836817114
0.001345907112531092
0.0013453496743610679
0.0013447891704330365
0.0013442256020154782
0.001343658970383955
0.0013430892768211058
0.001342516522616643
0.0013419407090673504
0.0013413618374770776
0.0013407799091567395
0.0013401949254243097
0.0013396068876048196
0.001339015797030354
0.0013384216550400467
0.0013378244629800786
0.0013372242222036727
0.0013366209340710928
0.0013360145999496366
0.0013354052212136353
0.0013347927992444482
0.0013341773354304603
0.0013335588311670764
0.0013329372878567213
0.0013323127069088325
0.0013316850897398581
0.0013310544377732544
0.0013304207524394787
0.0013297840351759894
0.0013291442874272402
0.0013285015106446773
0.0013278557062867341
0.0013272068758188292
0.0013265550207133621
0.0013259001424497088
0.0013252422425142183
0.0013245813224002105
0.0013239173836079685
0.0013232504276447382
0.0013225804560247233
0.0013219074702690813
0.0013212314719059201
0.0013205524624702923
0.0013198704435041942
0.001319185416556559
0.0013184973831832554
0.001317806344947081
0.001317112303417761
0.0013164152601719413
0.0013157152167931879
0.0013150121748719795
0.0013143061360057057
0.0013135971017986623
0.0013128850738620462
0.0013121700538139527
0.0013114520432793717
0.001310731043890181
0.0013100070572851462
0.0013092800851099125
0.001308550129017003
0.0013078171906658134
0.0013070812717226085
0.001306342373860518
0.0013056004987595316
0.0013048556481064949
0.001304107823595106
0.0013033570269259103
0.001302603259806296
0.001301846523950491
0.0013010868210795578
0.0013003241529213885
0.0012995585212107026
0.0012987899276890394
0.001298018374104757
0.0012972438622130254
0.0012964663937758236
0.0012956859705619342
0.0012949025943469398
0.0012941162669132178
0.0012933269900499372
0.0012925347655530508
0.0012917395952252953
0.0012909414808761849
0.001290140424322004
0.0012893364273858076
0.0012885294918974126
0.0012877196196933957
0.001286906812617088
0.0012860910725185695
0.0012852724012546676
0.0012844508006889467
0.0012836262726917105
0.001282798819139993
0.0012819684419175532
0.0012811351429148742
0.0012802989240291544
0.0012794597871643068
0.0012786177342309498
0.0012777727671464064
0.0012769248878346977
0.0012760740982265377
0.0012752204002593303
0.0012743637958771608
0.0012735042870307967
0.0012726418756776783
0.001271776563781914
0.0012709083533142796
0.001270037246252208
0.0012691632445797885
0.0012682863502877595
0.001267406565373505
0.0012665238918410484
0.0012656383317010483
0.0012647498869707945
0.0012638585596742
0.0012629643518418004
0.0012620672655107449
0.0012611673027247926
0.0012602644655343093
0.0012593587559962597
0.001258450176174204
0.0012575387281382924
0.0012566244139652597
0.001255707235738421
0.0012547871955476656
0.001253864295489453
0.001252938537666806
0.0012520099241893085
0.0012510784571730968
0.001250144138740857
0.001249206971021819
0.001248266956151751
0.0012473240962729538
0.0012463783935342577
0.0012454298500910149
0.001244478468105096
0.0012435242497448812
0.001242567197185262
0.0012416073126076282
0.0012406445981998676
0.001239679056156358
0.0012387106886779635
0.0012377394979720285
0.0012367654862523723
0.0012357886557392834
0.0012348090086595155
0.0012338265472462795
0.0012328412737392404
0.0012318531903845115
0.0012308622994346482
0.0012298686031486424
0.001228872103791918
0.0012278728036363244
0.0012268707049601319
0.001225865810048025
0.0012248581211910994
0.0012238476406868516
0.0012228343708391796
0.0012218183139583716
0.0012207994723611045
0.0012197778483704358
0.001218753444315799
0.0012177262625329983
0.001216696305364202
0.0012156635751579378
0.0012146280742690858
0.001213589805058875
0.0012125487698948746
0.001211504971150992
0.0012104584112074637
0.00120940909245085
0.0012083570172740326
0.0012073021880762047
0.0012062446072628671
0.0012051842772458224
0.0012041212004431688
0.0012030553792792948
0.001201986816184873
0.0012009155135968546
0.0011998414739584618
0.0011987646997191849
0.0011976851933347748
0.0011966029572672364
0.0011955179939848238
0.001194430305962034
0.0011933398956796015
0.0011922467656244914
0.0011911509182898942
0.0011900523561752185
0.0011889510817860876
0.0011878470976343313
0.0011867404062379798
0.0011856310101212592
0.0011845189118145842
0.0011834041138545533
0.0011822866187839404
0.0011811664291516923
0.0011800435475129182
0.001178917976428888
0.0011777897184670231
0.0011766587762008906
0.0011755251522102
0.0011743888490807926
0.0011732498694046385
0.00117210821577983
0.0011709638908105745
0.0011698168971071886
0.0011686672372860914
0.0011675149139698006
0.0011663599297869233
0.0011652022873721505
0.0011640419893662523
0.0011628790384160701
0.0011617134371745112
0.0011605451883005412
0.0011593742944591792
0.001158200758321491
0.0011570245825645816
0.0011558457698715911
0.0011546643229316863
0.0011534802444400551
0.0011522935370978993
0.001151104203612431
0.001149912246696862
0.0011487176690704005
0.0011475204734582428
0.0011463206625915686
0.0011451182392075336
0.0011439132060492622
0.0011427055658658415
0.0011414953214123164
0.0011402824754496814
0.0011390670307448733
0.0011378489900707664
0.0011366283562061661
0.0011354051319358
0.0011341793200503143
0.0011329509233462653
0.0011317199446261117
0.0011304863866982116
0.0011292502523768129
0.0011280115444820475
0.0011267702658399245
0.001125526419282324
0.0011242800076469897
0.0011230310337775231
0.001121779500523375
0.0011205254107398421
0.0011192687672880563
0.0011180095730349815
0.0011167478308534038
0.0011154835436219266
0.0011142167142249638
0.0011129473455527318
0.001111675440501244
0.0011104010019723036
0.0011091240328734951
0.001107844536118182
0.0011065625146254934
0.001105277971320323
0.0011039909091333185
0.0011027013310008769
0.0011014092398651365
0.0011001146386739695
0.0010988175303809776
0.001097517917945481
0.001096215804332515
0.0010949111925128224
0.001093604085462844
0.0010922944861647148
0.0010909823976062553
0.0010896678227809648
0.0010883507646880146
0.0010870312263322412
0.0010857092107241374
0.001084384720879848
0.0010830577598211616
0.001081728330575502
0.0010803964361759241
0.0010790620796611039
0.0010777252640753326
0.00107638599246851
0.0010750442678961374
0.001073700093419308
0.001072353472104704
0.0010710044070245852
0.0010696529012567842
0.0010682989578846994
0.0010669425799972859
0.0010655837706890503
0.0010642225330600413
0.0010628588702158459
0.001061492785267578
0.0010601242813318736
0.0010587533615308837
0.0010573800289922664
0.0010560042868491778
0.0010546261382402683
0.0010532455863096724
0.001051862634207003
0.001050477285087343
0.0010490895421112379
0.0010476994084446902
0.0010463068872591488
0.0010449119817315053
0.0010435146950440826
0.001042115030384633
0.001040712990946324
0.001039308579927736
0.0010379018005328526
0.0010364926559710546
0.0010350811494571096
0.001033667284211169
0.0010322510634587557
0.0010308324904307609
0.0010294115683634325
0.0010279883004983717
0.0010265626900825221
0.0010251347403681637
0.0010237044546129047
0.001022271836079675
0.0010208368880367182
0.0010193996137575828
0.001017960016521115
0.0010165180996114535
0.0010150738663180182
0.001013627319935505
0.001012178463763878
0.0010107273011083604
0.0010092738352794272
0.0010078180695928
0.001006360007369435
0.0010048996519355193
0.0010034370066224609
0.0010019720747668816
0.0010005048597106086
0.0009990353648006692
0.0009975635933892788
0.000996089548833837
0.000994613234496918
0.0009931346537462634
0.000991653809954773
0.0009901707065005003
0.00098868534676664
0.0009871977341415247
0.000985707872018613
0.0009842157637964858
0.0009827214128788348
0.0009812248226744567
0.0009797259965972436
0.0009782249380661779
0.0009767216505053218
0.00097521613734381
0.0009737084020158417
0.0009721984479606747
0.0009706862786226134
0.000969171897451004
0.0009676553079002271
0.0009661365134296863
0.0009646155175038028
0.000963092323592007
0.0009615669351687305
0.0009600393557133961
0.0009585095887104138
0.000956977637649169
0.0009554435060240159
0.0009539071973342703
0.0009523687150841995
0.0009508280627830149
0.0009492852439448666
0.0009477402620888302
0.0009461931207389033
0.0009446438234239941
0.0009430923736779166
0.0009415387750393786
0.0009399830310519762
0.0009384251452641846
0.0009368651212293516
0.0009353029625056853
0.0009337386726562515
0.0009321722552489593
0.0009306037138565597
0.0009290330520566307
0.000927460273431574
0.0009258853815686045
0.0009243083800597419
0.000922729272501803
0.0009211480624963947
0.0009195647536499015
0.0009179793495734831
0.0009163918538830607
0.000914802270199313
0.0009132106021476637
0.0009116168533582773
0.0009100210274660471
0.0009084231281105893
0.0009068231589362337
0.000905221123592016
0.0009036170257316666
0.0009020108690136072
0.0009004026571009376
0.0008987923936614306
0.0008971800823675205
0.0008955657268962985
0.0008939493309294996
0.0008923308981534997
0.0008907104322593005
0.0008890879369425271
0.0008874634159034169
0.0008858368728468097
0.0008842083114821417
0.0008825777355234351
0.0008809451486892905
0.0008793105547028805
0.0008776739572919356
0.0008760353601887401
0.000874394767130123
0.0008727521818574481
0.0008711076081166062
0.0008694610496580063
0.0008678125102365667
0.000866161993611708
0.0008645095035473408
0.0008628550438118616
0.0008611986181781421
0.0008595402304235182
0.0008578798843297857
0.000856217583683188
