0.13678468614056885
1001
0.07660443870102263
0.07678355812460746
0.07696158483976398
0.07713851631263964
0.07731435002496885
0.07748908347410896
0.0776627141730758
0.07783523965057917
0.07800665745105789
0.07817696513471484
0.07834616027755169
0.07851424047140335
0.07868120332397237
0.07884704645886276
0.07901176751561409
0.07917536414973489
0.07933783403273613
0.0794991748521643
0.07965938431163441
0.07981846013086256
0.07997640004569849
0.08013320180815779
0.08028886318645387
0.08044338196502973
0.08059675594458954
0.08074898294212997
0.08090006079097116
0.08104998734078755
0.08119876045763867
0.08134637802399936
0.08149283793878992
0.08163813811740611
0.0817822764917487
0.08192525101025301
0.08206705963791806
0.0822077003563356
0.08234717116371866
0.08248547007493034
0.08262259512151182
0.08275854435171047
0.08289331583050759
0.08302690763964612
0.08315931787765768
0.08329054465988983
0.08342058611853287
0.0835494404026463
0.0836771056781854
0.0838035801280271
0.08392886195199602
0.08405294936688994
0.08417584060650538
0.08429753392166252
0.08441802758023026
0.08453731986715084
0.0846554090844642
0.08477229355133221
0.08488797160406258
0.08500244159613249
0.08511570189821216
0.08522775089818789
0.08533858700118505
0.0854482086295909
0.08555661422307691
0.08566380223862097
0.08576977115052949
0.08587451945045897
0.08597804564743755
0.08608034826788617
0.08618142585563969
0.08628127697196744
0.08637990019559377
0.08647729412271836
0.08657345736703609
0.08666838855975681
0.08676208634962486
0.08685454940293826
0.08694577640356772
0.08703576605297537
0.08712451707023326
0.08721202819204157
0.08729829817274655
0.08738332578435844
0.08746710981656865
0.08754964907676722
0.08763094239005983
0.08771098859928428
0.08778978656502714
0.08786733516564003
0.08794363329725542
0.08801867987380242
0.08809247382702227
0.0881650141064835
0.08823629967959691
0.08830632953163023
0.0883751026657227
0.08844261810289901
0.0885088748820835
0.08857387206011368
0.08863760871175372
0.0887000839297076
0.08876129682463202
0.08882124652514904
0.08887993217785863
0.08893735294735057
0.08899350801621657
0.08904839658506182
0.0891020178725163
0.08915437111524599
0.08920545556796378
0.08925527050343991
0.08930381521251257
0.08935108900409772
0.08939709120519918
0.089441821160918
0.08948527823446197
0.08952746180715451
0.08956837127844365
0.08960800606591049
0.08964636560527738
0.08968344935041624
0.08971925677335604
0.08975378736429054
0.08978704063158541
0.08981901610178523
0.08984971331962037
0.08987913184801331
0.08990727126808497
0.0899341311791606
0.08995971119877555
0.08998401096268067
0.09000703012484756
0.09002876835747341
0.0900492253509857
0.09006840081404664
0.09008629447355732
0.09010290607466154
0.09011823538074952
0.0901322821734612
0.09014504625268935
0.09015652743658258
0.0901667255615476
0.09017564048225196
0.09018327207162573
0.09018962022086363
0.09019468483942639
0.09019846585504208
0.09020096321370723
0.09020217687968744
0.09020210683551802
0.09020075308200425
0.09019811563822122
0.09019419454151378
0.0901889898474958
0.09018250163004952
0.09017472998132445
0.0901656750117361
0.09015533684996428
0.09014371564295154
0.09013081155590072
0.09011662477227295
0.09010115549378478
0.0900844039404055
0.09006637035035385
0.09004705498009474
0.09002645810433561
0.09000458001602242
0.08998142102633558
0.0899569814646855
0.0899312616787079
0.08990426203425883
0.08987598291540955
0.08984642472444088
0.0898155878818378
0.08978347282628313
0.08975008001465148
0.08971540992200276
0.08967946304157529
0.08964223988477885
0.0896037409811875
0.08956396687853187
0.0895229181426915
0.08948059535768672
0.08943699912567044
0.0893921300669193
0.08934598881982533
0.08929857604088638
0.08924989240469705
0.08919993860393904
0.08914871534937126
0.08909622336981969
0.08904246341216718
0.08898743624134257
0.08893114264031
0.0888735834100577
0.08881475936958655
0.08875467135589848
0.08869332022398459
0.0886307068468129
0.088566832115316
0.08850169693837832
0.08843530224282323
0.08836764897339981
0.08829873809276946
0.08822857058149221
0.08815714743801267
0.0880844696786459
0.08801053833756295
0.08793535446677614
0.08785891913612401
0.08778123343325626
0.08770229846361806
0.08762211535043449
0.08754068523469453
0.0874580092751347
0.08737408864822276
0.08728892454814076
0.08720251818676825
0.08711487079366488
0.08702598361605303
0.08693585791879983
0.08684449498439957
0.08675189611295496
0.08665806262215901
0.08656299584727609
0.08646669714112297
0.08636916787404958
0.08627040943391949
0.08617042322609021
0.08606921067339311
0.08596677321611318
0.08586311231196866
0.08575822943609011
0.08565212608099955
0.08554480375658918
0.08543626399009986
0.08532650832609942
0.08521553832646066
0.08510335557033913
0.08498996165415065
0.08487535819154858
0.08475954681340093
0.08464252916776697
0.084524306919874
0.0844048817520935
0.08428425536391729
0.08416242947193316
0.08403940580980072
0.0839151861282265
0.08378977219493905
0.08366316579466401
0.08353536872909839
0.08340638281688517
0.08327620989358726
0.08314485181166154
0.08301231044043231
0.08287858766606486
0.0827436853915385
0.08260760553661954
0.08247035003783398
0.08233192084843992
0.08219231993839972
0.08205154929435203
0.08190961091958356
0.08176650683400043
0.08162223907409957
0.08147680969293963
0.08133022076011175
0.08118247436171032
0.08103357260030294
0.08088351759490083
0.08073231148092842
0.08057995641019317
0.08042645455085476
0.08027180808739437
0.0801160192205835
0.07995909016745278
0.07980102316126021
0.07964182045145951
0.07948148430366817
0.07932001699963508
0.0791574208372081
0.07899369813030133
0.07882885120886225
0.07866288241883856
0.07849579412214464
0.07832758869662816
0.07815826853603608
0.07798783604998062
0.077816293663905
0.07764364381904887
0.07746988897241364
0.07729503159672742
0.07711907418040995
0.07694201922753706
0.07676386925780501
0.0765846268064949
0.07640429442443616
0.07622287467797073
0.07604037014891604
0.07585678343452869
0.07567211714746723
0.07548637391575508
0.07529955638274308
0.07511166720707192
0.07492270906263428
0.07473268463853674
0.07454159663906158
0.0743494477836282
0.07415624080675458
0.07396197845801811
0.07376666350201669
0.0735702987183293
0.0733728869014764
0.07317443086088027
0.07297493342082481
0.07277439742041567
0.0725728257135395
0.07237022116882362
0.07216658666959502
0.07196192511383935
0.07175623941415972
0.07154953249773527
0.07134180730627941
0.07113306679599808
0.0709233139375475
0.07071255171599211
0.07050078313076195
0.07028801119561
0.07007423893856926
0.06985946940190972
0.06964370564209504
0.06942695072973896
0.06920920774956178
0.0689904798003463
0.06877076999489377
0.06855008145997962
0.06832841733630893
0.06810578077847167
0.06788217495489794
0.0676576030478128
0.06743206825319098
0.06720557378071139
0.06697812285371138
0.0667497187091411
0.06652036459751713
0.06629006378287641
0.06605881954272967
0.06582663516801497
0.06559351396305065
0.06535945924548837
0.06512447434626599
0.06488856260956007
0.06465172739273824
0.06441397206631155
0.06417530001388637
0.06393571463211632
0.06369521933065388
0.06345381753210189
0.06321151267196487
0.06296830819859996
0.06272420757316809
0.0624792142695846
0.06223333177446974
0.06198656358709912
0.06173891321935388
0.061490384195670815
0.061240980052992014
0.0609907043407147
0.06073956062064057
0.06048755246692534
0.06023468346602753
0.0599809572166577
0.05972637732972715
0.059470947428296506
0.05921467114752419
0.05895755213461461
0.05869959404876639
0.05844080056112011
0.05818117535470628
0.057920722124392664
0.057659444576832
0.0573973464304089
0.05713443141518725
0.056870703272856905
0.05660616575668054
0.0563408226314402
0.05607467767338373
0.05580773467017103
0.055539997420820164
0.055271469735653216
0.05500215543624214
0.054732058355354406
0.05446118233689843
0.054189531235868664
0.05391710891829102
0.053643919261167704
0.05336996615242215
0.053095253490843486
0.0528197851860311
0.052543565158339293
0.05226659733882101
0.051988885669172306
0.051710434101675966
0.05143124659914541
0.05115132713486825
0.05087067969254976
0.050589308266256044
0.05030721686035747
0.050024409489471434
0.04974089017840533
0.049456662962099114
0.04917173188556827
0.048886101003845744
0.048599774381924615
0.04831275609469996
0.04802505022691115
0.047736660873083446
0.04744759213746993
0.04715784813399287
0.04686743298618543
0.04657635082713283
0.046284605799413486
0.04599220205504018
0.04569914375540091
0.045405435071199624
0.04511108018239681
0.04481608327815035
0.04452044855675537
0.04422418022558492
0.043927282501029875
0.04362975960843903
0.04333161578205886
0.04303285526497342
0.04273348230904371
0.04243350117484745
0.042132916131618264
0.0418317314571849
0.04152995143791046
0.041227580368631334
0.040924622552596074
0.040621082301404154
0.04031696393494467
0.04001227178133466
0.039707010176857786
0.03940118346590247
0.03909479600090001
0.0387878521422626
0.038480356258321684
0.03817231272526518
0.037863725927075646
0.03755460025546754
0.03724494010982523
0.03693474989713977
0.03662403403194661
0.03631279693626253
0.03600104303952294
0.03568877677851858
0.035376002597332534
0.03506272494727693
0.03474894828682966
0.03443467708157079
0.034119915804119126
0.03380466893406853
0.03348894095792414
0.03317273636903845
0.032856059667547545
0.03253891536030696
0.032221307960827485
0.0319032419892109
0.03158472197208576
0.0312657524425431
0.030946337940071428
0.03062648301049271
0.030306192205897215
0.029985470084579083
0.029664321210971064
0.02934275015558003
0.02902076149492139
0.02869835981145451
0.028375549693517074
0.028052335735259924
0.02772872253658165
0.02740471470306334
0.027080316845902636
0.026755533581848463
0.026430369533135035
0.026104829327416333
0.025778917597700138
0.02545263898228203
0.025125998124679347
0.024798999673565306
0.024471648282702697
0.0241439486108776
0.023815905321833152
0.02348752308420322
0.023158806571445905
0.02282976046177693
0.022500389438103306
0.022170698187956348
0.021840691403425365
0.021510373781090435
0.021179750021955945
0.020848824831383547
0.020517602919025095
0.020186088998755587
0.019854287788606508
0.019522204010698103
0.019189842391172465
0.018857207660126305
0.01852430455154355
0.018191137803227887
0.017857712156735612
0.017524032357307755
0.017190103153802882
0.01685592929862942
0.01652151554767785
0.016186866660253183
0.015851987399007332
0.015516882529871033
0.015181556821986188
0.014846015047638132
0.014510261982187257
0.01417430240400171
0.013838141094388788
0.013501782837527183
0.013165232420398734
0.012828494632720686
0.012491574266876962
0.012154476117850333
0.011817204983153995
0.011479765662763604
0.011142162959048393
0.010804401676703483
0.010466486622680881
0.010128422606121646
0.009790214438286917
0.009451866932489804
0.009113384904026774
0.008774773170109064
0.008436036549794223
0.00809717986391732
0.007758207935022711
0.007419125587295009
0.007079937646490643
0.006740648939869128
0.006401264296124403
0.006061788545315915
0.005722226518800265
0.00538258304916194
0.005042862970145075
0.004703071116584201
0.004363212324335753
0.00402329143020896
0.003683313271897283
0.003343282687909423
0.0030032045175004767
0.0026630836006030154
0.002322924777758418
0.0019827328900475704
0.0016425127790224087
0.0013022692866367087
0.0009620072551773494
0.0006217315271953029
0.00028144694543673213
-0.00005884164722590432
-0.0003991294078628239
-0.0007394114935557392
-0.0010796830614670204
-0.001419939268908241
-0.0017601752734094443
-0.0021003862327880255
-0.002440567305217324
-0.002780713649295928
-0.0031208204241163517
-0.003460882789334063
-0.003800895905236261
-0.004140854932810759
-0.004480755033814986
-0.00482059137084456
-0.0051603591074026
-0.00550005340796812
-0.005839669438064947
-0.0061792023643307895
-0.006518647354585693
-0.006857999577901018
-0.007197254204668031
-0.0075364064066667956
-0.007875451357134864
-0.008214384230836015
-0.008553200204128506
-0.008891894455034424
-0.009230462163307923
-0.009568898510503635
-0.009907198680045552
-0.010245357857295677
-0.01058337122962212
-0.010921233986468062
-0.011258941319419786
-0.011596488422275418
-0.0119338704911132
-0.012271082724360005
-0.012608120322859368
-0.012944978489940077
-0.013281652431484393
-0.013618137355996145
-0.01395442847466899
-0.014290521001454802
-0.01462641015313115
-0.014962091149370265
-0.015297559212806192
-0.01563280956910352
-0.01596783744702479
-0.0163026380784988
-0.016637206698688088
-0.016971538546056965
-0.017305628862439405
-0.01763947289310649
-0.01797306588683418
-0.01830640309597113
-0.01863947977650578
-0.018972291188134534
-0.019304832594328563
-0.019637099262401658
-0.01996908646357749
-0.020300789473056833
-0.020632203570084696
-0.020963324038017872
-0.021294146164391885
-0.0216246652409877
-0.021954876563899366
-0.02228477543360048
-0.02261435715501141
-0.02294361703756579
-0.023272550395277508
-0.02360115254680736
-0.02392941881552947
-0.02425734452959826
-0.02458492502201455
-0.024912155630692122
-0.025239031698524227
-0.025565548573449504
-0.02589170160851853
-0.026217486161959812
-0.026542897597245832
-0.02686793128315918
-0.027192582593858174
-0.02751684690894293
-0.02784071961352126
-0.02816419609827382
-0.028487271759520375
-0.028809941999284727
-0.029132202225360535
-0.029454047851376675
-0.029775474296862104
-0.03009647698731163
-0.030417051354250553
-0.030737192835299902
-0.03105689687424135
-0.03137615892108203
-0.03169497443211918
-0.032013338870005084
-0.03233124770381143
-0.032648696409093764
-0.0329656804679562
-0.03328219536911513
-0.03359823660796409
-0.03391379968663748
-0.034228880114074614
-0.03454347340608375
-0.03485757508540578
-0.03517118068177818
-0.03548428573199827
-0.03579688577998693
-0.036108976376852335
-0.03642055308095257
-0.03673161145795949
-0.03704214708092148
-0.0373521555303266
-0.03766163239416536
-0.03797057326799374
-0.03827897375499548
-0.03858682946604517
-0.038894136019770285
-0.03920088904261383
-0.039507084168896374
-0.03981271704087814
-0.040117783308821445
-0.040422278631052105
-0.04072619867402156
-0.0410295391123683
-0.041332295628979596
-0.04163446391505302
-0.041936039670157424
-0.04223701860229451
-0.04253739642795981
-0.04283716887220338
-0.0431363316686912
-0.04343488055976527
-0.043732811296504644
-0.044030119638785836
-0.04432680135534277
-0.04462285222382759
-0.04491826803087049
-0.045213044572139524
-0.04550717765240064
-0.04580066308557735
-0.046093496694810276
-0.04638567431251663
-0.04667719178044937
-0.04696804494975682
-0.047258229681041104
-0.047547741844417485
-0.04783657731957308
-0.04812473199582539
-0.048412201772180814
-0.04869898255739318
-0.04898507027002168
-0.049270460838489384
-0.04955515020114064
-0.049839134306299396
-0.05012240911232657
-0.050404970587677574
-0.05068681471095984
-0.050967937470989995
-0.05124833486685077
-0.051528002907948324
-0.0518069376140686
-0.05208513501543444
-0.0523625911527615
-0.05263930207731511
-0.052915263850966336
-0.05319047254624789
-0.05346492424641014
-0.05373861504547684
-0.05401154104830068
-0.05428369837061879
-0.054555083139108014
-0.05482569149143983
-0.055095519576335815
-0.055364563553621834
-0.055632819594283074
-0.05590028388051863
-0.05616695260579541
-0.056432821974902764
-0.056697888204006244
-0.05696214752070147
-0.057225596164068
-0.057488230384722526
-0.057750046444872624
-0.058011040618369696
-0.05827120919076196
-0.05853054845934755
-0.05878905473322697
-0.059046724333355914
-0.05930355359259729
-0.05955953885577351
-0.05981467647971882
-0.06006896283333066
-0.0603223942976217
-0.06057496726577117
-0.0608266781431763
-0.06107752334750336
-0.06132749930873887
-0.06157660246924005
-0.06182482928378573
-0.06207217621962679
-0.062318639756536356
-0.06256421638685986
-0.06280890261556503
-0.06305269496029173
-0.06329558995140135
-0.06353758413202619
-0.06377867405811885
-0.06401885629850097
-0.06425812743491242
-0.06449648406205945
-0.06473392278766373
-0.06497044023251027
-0.06520603303049535
-0.06544069782867502
-0.06567443128731226
-0.06590723007992468
-0.06613909089333209
-0.06637001042770317
-0.06659998539660304
-0.06682901252703966
-0.06705708855951006
-0.06728421024804776
-0.06751037436026797
-0.06773557767741392
-0.06795981699440307
-0.06818308911987189
-0.0684053908762223
-0.06862671909966592
-0.0688470706402696
-0.06906644236200053
-0.06928483114277015
-0.06950223387447904
-0.06971864746306122
-0.06993406882852796
-0.07014849490501164
-0.07036192264080948
-0.0705743489984269
-0.07078577095462096
-0.070996185500443
-0.0712055896412817
-0.07141398039690579
-0.07162135480150617
-0.07182770990373856
-0.07203304276676491
-0.07223735046829582
-0.07244063010063173
-0.07264287877070434
-0.07284409360011791
-0.07304427172519029
-0.07324341029699329
-0.07344150648139379
-0.07363855745909355
-0.07383456042566967
-0.07402951259161449
-0.074223411182375
-0.07441625343839256
-0.0746080366151423
-0.0747987579831719
-0.07498841482814057
-0.0751770044508576
-0.07536452416732103
-0.07555097130875553
-0.07573634322165043
-0.07592063726779774
-0.07610385082432942
-0.07628598128375494
-0.07646702605399804
-0.076646982558434
-0.07682584823592621
-0.07700362054086247
-0.07718029694319131
-0.07735587492845804
-0.07753035199784049
-0.0777037256681846
-0.07787599347203969
-0.07804715295769371
-0.07821720168920802
-0.07838613724645206
-0.07855395722513786
-0.07872065923685424
-0.07888624090910074
-0.07905069988532151
-0.07921403382493858
-0.0793762404033857
-0.07953731731214077
-0.07969726225875913
-0.07985607296690604
-0.08001374717638922
-0.08017028264319075
-0.08032567713949929
-0.08047992845374147
-0.08063303439061377
-0.08078499277111338
-0.08093580143256947
-0.08108545822867387
-0.08123396102951154
-0.08138130772159108
-0.08152749620787463
-0.0816725244078077
-0.08181639025734908
-0.08195909170899979
-0.08210062673183251
-0.08224099331152042
-0.08238018945036578
-0.08251821316732856
-0.08265506249805436
-0.08279073549490255
-0.08292523022697405
-0.08305854478013856
-0.08319067725706207
-0.08332162577723376
-0.08345138847699261
-0.08357996350955423
-0.08370734904503685
-0.08383354327048759
-0.0839585443899081
-0.08408235062428017
-0.08420496021159116
-0.0843263714068589
-0.08444658248215664
-0.08456559172663759
-0.08468339744655928
-0.0847999979653077
-0.08491539162342115
-0.08502957677861367
-0.08514255180579895
-0.08525431509711277
-0.08536486506193629
-0.0854742001269186
-0.08558231873599924
-0.08568921935043003
-0.08579490044879735
-0.08589936052704343
-0.08600259809848812
-0.0861046116938497
-0.08620539986126602
-0.08630496116631507
-0.08640329419203548
-0.08650039753894655
-0.0865962698250683
-0.08669090968594105
-0.0867843157746449
-0.08687648676181883
-0.08696742133567968
-0.08705711820204089
-0.08714557608433064
-0.08723279372361036
-0.08731876987859245
-0.08740350332565802
-0.08748699285887424
-0.0875692372900115
-0.08765023544856042
-0.0877299861817485
-0.08780848835455637
-0.0878857408497341
-0.08796174256781705
-0.08803649242714154
-0.08810998936386018
-0.08818223233195703
-0.08825322030326262
-0.08832295226746835
-0.0883914272321411
-0.08845864422273719
-0.08852460228261631
-0.08858930047305513
-0.08865273787326067
-0.0887149135803834
-0.08877582670953013
-0.08883547639377647
-0.08889386178417932
-0.08895098204978891
-0.08900683637766055
-0.08906142397286626
-0.08911474405850614
-0.08916679587571937
-0.08921757868369494
-0.08926709175968231
-0.08931533439900163
-0.08936230591505384
-0.08940800563933028
-0.08945243292142244
-0.08949558712903101
-0.08953746764797497
-0.08957807388220042
-0.08961740525378876
-0.08965546120296533
-0.08969224118810705
-0.08972774468575027
-0.08976197119059823
-0.08979492021552817
-0.08982659129159831
-0.0898569839680546
-0.08988609781233695
-0.08991393241008555
-0.08994048736514677
-0.08996576229957864
-0.08998975685365639
-0.09001247068587748
-0.09003390347296655
-0.09005405490987987
-0.0900729247098099
-0.0900905126041891
-0.09010681834269402
-0.09012184169324865
-0.09013558244202788
-0.09014804039346044
-0.09015921537023176
-0.09016910721328639
-0.09017771578183044
-0.09018504095333332
-0.09019108262352979
-0.09019584070642116
-0.09019931513427677
-0.09020150585763469
-0.09020241284530271
-0.09020203608435852
-0.09020037558015008
-0.09019743135629546
-0.09019320345468246
-0.09018769193546822
-0.09018089687707806
-0.0901728183762046
-0.09016345654780632
-0.09015281152510582
-0.09014088345958816
-0.09012767252099843
-0.09011317889733954
-0.09009740279486941
-0.09008034443809813
-0.09006200406978472
-0.0900423819509337
-0.09002147836079132
-0.08999929359684163
-0.08997582797480229
-0.08995108182861994
