0.15806230398465732
1001
-0.04774404266775516
-0.04783878890249966
-0.04793262593255919
-0.04802555197488255
-0.04811756526373124
-0.04820866405071313
-0.04829884660481564
-0.04838811121243855
-0.048476456177426706
-0.048563879821102114
-0.04865038048229591
-0.048735956517379886
-0.04882060630029775
-0.048904328222595994
-0.04898712069345445
-0.04906898213971656
-0.04914991100591921
-0.0492299057543223
-0.04930896486493798
-0.04938708683555954
-0.049464270181789866
-0.04954051343706977
-0.04961581515270574
-0.04969017389789755
-0.04976358825976539
-0.049836056843376705
-0.04990757827177276
-0.04997815118599476
-0.05004777424510961
-0.05011644612623553
-0.050184165524567066
-0.05025093115339992
-0.05031674174415544
-0.050381596046404666
-0.05044549282789205
-0.050508430874559015
-0.050570408990566855
-0.05063142599831957
-0.05069148073848614
-0.05075057207002268
-0.050808698870194006
-0.05086586003459498
-0.050922054477171574
-0.05097728113024139
-0.05103153894451403
-0.051084826889111
-0.05113714395158529
-0.05118848913794061
-0.0512388614726503
-0.05128825999867578
-0.05133668377748486
-0.0513841318890695
-0.05143060343196326
-0.05147609752325847
-0.05152061329862298
-0.05156414991231662
-0.051606706537207205
-0.051648282364786274
-0.051688876605184515
-0.051728488487186655
-0.05176711725824617
-0.05180476218449964
-0.05184142255078052
-0.051877097660632907
-0.05191178683632472
-0.05194548941886047
-0.051978204767993925
-0.052009932262240176
-0.05204067129888751
-0.052070421294008754
-0.052099181682472476
-0.05212695191795368
-0.0521537314729442
-0.05217951983876264
-0.052204316525564155
-0.052228121062349656
-0.05225093299697482
-0.052272751896158653
-0.05229357734549172
-0.052313408949444
-0.052332246331372435
-0.05235008913352806
-0.052366937017062735
-0.052382789662035766
-0.052397646767419745
-0.05241150805110644
-0.05242437324991206
-0.0524362421195823
-0.052447114434796965
-0.052456989989174196
-0.052465868595274495
-0.05247375008460419
-0.05248063430761865
-0.052486521133725185
-0.0524914104512854
-0.052495302167617476
-0.05249819620899776
-0.05250009252066226
-0.052500991066807695
-0.05250089183059211
-0.052499794814135206
-0.05249770003851833
-0.05249460754378404
-0.05249051738893534
-0.052485429651934576
-0.05247934442970193
-0.052472261838113585
-0.05246418201199949
-0.052455105105140856
-0.05244503129026717
-0.052433960759052926
-0.05242189372211398
-0.05240883040900358
-0.052394771068207925
-0.052379715967141485
-0.05236366539214192
-0.05234661964846463
-0.052328579060276915
-0.0523095439706519
-0.05228951474156187
-0.052268491753871535
-0.05224647540733068
-0.0522234661205666
-0.05219946433107624
-0.052174470495217624
-0.0521484850882015
-0.05212150860408205
-0.052093541555747594
-0.05206458447491086
-0.05203463791209888
-0.05200370243664244
-0.05197177863666534
-0.0519388671190732
-0.05190496850954192
-0.051870083452505725
-0.05183421261114501
-0.05179735666737369
-0.05175951632182622
-0.05172069229384431
-0.05168088532146323
-0.0516400961613978
-0.051598325589027966
-0.0515555743983841
-0.05151184340213194
-0.05146713343155705
-0.05142144533654906
-0.05137477998558557
-0.051327138265715534
-0.05127852108254252
-0.05122892936020738
-0.051178364041370765
-0.05112682608719522
-0.0510743164773268
-0.051020836209876574
-0.050966386301401594
-0.05091096778688562
-0.05085458171971938
-0.05079722917168056
-0.050738911232913526
-0.0506796290119085
-0.0506193836354805
-0.05055817624874801
-0.0504960080151111
-0.050432880116229394
-0.050368793751999576
-0.05030375014053263
-0.050237750518130606
-0.0501707961392632
-0.05010288827654388
-0.05003402822070569
-0.049964217280576734
-0.0498934567830553
-0.049821748073084614
-0.04974909251362736
-0.04967549148563963
-0.04960094638804486
-0.04952545863770706
-0.04944902966940405
-0.04937166093580007
-0.049293353907418194
-0.04921411007261246
-0.049133930937539504
-0.049052818026129937
-0.048970772880059445
-0.04888779705871939
-0.04880389213918729
-0.04871905971619673
-0.04863330140210715
-0.048546618826873146
-0.048459013638013505
-0.048370487500579915
-0.04828104209712524
-0.04819067912767168
-0.04809940030967837
-0.04800720737800872
-0.04791410208489747
-0.047820086199917476
-0.04772516150994592
-0.047629329819130484
-0.04753259294885496
-0.047434952737704726
-0.047336411041431735
-0.0472369697329193
-0.04713663070214644
-0.04703539585615204
-0.0469332671189985
-0.04683024643173528
-0.04672633575236193
-0.04662153705579096
-0.04651585233381019
-0.046409283595045
-0.04630183286492013
-0.046193502185621134
-0.04608429361605567
-0.045974209231814264
-0.045863251125130955
-0.045751421404843416
-0.04563872219635306
-0.045525155641584436
-0.045410723898944724
-0.04529542914328251
-0.04517927356584662
-0.04506225937424441
-0.044944388792399814
-0.0448256640605111
-0.044706087435008236
-0.04458566118851008
-0.044464387609781164
-0.044342269003688185
-0.04421930769115619
-0.04409550600912452
-0.04397086631050234
-0.04384539096412397
-0.04371908235470384
-0.04359194288279117
-0.04346397496472435
-0.04333518103258502
-0.04320556353415187
-0.04307512493285408
-0.04294386770772458
-0.04281179435335278
-0.04267890737983741
-0.04254520931273852
-0.04241070269302978
-0.04227539007704996
-0.04213927403645445
-0.0420023571581664
-0.041864642044327466
-0.04172613131224854
-0.0415868275943598
-0.04144673353816076
-0.041305851806170066
-0.0411641850758747
-0.04102173603967928
-0.040878507404854755
-0.040734501893487006
-0.04058972224242519
-0.040444171203229594
-0.040297851542119435
-0.04015076603992024
-0.04000291749201106
-0.03985430870827126
-0.0397049425130272
-0.039554821744998525
-0.03940394925724422
-0.03925232791710836
-0.039099960606165704
-0.03894685022016682
-0.038792999668983176
-0.03863841187655169
-0.03848308978081932
-0.03832703633368714
-0.03817025450095426
-0.038012747262261455
-0.03785451761103455
-0.03769556855442753
-0.03753590311326543
-0.03737552432198683
-0.03721443522858629
-0.037052638894556365
-0.03689013839482947
-0.03672693681771938
-0.0365630372648626
-0.03639844285115937
-0.03623315670471454
-0.036067181966778036
-0.03590052179168522
-0.03573317934679699
-0.035565157812439435
-0.03539646038184352
-0.0352270902610844
-0.035057050669020456
-0.03488634483723211
-0.034714976009960444
-0.03454294744404554
-0.03437026240886458
-0.03419692418626969
-0.034022936070525665
-0.033848301368247215
-0.03367302339833626
-0.03349710549191882
-0.033320550992281615
-0.03314336325480873
-0.032965545646917636
-0.03278710154799533
-0.03260803434933407
-0.03242834745406691
-0.03224804427710308
-0.032067128245063026
-0.03188560279621334
-0.031703471380401374
-0.03152073745898975
-0.0313374045047905
-0.03115347600199912
-0.030968955446128307
-0.030783846343941622
-0.030598152213386756
-0.03041187658352868
-0.030225022994482677
-0.030037594997346966
-0.029849596154135204
-0.029661030037708893
-0.02947190023170942
-0.029282210330489944
-0.029091963939047092
-0.028901164672952503
-0.028709816158284038
-0.02851792203155697
-0.0283254859396547
-0.0281325115397597
-0.027939002499283817
-0.02774496249579863
-0.02755039521696559
-0.027355304360465953
-0.027159693633930435
-0.026963566754868783
-0.02676692745059922
-0.026569779458177456
-0.02637212652432582
-0.026173972405361883
-0.025975320867127276
-0.025776175684915994
-0.0255765406434026
-0.025376419536570553
-0.025175816167639774
-0.02497473434899461
-0.02477317790211128
-0.024571150657485274
-0.024368656454558647
-0.024165699141646853
-0.023962282575865797
-0.023758410623058456
-0.02355408715772142
-0.023349316062931273
-0.023144101230270806
-0.02293844655975505
-0.022732355959757113
-0.022525833346934
-0.022318882646152154
-0.02211150779041279
-0.021903712720777242
-0.02169550138629208
-0.02148687774391394
-0.021277845758434485
-0.021068409402404915
-0.0208585726560606
-0.020648339507245327
-0.020437713951335628
-0.020226699991164717
-0.020015301636946595
-0.019803522906199664
-0.019591367823670467
-0.019378840421257246
-0.019165944737933246
-0.01895268481966992
-0.018739064719360186
-0.018525088496741275
-0.01831076021831766
-0.018096083957283727
-0.017881063793446367
-0.017665703813147502
-0.01745000810918637
-0.017233980780741755
-0.017017625933294128
-0.016800947678547583
-0.016583950134351717
-0.016366637424623378
-0.016149013679268288
-0.015931083034102542
-0.015712849630774045
-0.015494317616683824
-0.015275491144907125
-0.015056374374114584
-0.014836971468493112
-0.014617286597666848
-0.014397323936617863
-0.014177087665606772
-0.013956581970093501
-0.01373581104065742
-0.013514779072918006
-0.013293490267454963
-0.013071948829728404
-0.012850158969998958
-0.012628124903247767
-0.01240585084909635
-0.012183341031726474
-0.011960599679799759
-0.011737631026377465
-0.011514439308839962
-0.011291028768806237
-0.011067403652053227
-0.010843568208435234
-0.010619526691803098
-0.010395283359923293
-0.010170842474397186
-0.00994620830057992
-0.009721385107499349
-0.00949637716777502
-0.009271188757536786
-0.009045824156343845
-0.008820287647103103
-0.008594583515987872
-0.008368716052356616
-0.008142689548671115
-0.007916508300415194
-0.007690176606012834
-0.007463698766746649
-0.007237079086676166
-0.007010321872555834
-0.006783431433753434
-0.006556412082168063
-0.006329268132148069
-0.0061020039004092905
-0.00587462370595291
-0.005647131869983397
-0.005419532715826313
-0.005191830568846248
-0.004964029756364655
-0.004736134607577423
-0.004508149453472852
-0.0042800786267491895
-0.004051926461732316
-0.003823697294293407
-0.003595395461766498
-0.0033670253028661697
-0.003138591157604936
-0.002910097367210805
-0.0026815482740449423
-0.002452948221518882
-0.0022243015540122963
-0.0019956126167900664
-0.001766885755920075
-0.0015381253181904078
-0.0013093356510266738
-0.0010805211024096828
-0.0008516860207925333
-0.0006228347550180755
-0.0003939716542363251
-0.0001651010678216994
0.00006377265470951471
0.0002926451637818888
0.0005215121098436117
0.0007503691434488405
0.0009792119153406891
0.0012080360765337513
0.001436837278396613
0.001665611172734802
0.001894353411873065
0.0021230596487382823
0.002351725536941863
0.0025803467308625
0.002808918885728701
0.003037437657701258
0.0032658987039559835
0.003494297682766019
0.003722630253584627
0.003950892077127356
0.004179078815454743
0.004407186132054688
0.004635209691924762
0.004863145161654687
0.005090988209508714
0.005318734505507932
0.005546379721512426
0.005773919531303629
0.006001349610666602
0.006228665637472047
0.006455863291758574
0.00668293825581482
0.006909886214261322
0.007136702854132691
0.007363383864959472
0.007589924938850208
0.007816321770573162
0.00804257005763814
0.008268665500378289
0.00849460380203188
0.00872038066882377
0.008945991810047283
0.009171432938145457
0.009396699768792696
0.00962178802097612
0.009846693417076969
0.010071411682951876
0.010295938548014078
0.010520269745314547
0.010744401011623132
0.010968328087509591
0.01119204671742439
0.01141555264977985
0.011638841637030623
0.011861909435754596
0.012084751806733553
0.012307364515033675
0.01252974333008593
0.012751884025766706
0.012973782380477823
0.013195434177227081
0.013416835203708174
0.01363798125238067
0.01385886812055034
0.014079491610448566
0.01429984752931247
0.014519931689464393
0.014739739908391539
0.0149592680088255
0.015178511818821513
0.015397467171837898
0.015616129906815148
0.01583449586825503
0.01605256090629948
0.016270320876809602
0.016487771641444358
0.016704909067739117
0.016921729029184387
0.017138227405304
0.01735440008173364
0.01757024295029888
0.01778575190909331
0.018000922862556484
0.018215751721551737
0.018430234403443872
0.018644366832176816
0.018858144938351015
0.019071564659300856
0.019284621939171707
0.019497312728997098
0.01970963298677576
0.019921578677548287
0.020133145773473814
0.020344330253906723
0.020555128105472758
0.020765535322145725
0.02097554790532314
0.021185161863902624
0.021394373214357526
0.021603177980812512
0.021811572195119526
0.022019551896932804
0.022227113133784303
0.022434251961158905
0.022640964442569095
0.022847246649630056
0.023053094662134205
0.023258504568125577
0.02346347246397446
0.023667994454451242
0.023872066652800714
0.02407568518081572
0.024278846168911024
0.02448154575619669
0.02468378009055163
0.02488554532869663
0.025086837636267453
0.025287653187887865
0.025487988167242008
0.025687838767147197
0.02588720118962627
0.02608607164597939
0.026284446356856592
0.026482321552329272
0.02667969347196173
0.026876558364883084
0.027072912489858027
0.02726875211535825
0.02746407351963327
0.027658872990781045
0.02785314682681878
0.028046891335753003
0.0282401028356499
0.02843277765470521
0.028624912131313983
0.028816502614140208
0.029007545462186216
0.02919803704486184
0.02938797374205344
0.029577351944192597
0.029766168052324873
0.029954418478178087
0.030142099644230504
0.030329207983778878
0.030515739941006256
0.030701691971049393
0.030887060540066295
0.031071842125303326
0.03125603321516209
0.03143963030926625
0.03162262991852789
0.031805028565214104
0.03198682278301278
0.03216800911709867
0.03234858412419899
0.032528544372658855
0.03270788644250641
0.03288660692551795
0.03306470242528268
0.033242169557267075
0.03341900494887955
0.03359520523953413
0.03377076708071466
0.03394568713603823
0.03411996208131868
0.03429358860462974
0.03446656340636795
0.03463888319931539
0.03481054470870219
0.03498154467226862
0.03515187984032732
0.035321546975824736
0.03549054285440296
0.035658864264460785
0.03582650800721487
0.0359934708967604
0.03615974976013178
0.0363253414373628
0.03649024278154669
0.03665445065889609
0.036817961948802366
0.03698077354389513
0.03714288235010114
0.03730428528670313
0.03746497928639844
0.037624961295357175
0.0377842282732803
0.03794277719345749
0.038100605042824545
0.03825770882202065
0.03841408554544547
0.038569732241315755
0.03872464595172191
0.03887882373268421
0.039032262654208665
0.03918495980034282
0.039336912269230986
0.03948811717316959
0.039638571638661975
0.03978827280647292
0.03993721783168309
0.04008540388374302
0.040232828146526976
0.04037948781838643
0.04052538011220336
0.04067050225544305
0.04081485149020701
0.04095842507328517
0.041101220276208154
0.04124323438529912
0.04138446470172524
0.04152490854154907
0.041664563235779516
0.041803426130422566
0.0419414945865317
0.04207876598025813
0.04221523770290056
0.04235090716095477
0.042485771776162945
0.04261982898556266
0.04275307624153561
0.04288551101185595
0.043017130779738455
0.043147933043886394
0.04327791531853898
0.043407075133518665
0.04353541003427811
0.04366291758194675
0.04378959535337711
0.043915440941191014
0.044040451953825235
0.044164626015576934
0.044287960766648794
0.04441045386319394
0.04453210297736041
0.0446529057973354
0.04477286002738922
0.04489196338791896
0.045010213615491686
0.04512760846288754
0.04524414569914253
0.045359823109590726
0.04547463849590647
0.04558858967614621
0.04570167448478979
0.04581389077278176
0.0459252364075721
0.046035709273156915
0.04614530727011837
0.046254028315664907
0.046361870343670564
0.0464688313047144
0.04657490916611933
0.046680101911990866
0.04678440754325533
0.046887824077697905
0.04699034955000024
0.047091982011777875
0.047192719531617196
0.047292560195112195
0.04739150210490083
0.047489543380701035
0.047586682159346576
0.047682916594822315
0.047778244858299325
0.04787266513816974
0.047966175640081085
0.04805877458697042
0.04815046021909804
0.04824123079408098
0.0483310845869262
0.04842001989006316
0.04850803501337647
0.04859512828423794
0.04868129804753829
0.0487665426657187
0.04885086051880188
0.048934250004422905
0.04901670953785963
0.04909823755206274
0.049178832497685655
0.04925849284311392
0.04933721707449426
0.049415003695763446
0.049491851228676616
0.0495677582128355
0.04964272320571599
0.04971674478269575
0.0497898215370811
0.049861952080133935
0.04993313504109802
0.05000336906722497
0.050072652823800114
0.050140984994167685
0.05020836427975604
0.050274789400102146
0.050340259092875976
0.05040477211390463
0.05046832723719574
0.05053092325496097
0.05059255897763887
0.05065323323391746
0.050712944870756616
0.050771692753409814
0.050829475765445845
0.05088629280876992
0.05094214280364454
0.05099702468871016
0.05105093742100518
0.05110387997598581
0.051155851347545626
0.05120685054803462
0.05125687660827795
0.05130592857759439
0.05135400552381442
0.05140110653329787
0.05144723071095134
0.051492377180245234
0.0515365450832303
0.05157973358055403
0.05162194185147664
0.05166316909388653
0.051703414524315705
0.051742677377954495
0.0517809569086662
0.051818252389001236
0.05185456311021092
0.051889888382261024
0.051924227533844784
0.05195757991239575
0.051989944884100116
0.05202132183390882
0.052051710165549187
0.052081109301536296
0.05210951868318391
0.05213693777061515
0.05216336604277269
0.05218880299742874
0.052213248151194484
0.05223670103952935
0.0522591612167498
0.052280628256037846
0.05230110174944907
0.05232058130792045
0.05233906656127775
0.05235655715824251
0.05237305276643875
0.0523885530723993
0.05240305778157175
0.05241656661832397
0.05242907932594951
0.052440595666672286
0.05245111542165125
0.052460638390984485
0.052469164393713
0.05247669326782418
0.05248322487025486
0.05248875907689406
0.05249329578258532
0.05249683490112867
0.05249937636528235
0.05250092012676404
0.05250146615625173
0.0525010144433844
0.052499564996762046
0.052497117843945694
0.05249367303145675
0.05248923062477615
0.05248379070834316
0.05247735338555366
0.05246991877875834
0.05246148702926024
0.05245205829731208
0.052441632762113305
0.05243021062180658
0.05241779209347404
0.05240437741313325
0.05238996683573259
0.05237456063514649
0.05235815910417024
0.05234076255451436
0.052322371316798684
0.052302985740546155
0.05228260619417613
0.05226123306499729
0.05223886675920049
0.0522155077018508
0.052191156336879596
0.0521658131270761
0.05213947855407844
0.05211215311836475
0.0520838373392434
0.0520545317548433
0.05202423692210362
0.05199295341676317
0.05196068183334949
0.051927422785167605
0.051893176904288234
0.05185794484153593
0.05182172726647659
0.05178452486740478
0.05174633835133072
0.05170716844396669
0.0516670158897134
0.05162588145164568
0.0515837659114982
0.05154067006965038
0.051496594745111327
0.05145154077550422
0.05140550901705036
0.05135850034455301
0.05131051565138063
0.05126155584944997
0.051211621869208745
0.05116071465961797
0.05110883518813382
0.05105598444068939
0.051002163421675864
0.050947373153923455
0.05089161467868192
0.0508348890556009
0.05077719736270957
0.05071854069639638
0.05065892017138815
0.0505983369207287
0.05053679209575758
0.05047428686608807
0.05041082241958491
0.05034639996234183
0.05028102071865856
0.05021468593101756
0.05014739686006039
0.05007915478456392
0.050009961001415734
0.049939816825589727
0.04986872359012104
0.04979668264608067
0.049723695362549905
0.0496497631265942
0.049574887343236826
0.0494990694354323
0.04942231084403918
0.04934461302779273
0.04926597746327727
0.04918640564489805
0.049105899084852786
0.049024459313103105
0.04894208787734529
0.04885878634298095
0.04877455629308723
0.04868939932838686
0.048603317067217516
0.04851631114550122
0.04842838321671321
0.0483395349518505
0.048249768039400134
0.048159084185307136
0.048067485112942045
0.047974972563068125
0.047881548293808404
0.047787214080612164
0.0476919717162212
0.04759582301063584
0.04749876979108042
0.04740081390196861
0.047301957204868475
0.04720220157846695
0.047101548918534165
0.047000001137887444
0.046897560166354935
0.04679422795073902
0.0466900064547791
0.04658489765911466
0.046478903561247155
0.04637202617550237
0.0462642675329921
0.046155629681575445
0.04604611468582001
0.04593572462696253
0.04582446160286947
0.04571232772799706
0.04559932513335113
0.045485455966446625
0.045370722391266834
0.045255126588222144
0.04513867075410866
0.04502135710206662
0.044903187861538095
0.04478416527822466
0.04466429161404489
0.04454356914709119
0.04442200017158662
0.0442995869978411
0.0441763319522079
0.04405223737703898
0.043927305630640706
0.043801539087229086
0.04367494013688449
0.0435475111855063
0.043419254654767266
0.043290172982067346
0.04316026862048748
0.04302954403874295
0.042898001721136385
0.04276564416751074
0.04263247389320157
0.042498493428989335
0.042363705321051354
0.04222811213091334
0.04209171643540071
0.04195452082658972
0.04181652791175801
0.04167774031333529
0.04153816066885333
0.041397791630895936
0.04125663586704845
0.04111469605984715
0.040971974906728194
0.040828475119976386
0.040684199426673645
0.04053915056864721
0.040393331302417436
0.040246744399145516
0.04009939264458071
0.03995127883900753
0.0398024057971924
0.039652776348330206
0.03950239333599065
0.03935125961806394
0.03919937806670681
0.03904675156828767
0.038893383023331854
0.03873927534646659
0.03858443146636538
0.03842885432569261
0.03827254688104736
0.03811551210290755
0.03795775297557313
0.03779927249710957
0.037640073679290856
0.037480159547542254
0.037319533140882793
0.03715819751186753
0.03699615572652955
