0.1398243458325815
1001
0.0866307974258412
0.08666004212900676
0.08668799814016706
0.08671466504337672
0.08674004244186097
0.08676412995802144
0.08678692723344184
0.08680843392889342
0.08682864972433983
0.086847574318942
0.08686520743106255
0.08688154879827006
0.08689659817734292
0.086910355344273
0.08692282009426895
0.08693399224175921
0.08694387162039495
0.08695245808305231
0.08695975150183477
0.08696575176807501
0.08697045879233647
0.08697387250441478
0.08697599285333876
0.08697681980737125
0.0869763533540094
0.08697459349998504
0.08697154027126466
0.08696719371304873
0.08696155388977134
0.08695462088509898
0.08694639480192964
0.0869368757623909
0.08692606390783833
0.08691395939885349
0.08690056241524133
0.08688587315602762
0.08686989183945597
0.08685261870298468
0.08683405400328309
0.08681419801622783
0.08679305103689877
0.0867706133795745
0.08674688537772779
0.08672186738402062
0.08669555977029883
0.08666796292758676
0.0866390772660813
0.08660890321514589
0.08657744122330407
0.08654469175823291
0.08651065530675592
0.08647533237483589
0.08643872348756743
0.08640082918916907
0.08636165004297525
0.08632118663142786
0.08627943955606766
0.0862364094375253
0.0861920969155121
0.08614650264881057
0.08609962731526459
0.08605147161176926
0.08600203625426076
0.08595132197770543
0.0858993295360891
0.08584605970240568
0.0857915132686458
0.08573569104578492
0.08567859386377145
0.08562022257151423
0.08556057803687002
0.08549966114663053
0.0854374728065093
0.08537401394112823
0.08530928549400368
0.08524328842753277
0.08517602372297874
0.0851074923804565
0.08503769541891784
0.0849666338761361
0.08489430880869094
0.08482072129195241
0.0847458724200652
0.08466976330593222
0.08459239508119804
0.08451376889623215
0.08443388592011185
0.0843527473406048
0.08427035436415141
0.08418670821584688
0.08410181013942304
0.08401566139722975
0.08392826327021628
0.08383961705791212
0.08374972407840771
0.08365858566833487
0.08356620318284694
0.08347257799559853
0.08337771149872523
0.0832816051028228
0.08318426023692628
0.08308567834848864
0.08298586090335938
0.08288480938576263
0.0827825252982752
0.08267901016180407
0.08257426551556392
0.08246829291705415
0.0823610939420359
0.0822526701845083
0.082143023256685
0.08203215478897029
0.08192006642993457
0.08180675984629002
0.08169223672286575
0.08157649876258288
0.08145954768642903
0.0813413852334328
0.08122201316063805
0.08110143324307752
0.08097964727374661
0.0808566570635767
0.08073246444140819
0.0806070712539633
0.08048047936581865
0.08035269065937746
0.08022370703484168
0.08009353041018356
0.07996216272111736
0.07982960592107034
0.07969586198115389
0.07956093289013401
0.07942482065440204
0.07928752729794451
0.07914905486231327
0.07900940540659498
0.07886858100738069
0.07872658375873469
0.07858341577216355
0.07843907917658474
0.07829357611829486
0.07814690876093783
0.07799907928547259
0.07785008989014082
0.07769994279043416
0.07754864021906126
0.0773961844259146
0.0772425776780371
0.07708782225958828
0.07693192047181036
0.07677487463299407
0.07661668707844416
0.07645736016044453
0.07629689624822357
0.07613529772791862
0.07597256700254061
0.07580870649193837
0.07564371863276252
0.0754776058784294
0.07531037069908442
0.07514201558156544
0.07497254302936578
0.07480195556259696
0.07463025571795116
0.07445744604866372
0.07428352912447485
0.0741085075315917
0.07393238387264983
0.0737551607666743
0.07357684084904102
0.07339742677143743
0.07321692120182303
0.07303532682438979
0.07285264633952214
0.07266888246375688
0.07248403792974276
0.0722981154861999
0.07211111789787879
0.0719230479455193
0.0717339084258093
0.07154370215134298
0.07135243195057916
0.07116010066779913
0.0709667111630644
0.07077226631217416
0.07057676900662246
0.07038022215355537
0.07018262867572755
0.06998399151145891
0.06978431361459086
0.06958359795444247
0.0693818475157661
0.06917906529870337
0.0689752543187402
0.06877041760666211
0.06856455820850921
0.06835767918553079
0.06814978361413984
0.06794087458586735
0.06773095520731624
0.06752002860011527
0.06730809790087251
0.06709516626112876
0.06688123684731069
0.06666631284068371
0.06645039743730471
0.0662334938479745
0.06601560529819007
0.0657967350280966
0.06557688629243931
0.06535606236051503
0.06513426651612368
0.06491150205751926
0.06468777229736095
0.06446308056266373
0.06423743019474906
0.06401082454919504
0.06378326699578664
0.06355476091846535
0.06332530971527923
0.06309491679833205
0.06286358559373267
0.06263131954154413
0.06239812209573248
0.06216399672411525
0.061928946908310196
0.061692976143683194
0.061456087939296536
0.06121828581785652
0.060979573315661235
0.06073995398254787
0.060499431381839934
0.06025800909029437
0.06001569069804819
0.05977247980856522
0.05952838003858246
0.05928339501805634
0.05903752839010869
0.05879078381097251
0.05854316494993778
0.058294675489296746
0.05804531912428914
0.05779509956304731
0.057544020526541104
0.05729208574852239
0.05703929897546966
0.05678566396653229
0.056531184493474586
0.05627586434061975
0.056019707304793595
0.055762717195268034
0.05550489783370445
0.055246253054096923
0.054986786702715146
0.05472650263804728
0.05446540473074247
0.05420349686355338
0.05394078293127851
0.05367726684070407
0.05341295251054608
0.053147843871392
0.052881944865642246
0.05261525944745172
0.05234779158267073
0.052079545248786344
0.05181052443486299
0.05154073314148322
0.05127017538068825
0.0509988551759182
0.050726776561952375
0.05045394358484917
0.05018036030188593
0.049906030781498696
0.049630959103221496
0.04935514935762592
0.04907860564626013
0.04880133208158793
0.048523332786927484
0.04824461189639022
0.047965173554819246
0.04768502191772755
0.047404161151236496
0.04712259543201358
0.04684032894721058
0.0465573658944011
0.04627371048151819
0.045989366926791855
0.0457043394586862
0.04541863231583659
0.045132249746986645
0.04484519601092508
0.044557475376422274
0.044269092122166856
0.043980050536702085
0.04369035491836204
0.04340000957520768
0.04310901882496284
0.04281738699494994
0.04252511842202569
0.04223221745251665
0.04193868844215447
0.041644535756011125
0.04134976376843412
0.04105437686298127
0.04075837943235574
0.04046177587834044
0.04016457061173282
0.03986676805227906
0.039568372628608496
0.03926938877816774
0.03896982094715452
0.0386696735904519
0.038368951171561576
0.03806765816253797
0.03776579904392138
0.03746337830467147
0.03716040044210055
0.036856869961806565
0.036552791377606336
0.0362481692114681
0.03594300799344452
0.03563731226160525
0.03533108656196939
0.03502433544843798
0.034717063482726115
0.03440927523429523
0.03410097528028524
0.03379216820544623
0.033482858602070426
0.0331730510699239
0.03286275021617808
0.03255196065534138
0.03224068700919032
0.03192893390670119
0.031616705983980795
0.031304007884197724
0.030990844257513372
0.030677219761012533
0.030363139058634414
0.030048606821103052
0.029733627725858018
0.029418206456984827
0.029102347705145082
0.02878605616750706
0.02846933654767556
0.028152193555622127
0.027834631907614888
0.027516656326148536
0.02719827153987403
0.026879482283528246
0.0265602932978636
0.026240709329577564
0.025920735131242094
0.025600375461232793
0.025279635083658394
0.024958518768289726
0.024637031290488897
0.024315177431138053
0.02399296197656865
0.023670389718489917
0.02334746545391781
0.02302419398510365
0.02270058011946256
0.022376628669502182
0.02205234445275086
0.02172773229168634
0.021402797013663665
0.02107754345084363
0.020751976440120945
0.020426100823052084
0.020099921445783507
0.019773443158979456
0.019446670817749884
0.019119609281578194
0.018792263414249062
0.01846463808377601
0.018136738162329077
0.017808568526162295
0.017480134055541253
0.017151439634670484
0.016822490151620736
0.016493290498256496
0.016163845570163055
0.015834160266573707
0.015504239490296999
0.015174088147643754
0.014843711148354153
0.01451311340552452
0.014182299835534614
0.013851275357974237
0.013520044895570073
0.01318861337411272
0.01285698572238317
0.01252516687207952
0.012193161757743879
0.011860975316688858
0.011528612488923973
0.011196078217082331
0.010863377446347258
0.010530515124378482
0.010197496201238646
0.009864325629319852
0.009531008363269877
0.009197549359918428
0.008863953578203488
0.008530225979097708
0.008196371525534398
0.007862395182333741
0.007528301916129265
0.007194096695293631
0.006859784489864782
0.006525370271472278
0.006190859013263119
0.005856255689827903
0.005521565277126752
0.0051867927524154225
0.004851943094171285
0.004517021282019042
0.004182032296657074
0.0038469811197831354
0.003511872734020102
0.0031767121228422615
0.0028415042705009523
0.002506254161950534
0.0021709667827739853
0.0018356471191092474
0.0015003001575747614
0.0011649308851951583
0.0008295442893274967
0.0004941453575868899
0.00015873907777215067
-0.00017666956220801326
-0.0005120755744095338
-0.0008474739709268241
-0.0011828597639673237
-0.0015182279659253577
-0.0018535735894564592
-0.002188891647551531
-0.0025241771536110027
-0.002859425121518965
-0.003194630565717311
-0.003529788501280042
-0.0038648939439871054
-0.004199941910398721
-0.004534927417929568
-0.004869845484922587
-0.005204691130723376
-0.005539459375754118
-0.005874145241587651
-0.0062087437510214396
-0.006543249928151695
-0.0068776587984474054
-0.007211965388824118
-0.007546164727718157
-0.00788025184516038
-0.008214221772850088
-0.008548069544229056
-0.008881790194555247
-0.00921537876097674
-0.009548830282605407
-0.009882139800590857
-0.010215302358194197
-0.010548313000861401
-0.010881166776297472
-0.011213858734539813
-0.011546383928031817
-0.011878737411696545
-0.012210914243010386
-0.01254290948207622
-0.012874718191697195
-0.013206335437449973
-0.013537756287758301
-0.013868975813966115
-0.014199989090410889
-0.014530791194497185
-0.01486137720676942
-0.01519174221098525
-0.015521881294188732
-0.01585178954678343
-0.016181462062604988
-0.01651089393899468
-0.016840080276872123
-0.017169016180807888
-0.017497696759096484
-0.01782611712382935
-0.018154272390967043
-0.01848215768041231
-0.018809768116082377
-0.019137098825981778
-0.01946414494227432
-0.01979090160135596
-0.020117363943926946
-0.020443527115063996
-0.020769386264292602
-0.02109493654565923
-0.02142017311780322
-0.021745091144028894
-0.022069685792377357
-0.022393952235698705
-0.022717885651723266
-0.02304148122313387
-0.023364734137637105
-0.023687639588035044
-0.024010192772296678
-0.024332388893629434
-0.024654223160550374
-0.024975690786957532
-0.025296786992201076
-0.025617507001154432
-0.025937846044285177
-0.026257799357726194
-0.02657736218334638
-0.02689652976882124
-0.027215297367703912
-0.027533660239495494
-0.027851613649715758
-0.0281691528699732
-0.028486273178035797
-0.028802969857900988
-0.02911923819986582
-0.029435073500596858
-0.029750471063200692
-0.030065426197292976
-0.030379934219068813
-0.030693990451372083
-0.031007590223765355
-0.03132072887259867
-0.031633401741079724
-0.031945604179342516
-0.0322573315445168
-0.0325685792007969
-0.03287934251951095
-0.033189616879189594
-0.03349939766563451
-0.03380868027198731
-0.034117460098798034
-0.0344257325540934
-0.03473349305344508
-0.03504073702003823
-0.03534745988473899
-0.03565365708616287
-0.03595932407074253
-0.036264456292795344
-0.03656904921459102
-0.03687309830641919
-0.037176599046656815
-0.037479546921835236
-0.03778193742670739
-0.038083766064315065
-0.03838502834605512
-0.03868571979174699
-0.03898583592969874
-0.039285372296774174
-0.039584324438458385
-0.0398826879089248
-0.04018045827110082
-0.04047763109673389
-0.04077420196645741
-0.04107016646985665
-0.041365520205533975
-0.04166025878117446
-0.04195437781361129
-0.04224787292889081
-0.0425407397623378
-0.042832973958619944
-0.043124571171813196
-0.043415527065465885
-0.043705837312663476
-0.04399549759609298
-0.04428450360810681
-0.044572851050787315
-0.044860535636010196
-0.045147553085508815
-0.04543389913093739
-0.04571956951393456
-0.0460045599861871
-0.04628886630949233
-0.046572484255822
-0.046855409607384456
-0.04713763815668794
-0.04741916570660263
-0.04769998807042353
-0.047980101071932534
-0.048259500545460354
-0.04853818233594878
-0.04881614229901234
-0.049093376300999865
-0.0493698802190561
-0.04964564994118284
-0.04992068136630038
-0.050194970404308176
-0.05046851297614581
-0.05074130501385367
-0.05101334246063355
-0.051284621270908645
-0.05155513741038416
-0.05182488685610696
-0.052093865596525485
-0.05236206963154955
-0.05262949497260967
-0.05289613764271646
-0.053161993676519685
-0.05342705912036742
-0.05369133003236466
-0.05395480248243195
-0.05421747255236405
-0.05447933633588796
-0.05474038993872102
-0.05500062947862901
-0.0552600510854838
-0.055518650901320896
-0.05577642508039663
-0.05603336978924578
-0.056289481206738164
-0.05654475552413569
-0.056799188945148904
-0.057052777685993615
-0.0573055179754468
-0.05755740605490315
-0.0578084381784307
-0.05805861061282646
-0.0583079196376721
-0.05855636154538932
-0.05880393264129489
-0.059050629243655464
-0.05929644768374261
-0.05954138430588725
-0.05978543546753396
-0.06002859753929512
-0.06027086690500515
-0.060512239961774
-0.06075271312004073
-0.06099228280362725
-0.06123094544979103
-0.06146869750927844
-0.061705535446377274
-0.061941455738969545
-0.06217645487858385
-0.062410529370447276
-0.06264367573353777
-0.06287589050063558
-0.06310717021837503
-0.06333751144729573
-0.06356691076189387
-0.06379536475067299
-0.0640228700161949
-0.06424942317513012
-0.0644750208583081
-0.06469965971076752
-0.06492333639180606
-0.06514604757503006
-0.06536778994840409
-0.06558856021430005
-0.06580835508954651
-0.06602717130547714
-0.06624500560797957
-0.0664618547575439
-0.06667771552931048
-0.06689258471311817
-0.06710645911355209
-0.06731933554999107
-0.06753121085665478
-0.06774208188265114
-0.06795194549202299
-0.06816079856379471
-0.06836863799201862
-0.06857546068582139
-0.06878126356944969
-0.06898604358231619
-0.0691897976790449
-0.06939252282951663
-0.06959421601891386
-0.06979487424776563
-0.06999449453199239
-0.07019307390294999
-0.07039060940747406
-0.07058709810792399
-0.07078253708222636
-0.07097692342391866
-0.07117025424219234
-0.07136252666193593
-0.07155373782377768
-0.07174388488412807
-0.07193296501522245
-0.07212097540516248
-0.07230791325795843
-0.07249377579357062
-0.07267856024795076
-0.07286226387308298
-0.07304488393702482
-0.07322641772394783
-0.07340686253417793
-0.07358621568423551
-0.07376447450687547
-0.07394163635112673
-0.0741176985823318
-0.07429265858218591
-0.07446651374877589
-0.07463926149661892
-0.07481089925670105
-0.07498142447651517
-0.0751508346200993
-0.07531912716807404
-0.07548629961768016
-0.07565234948281573
-0.0758172742940733
-0.07598107159877635
-0.07614373896101594
-0.07630527396168686
-0.07646567419852372
-0.07662493728613655
-0.07678306085604623
-0.07694004255672
-0.07709588005360608
-0.07725057102916856
-0.07740411318292188
-0.0775565042314651
-0.07770774190851555
-0.07785782396494298
-0.07800674816880268
-0.07815451230536878
-0.07830111417716717
-0.07844655160400824
-0.07859082242301925
-0.0787339244886765
-0.07887585567283717
-0.07901661386477116
-0.07915619697119233
-0.07929460291628958
-0.07943182964175782
-0.07956787510682871
-0.07970273728830074
-0.07983641418056943
-0.07996890379565726
-0.08010020416324304
-0.08023031333069137
-0.08035922936308167
-0.08048695034323684
-0.08061347437175194
-0.08073879956702217
-0.08086292406527124
-0.08098584602057872
-0.08110756360490771
-0.08122807500813195
-0.08134737843806275
-0.08146547212047568
-0.08158235429913688
-0.08169802323582921
-0.08181247721037814
-0.08192571452067733
-0.08203773348271384
-0.08214853243059334
-0.08225810971656472
-0.08236646371104475
-0.08247359280264217
-0.08257949539818177
-0.08268416992272797
-0.08278761481960838
-0.0828898285504368
-0.08299080959513631
-0.08309055645196163
-0.08318906763752154
-0.08328634168680109
-0.0833823771531832
-0.0834771726084702
-0.08357072664290519
-0.08366303786519284
-0.08375410490252029
-0.08384392640057732
-0.08393250102357667
-0.0840198274542739
-0.08410590439398682
-0.08419073056261499
-0.08427430469865871
-0.08435662555923767
-0.08443769192010954
-0.08451750257568826
-0.0845960563390617
-0.08467335204200957
-0.08474938853502074
-0.08482416468731023
-0.08489767938683603
-0.0849699315403159
-0.08504092007324322
-0.08511064392990333
-0.08517910207338901
-0.08524629348561595
-0.08531221716733803
-0.0853768721381619
-0.08544025743656188
-0.08550237211989399
-0.08556321526441019
-0.08562278596527188
-0.08568108333656363
-0.08573810651130614
-0.08579385464146919
-0.08584832689798436
-0.08590152247075715
-0.08595344056867922
-0.08600408041964014
-0.08605344127053871
-0.08610152238729431
-0.08614832305485776
-0.08619384257722207
-0.08623808027743253
-0.08628103549759708
-0.08632270759889586
-0.08636309596159086
-0.08640219998503507
-0.08644001908768141
-0.08647655270709138
-0.0865118002999435
-0.08654576134204128
-0.0865784353283211
-0.08660982177285959
-0.08663992020888109
-0.08666873018876439
-0.08669625128404947
-0.08672248308544384
-0.08674742520282862
-0.08677107726526444
-0.08679343892099682
-0.08681450983746149
-0.08683428970128929
-0.08685277821831093
-0.08686997511356115
-0.08688588013128302
-0.08690049303493173
-0.08691381360717801
-0.08692584164991131
-0.08693657698424295
-0.08694601945050866
-0.08695416890827089
-0.08696102523632107
-0.08696658833268125
-0.0869708581146057
-0.08697383451858211
-0.08697551750033261
-0.08697590703481431
-0.08697500311621972
-0.08697280575797695
-0.08696931499274928
-0.0869645308724349
-0.08695845346816598
-0.0869510828703077
-0.08694241918845692
-0.08693246255144048
-0.08692121310731325
-0.08690867102335617
-0.08689483648607339
-0.08687970970118987
-0.086863290893648
-0.08684558030760452
-0.08682657820642672
-0.08680628487268859
-0.08678470060816655
-0.08676182573383509
-0.08673766058986193
-0.0867122055356029
-0.08668546094959663
-0.08665742722955908
-0.08662810479237733
-0.0865974940741036
-0.08656559552994882
-0.08653240963427551
-0.08649793688059118
-0.08646217778154067
-0.08642513286889865
-0.08638680269356168
-0.08634718782554007
-0.08630628885394932
-0.08626410638700142
-0.08622064105199581
-0.08617589349530999
-0.08612986438239001
-0.08608255439774044
-0.08603396424491432
-0.08598409464650257
-0.08593294634412343
-0.08588052009841123
-0.0858268166890052
-0.08577183691453781
-0.08571558159262296
-0.0856580515598438
-0.08559924767174021
-0.08553917080279619
-0.08547782184642687
-0.085415201714965
-0.08535131133964774
-0.08528615167060247
-0.08521972367683288
-0.08515202834620444
-0.08508306668542982
-0.0850128397200538
-0.08494134849443814
-0.08486859407174589
-0.08479457753392575
-0.0847192999816959
-0.08464276253452763
-0.08456496633062864
-0.08448591252692626
-0.08440560229905011
-0.08432403684131465
-0.0842412173667015
-0.08415714510684125
-0.08407182131199528
-0.08398524725103712
-0.08389742421143352
-0.08380835349922544
-0.08371803643900853
-0.08362647437391338
-0.08353366866558565
-0.08343962069416588
-0.08334433185826874
-0.08324780357496245
-0.08315003727974754
-0.08305103442653568
-0.0829507964876279
-0.08284932495369272
-0.08274662133374414
-0.08264268715511895
-0.08253752396345415
-0.08243113332266411
-0.08232351681491702
-0.08221467604061147
-0.08210461261835279
-0.08199332818492885
-0.08188082439528567
-0.08176710292250294
-0.08165216545776909
-0.08153601371035607
-0.08141864940759404
-0.08130007429484562
-0.08118029013547987
-0.08105929871084629
-0.08093710182024805
-0.08081370128091547
-0.08068909892797876
-0.08056329661444098
-0.08043629621115031
-0.08030809960677227
-0.08017870870776161
-0.08004812543833409
-0.07991635174043767
-0.07978338957372377
-0.07964924091551812
-0.07951390776079129
-0.07937739212212892
-0.07923969602970211
-0.07910082153123699
-0.07896077069198423
-0.07881954559468855
-0.07867714833955747
-0.07853358104423032
-0.07838884584374661
-0.07824294489051427
-0.07809588035427772
-0.07794765442208573
-0.07779826929825838
-0.07764772720435495
-0.07749603037914048
-0.07734318107855238
-0.07718918157566736
-0.07703403416066715
-0.07687774114080455
-0.07672030484036943
-0.07656172760065377
-0.0764020117799169
-0.07624115975335079
-0.07607917391304427
-0.07591605666794761
-0.07575181044383691
-0.07558643768327766
-0.07541994084558878
-0.07525232240680588
-0.07508358485964411
-0.07491373071346184
-0.07474276249422271
-0.07457068274445813
-0.07439749402322991
-0.07422319890609169
-0.07404779998505089
-0.0738712998685302
-0.07369370118132858
-0.07351500656458243
-0.07333521867572629
-0.07315434018845318
-0.07297237379267493
-0.07278932219448228
-0.07260518811610439
-0.07241997429586863
-0.07223368348815962
-0.0720463184633784
-0.07185788200790136
-0.07166837692403841
-0.07147780602999158
-0.07128617215981327
-0.07109347816336378
-0.07089972690626889
-0.07070492126987772
-0.0705090641512194
