0.2006175396728343
1001
-0.0023598720068338476
-0.0023621500367044606
-0.0023643556521047047
-0.0023664887857963845
-0.002368549372760776
-0.002370537350200612
-0.0023724526575419915
-0.0023742952364362285
-0.002376065030761629
-0.002377761986625198
-0.0023793860523642833
-0.0023809371785481455
-0.0023824153179794662
-0.002383820425695781
-0.0023851524589708494
-0.002386411377315953
-0.0023875971424811263
-0.0023887097184563193
-0.002389749071472494
-0.002390715170002646
-0.0023916079847627627
-0.002392427488712713
-0.0023931736570570634
-0.0023938464672458326
-0.00239444589897517
-0.002394971934187972
-0.002395424557074425
-0.0023958037540724813
-0.002396109513868267
-0.0023963418273964194
-0.002396500687840358
-0.002396586090632483
-0.0023965980334543073
-0.0023965365162365226
-0.0023964015411589907
-0.0023961931126506683
-0.0023959112373894685
-0.0023955559243020413
-0.0023951271845634985
-0.002394625031597061
-0.0023940494810736424
-0.0023934005509113586
-0.0023926782612749735
-0.002391882634575274
-0.0023910136954683778
-0.002390071470854967
-0.002389055989879462
-0.0023879672839291176
-0.0023868053866330586
-0.0023855703338612395
-0.0023842621637233416
-0.0023828809165675974
-0.0023814266349795497
-0.0023798993637807408
-0.0023782991500273278
-0.002376626043008644
-0.0023748800942456775
-0.0023730613574894847
-0.002371169888719545
-0.002369205746142031
-0.0023671689901880286
-0.002365059683511674
-0.0023628778909882305
-0.0023606236797120953
-0.002358297118994741
-0.002355898280362583
-0.0023534272375547853
-0.0023508840665209993
-0.0023482688454190244
-0.0023455816546124157
-0.002342822576668014
-0.0023399916963534138
-0.0023370891006343577
-0.0023341148786720717
-0.0023310691218205266
-0.0023279519236236368
-0.002324763379812389
-0.0023215035883019045
-0.0023181726491884372
-0.0023147706647463026
-0.002311297739424737
-0.002307753979844701
-0.0023041394947956027
-0.002300454395231962
-0.0022966987942700124
-0.0022928728071842266
-0.002288976551403783
-0.002285010146508969
-0.002280973714227507
-0.0022768673784308267
-0.0022726912651302674
-0.00226844550247321
-0.002264130220739155
-0.0022597455523357193
-0.002255291631794588
-0.0022507685957673805
-0.0022461765830214656
-0.0022415157344357088
-0.0022367861929961505
-0.002231988103791625
-0.002227121614009314
-0.0022221868729302365
-0.0022171840319246635
-0.0022121132444474943
-0.0022069746660335404
-0.0022017684542927646
-0.002196494768905448
-0.0021911537716172995
-0.002185745626234495
-0.00218027049861866
-0.002174728556681785
-0.002169119970381083
-0.0021634449117137774
-0.0021577035547118337
-0.0021518960754366256
-0.0021460226519735416
-0.002140083464426527
-0.0021340786949125647
-0.0021280085275560963
-0.002121873148483378
-0.0021156727458167815
-0.0021094075096690277
-0.002103077632137361
-0.0020966833072976645
-0.002090224731198516
-0.0020837021018551777
-0.002077115619243532
-0.002070465485293954
-0.0020637519038851256
-0.0020569750808377887
-0.00205013522390844
-0.0020432325427829664
-0.0020362672490702206
-0.0020292395562955395
-0.0020221496798942017
-0.0020149978372048295
-0.002007784247462729
-0.002000509131793175
-0.001993172713204638
-0.0019857752165819507
-0.0019783168686794235
-0.0019707978981138917
-0.0019632185353577183
-0.001955579012731732
-0.001947879564398112
-0.0019401204263532115
-0.001932301836420334
-0.0019244240342424462
-0.0019164872612748365
-0.0019084917607777212
-0.0019004377778087935
-0.0018923255592157144
-0.0018841553536285555
-0.0018759274114521828
-0.0018676419848585835
-0.0018592993277791482
-0.0018508996958968892
-0.0018424433466386096
-0.0018339305391670213
-0.0018253615343728033
-0.0018167365948666163
-0.001808055984971054
-0.0017993199707125528
-0.0017905288198132396
-0.0017816828016827366
-0.0017727821874099071
-0.0017638272497545525
-0.001754818263139062
-0.0017457555036400048
-0.001736639248979678
-0.0017274697785175962
-0.0017182473732419413
-0.001708972315760955
-0.0016996448902942818
-0.0016902653826642686
-0.0016808340802872094
-0.0016713512721645396
-0.0016618172488739934
-0.0016522323025606972
-0.0016425967269282293
-0.0016329108172296182
-0.0016231748702583092
-0.0016133891843390668
-0.0016035540593188466
-0.0015936697965576072
-0.0015837366989190848
-0.0015737550707615147
-0.0015637252179283175
-0.001553647447738726
-0.001543522068978378
-0.0015333493918898615
-0.001523129728163209
-0.0015128633909263598
-0.0015025506947355636
-0.0014921919555657566
-0.0014817874908008763
-0.001471337619224152
-0.0014608426610083337
-0.0014503029377058959
-0.001439718772239186
-0.0014290904888905366
-0.0014184184132923384
-0.0014077028724170657
-0.0013969441945672638
-0.0013861427093655005
-0.0013752987477442659
-0.0013644126419358452
-0.0013534847254621416
-0.0013425153331244636
-0.0013315048009932783
-0.001320453466397911
-0.0013093616679162264
-0.0012982297453642537
-0.0012870580397857856
-0.001275846893441933
-0.0012645966498006477
-0.0012533076535262005
-0.0012419802504686338
-0.001230614787653167
-0.0012192116132695727
-0.0012077710766615144
-0.0011962935283158507
-0.0011847793198519034
-0.0011732288040106897
-0.0011616423346441243
-0.00115002026670418
-0.0011383629562320267
-0.0011266707603471207
-0.0011149440372362793
-0.0011031831461427056
-0.0010913884473549935
-0.0010795603021960959
-0.001067699073012259
-0.00105580512316193
-0.0010438788170046304
-0.0010319205198898007
-0.0010199305981456145
-0.001007909419067759
-0.0009958573509081935
-0.0009837747628638714
-0.0009716620250654363
-0.0009595195085658901
-0.0009473475853292313
-0.0009351466282190689
-0.0009229170109872006
-0.0009106591082621763
-0.0008983732955378212
-0.0008860599491617443
-0.0008737194463238119
-0.0008613521650446032
-0.000848958484163831
-0.0008365387833287464
-0.0008240934429825128
-0.0008116228443525612
-0.0007991273694389145
-0.0007866074010024926
-0.0007740633225533949
-0.0007614955183391563
-0.0007489043733329862
-0.0007362902732219758
-0.0007236536043952967
-0.0007109947539323659
-0.0006983141095909962
-0.0006856120597955246
-0.0006728889936249201
-0.0006601453008008724
-0.0006473813716758571
-0.0006345975972211868
-0.000621794369015042
-0.0006089720792304807
-0.0005961311206234282
-0.0005832718865206614
-0.0005703947708077589
-0.000557500167917043
-0.0005445884728155047
-0.0005316600809927178
-0.0005187153884487157
-0.0005057547916818817
-0.0004927786876768019
-0.00047978747389211806
-0.00046678154824834905
-0.00045376130911571773
-0.00044072715530194787
-0.00042767948604006565
-0.0004146187009761563
-0.00040154520015714987
-0.00038845938401856604
-0.0003753616533722464
-0.00036225240939409607
-0.0003491320536117946
-0.0003360009878925051
-0.0003228596144305701
-0.0003097083357351977
-0.00029654755461814425
-0.0002833776741813728
-0.0002701990978047181
-0.0002570122291335377
-0.0002438174720663536
-0.00023061523074248278
-0.0002174059095296717
-0.00020418991301170966
-0.00019096764597604807
-0.00017773951340140624
-0.00016450592044536943
-0.00015126727243199183
-0.0001380239748393825
-0.00012477643328729387
-0.00011152505352470165
-0.00009827024141739013
-0.00008501240293551563
-0.00007175194414118778
-0.00005848927117603305
-0.00004522479024876176
-0.00003195890762273793
-0.0000186920296035263
-5.424562526476007e-6
7.843087255736988e-6
0.000021110513385546243
0.000034377309512926925
0.00004764306930784375
0.00006090738647269049
0.0000741698547547239
0.00008743006795850366
0.00010068761995832652
0.00011394210471065982
0.0001271931162665732
0.00014044024878416049
0.00015368309654097465
0.00016692125394643967
0.00018015431555426742
0.00019338187607487292
0.00020660353038778653
0.00021981887355404398
0.000233027500828591
0.00024622900767267596
0.0002594229897662267
0.00027260904302023347
0.00028578676358911913
0.00029895574788310007
0.00031211559258054596
0.00032526589464031597
0.00033840625131411467
0.00035153626015880455
0.00036465551904873197
0.00037776362618804503
0.00039086018012298097
0.00040394477975416574
0.0004170170243488866
0.0004300765135533655
0.00044312284740500836
0.0004561556263446576
0.0004691744512288144
0.000482178923341865
0.0004951686444082817
0.0005081432166048179
0.000521102242572688
0.000534045325429728
0.0005469720687825435
0.0005598820767386535
0.0005727749539185989
0.0005856503054680549
0.0005985077370699106
0.0006113468549563446
0.0006241672659208828
0.0006369685773304273
0.0006497503971372799
0.000662512333891145
0.0006752539967511112
0.0006879749954976146
0.0007006749405443888
0.0007133534429503815
0.0007260101144316779
0.0007386445673733665
0.0007512564148414195
0.0007638452705945318
0.0007764107490959471
0.0007889524655252543
0.0008014700357901789
0.0008139630765383297
0.0008264312051689369
0.0008388740398445692
0.0008512911995028157
0.0008636823038679597
0.0008760469734626086
0.0008883848296193143
0.0009006954944921782
0.0009129785910683916
0.0009252337431797992
0.0009374605755144073
0.0009496587136278692
0.0009618277839549493
0.0009739674138209614
0.000986077231453173
0.000998156865992192
0.0010102059475033088
0.00102222410698783
0.0010342109763943734
0.0010461661886301263
0.0010580893775720926
0.001069980178078293
0.0010818382259989504
0.0010936631581876242
0.0011054546125123447
0.00111721222786668
0.001128935644180801
0.0011406245024325047
0.001152278444658194
0.0011638971139638463
0.0011754801545359307
0.001187027211652307
0.001198537931693077
0.0012100119621514143
0.001221448951644351
0.0012328485499235368
0.001244210407885959
0.0012555341775846312
0.0012668195122392384
0.0012780660662467585
0.0012892734951920404
0.001300441455858345
0.0013115696062378458
0.0013226576055421128
0.0013337051142125295
0.0013447117939306972
0.001355677307628782
0.001366601319499841
0.0013774834950080969
0.001388323500899179
0.0013991210052103262
0.0014098756772805432
0.0014205871877607283
0.0014312552086237537
0.0014418794131745075
0.001452459476059881
0.0014629950732787504
0.001473485882191876
0.0014839315815317888
0.0014943318514126168
0.0015046863733398814
0.0015149948302202489
0.0015252569063712294
0.001535472287530846
0.0015456406608672527
0.0015557617149883083
0.0015658351399511082
0.0015758606272714773
0.0015858378699334034
0.0015957665623984431
0.0016056464006150692
0.0016154770820279807
0.00162525830558736
0.0016349897717580935
0.001644671182528933
0.0016543022414216289
0.0016638826534999883
0.0016734121253789193
0.0016828903652334043
0.0016923170828074324
0.00170169198942288
0.0017110147979883597
0.0017202852230079916
0.001729502980590156
0.0017386677884561733
0.0017477793659489505
0.0017568374340415699
0.0017658417153458262
0.0017747919341207239
0.0017836878162809122
0.0017925290894050762
0.001801315482744275
0.0018100467272302303
0.00181872255548356
0.001827342701821961
0.001835906902268351
0.0018444148945589336
0.0018528664181512377
0.0018612612142320862
0.0018695990257255207
0.0018778795973006686
0.0018861026753795593
0.0018942680081448836
0.0019023753455477055
0.0019104244393151114
0.0019184150429578132
0.001926346911777687
0.00193421980287527
0.0019420334751571921
0.0019497876893435526
0.0019574822079752446
0.001965116795421229
0.0019726912178857393
0.0019802052434154424
0.0019876586419065347
0.0019950511851117864
0.0020023826466475285
0.0020096528020005808
0.002016861428535124
0.0020240083054995114
0.0020310932140330295
0.002038115937172595
0.0020450762598593956
0.0020519739689454706
0.002058808853200236
0.002065580703316951
0.0020722893119191218
0.002078934473566848
0.0020855159847631135
0.0020920336439600134
0.0020984872515649225
0.0021048766099466044
0.0021112015234412557
0.0021174617983585053
0.0021236572429873296
0.0021297876676019314
0.0021358528844675363
0.0021418527078461472
0.0021477869540022223
0.002153655441208305
0.002159457989750578
0.0021651944219343694
0.0021708645620895886
0.0021764682365761037
0.0021820052737890542
0.002187475504164104
0.0021928787601826322
0.0021982148763768574
0.002203483689334901
0.002208685037705794
0.0022138187622044074
0.002218884705616332
0.0022238827128026888
0.002228812630704876
0.0022336743083492534
0.0022384675968517625
0.0022431923494224838
0.0022478484213701274
0.0022524356701064618
0.0022569539551506794
0.0022614031381336915
0.002265783082802367
0.002270093655023698
0.0022743347227889067
0.0022785061562174865
0.002282607827561174
0.002286639611207857
0.0022906013836854248
0.002294493023665539
0.0022983144119673514
0.0023020654315611478
0.0023057459675719294
0.0023093559072829323
0.002312895140139071
0.002316363557750322
0.002319761053895047
0.002323087524523231
0.00232634286775968
0.0023295269839071265
0.002332639775449286
0.002335681147053842
0.0023386510055753576
0.0023415492600581283
0.002344375821738967
0.002347130604049915
0.002349813522620895
0.002352424495282289
0.0023549634420674545
0.00235743028521517
0.0023598249491720144
0.0023621473605946785
0.0023643974483522068
0.002366575143528175
0.002368680379422799
0.002370713091554975
0.0023726732176642495
0.0023745606977127257
0.0023763754738868994
0.00237811749059943
0.0023797866944908343
0.0023813830344311237
0.0023829064615213664
0.002384356929095183
0.002385734392720173
0.0023870388101992716
0.002388270141572046
0.002389428349115909
0.002390513397347277
0.002391525253022657
0.002392463885139655
0.0023933292649379306
0.0023941213659000736
0.002394840163752412
0.0023954856364657565
0.0023960577642560712
0.0023965565295850813
0.0023969819171608007
0.0023973339139380075
0.0023976125091186365
0.0023978176941521086
0.002397949462735593
0.0023980078108141955
0.0023979927365810837
0.0023979042404775395
0.002397742325192945
0.0023975069956646963
0.002397198259078053
0.002396816124865916
0.0023963606047085347
0.002395831712533154
0.0023952294645135787
0.002394553879069681
0.002393804976866837
0.0023929827808152854
0.002392087316069432
0.0023911186100270742
0.0023900766923285605
0.002388961594855884
0.0023877733517317008
0.0023865119993182883
0.0023851775762164266
0.0023837701232642173
0.0023822896835358305
0.002380736302340186
0.0023791100272195637
0.0023774109079481463
0.002375638996530493
0.0023737943471999505
0.0023718770164169833
0.0023698870628674506
0.0023678245474608064
0.00236568953332823
0.002363482085820696
0.0023612022725069677
0.0023588501631715327
0.0023564258298124584
0.002353929346639192
0.0023513607900702838
0.0023487202387310465
0.002346007773451147
0.0023432234772621315
0.00234036743539488
0.0023374397352769966
0.00233444046653013
0.0023313697209672328
0.0023282275925897416
0.0023250141775847054
0.002321729574321834
0.002318373883350487
0.0023149472073965937
0.0023114496513595086
0.0023078813223087946
0.002304242329480948
0.002300532784276048
0.0022967528002543498
0.0022929024931328027
0.002288981980781507
0.002284991383220106
0.0022809308226141066
0.002276800423271142
0.002272600311637161
0.002268330616292558
0.0022639914679482313
0.002259582999441584
0.0022551053457324573
0.0022505586438989903
0.002245943033133429
0.00224125865473786
0.0022365056521198834
0.002231684170788221
0.0022267943583482628
0.002221836364497544
0.0022168103410211575
0.0022117164417871167
0.002206554822741631
0.0022013256419043366
0.0021960290593634555
0.0021906652372708966
0.0021852343398372845
0.0021797365333269337
0.0021741719860527598
0.002168540868371121
0.0021628433526766034
0.002157079613396739
0.002151249826986668
0.002145354171923737
0.0021393928287020284
0.0021333659798268346
0.0021272738098090734
0.0021211165051596287
0.0021148942543836534
0.0021086072479747837
0.002102255678409312
0.0020958397401402936
0.0020893596295915914
0.0020828155451518573
0.002076207687168464
0.0020695362579413656
0.002062801461716904
0.0020560035046815555
0.002049142594955615
0.002042218942586825
0.0020352327595439465
0.002028184259710262
0.0020210736588770297
0.0020139011747368793
0.0020066670268771383
0.001999371436773115
0.001992014627781315
0.0019845968251325985
0.00197711825592529
0.001969579149118219
0.0019619797355237105
0.0019543202478005204
0.0019466009204467103
0.001938821989792465
0.0019309836939928552
0.0019230862730205515
0.0019151299686584718
0.0019071150244923758
0.001899041685903415
0.0018909102000606067
0.0018827208159132793
0.0018744737841834404
0.001866169357358103
0.0018578077896815536
0.0018493893371475702
0.0018409142574915777
0.0018323828101827633
0.001823795256416128
0.001815151859104492
0.0018064528828704402
0.0017976985940382224
0.0017888892606255967
0.0017800251523356289
0.0017711065405484258
0.0017621336983128341
0.001753106900338074
0.001744026422985328
0.0017348925442592878
0.00172570554379963
0.0017164657028724637
0.001707173304361714
0.0016978286327604532
0.0016884319741622053
0.0016789836162521808
0.0016694838482984615
0.001659932961143147
0.0016503312471934594
0.0016406790004127704
0.001630976516311619
0.0016212240919386543
0.0016114220258715455
0.0016015706182078357
0.0015916701705557502
0.0015817209860249707
0.0015717233692173554
0.0015616776262175958
0.0015515840645838682
0.001541442993338401
0.0015312547229580158
0.0015210195653646275
0.001510737833915686
0.0015004098433945873
0.0014900359100010346
0.0014796163513413503
0.0014691514864187663
0.0014586416356236415
0.001448087120723658
0.0014374882648539784
0.0014268453925073334
0.0014161588295240992
0.001405428903082318
0.0013946559416876901
0.001383840275163498
0.0013729822346405212
0.0013620821525468867
0.0013511403625979062
0.0013401571997858465
0.001329133000369675
0.0013180681018647724
0.001306962843032585
0.0012958175638702635
0.0012846326056002518
0.0012734083106598286
0.0012621450226906446
0.0012508430865281824
0.0012395028481911987
0.001228124654871148
0.001216708854921531
0.0012052557978472478
0.0011937658342938769
0.0011822393160369608
0.0011706765959712143
0.0011590780280997426
0.0011474439675231841
0.0011357747704288472
0.0011240707940798021
0.0011123323968039436
0.00110055993798302
0.0010887537780416292
0.0010769142784361832
0.0010650418016438473
0.0010531367111514336
0.0010411993714442714
0.0010292301479950595
0.0010172294072526632
0.0010051975166309078
0.0009931348444973172
0.0009810417601618417
0.0009689186338655527
0.0009567658367692992
0.0009445837409423522
0.0009323727193510178
0.0009201331458471957
0.000907865395156961
0.0008955698428690758
0.0008832468654234902
0.0008708968400998167
0.000858520145005789
0.0008461171590656685
0.0008336882620086646
0.0008212338343572891
0.0008087542574157137
0.000796249913258104
0.0007837211847169011
0.0007711684553711209
0.0007585921095346009
0.0007459925322442343
0.0007333701092481834
0.0007207252269940673
0.0007080582726171328
0.0006953696339283961
0.0006826596994027817
0.0006699288581672133
0.0006571774999887117
0.0006444060152624501
0.000631614794999816
0.0006188042308164305
0.0006059747149201589
0.0005931266400991012
0.0005802603997095843
0.0005673763876640845
0.0005544749984191974
0.0005415566269635487
0.0005286216688057024
0.000515670519962055
0.0005027035769447018
0.0004897212367493079
0.0004767238968429512
0.0004637119551519539
0.0004506858100496851
0.00043764586034439264
0.0004245925052669622
0.0004115261444587173
0.0003984471779591734
0.00038535600619379255
0.0003722530299617232
0.0003591386504235272
0.00034601326908890816
0.0003328772878044027
0.000319731108741089
0.00030657513438227236
0.00029340976751115447
0.00028023541119851707
0.00026705246879035966
0.0002538613438955829
0.0002406624403735976
0.00022745616232197925
0.00021424291406409174
0.00020102310013670878
0.00018779712527763122
0.00017456539441328584
0.00016132831264634227
0.00014808628524329864
0.00013483971762208522
0.00012158901533963697
0.00010833458407949654
0.00009507682963936994
0.00008181615791872689
0.00006855297490635129
0.00005528768666793608
0.00004202069933362986
0.000028752419085610055
0.00001548325214565762
2.213604762697343e-6
-0.000011056116799617006
-0.00002432550627535572
-0.00003759415740873812
-0.00005086166396658511
-0.00006412761975074475
-0.00007739161861053922
-0.00009065325445518918
-0.00010391212126624598
-0.00011716781311003317
-0.00013041992415006626
-0.00014366804865947872
-0.0001569117810334453
-0.00017015071580159678
-0.00018338444764044414
-0.00019661257138576716
-0.00020983468204503934
-0.0002230503748098188
-0.00023625924506813975
-0.00024946088841690397
-0.00026265490067425894
-0.00027584087789197284
-0.00028901841636780736
-0.00030218711265787027
-0.0003153465635889596
-0.0003284963662709281
-0.0003416361181090001
-0.00035476541681611114
-0.00036788386042520884
-0.0003809910473015704
-0.0003940865761550955
-0.0004071700460525938
-0.0004202410564300524
-0.0004332992071049093
-0.0004463440982883051
-0.00045937533059731524
-0.00047239250506717545
-0.00048539522316350917
-0.0004983830867945184
-0.0005113556983231761
-0.000524312660579396
-0.0005372535768721973
-0.0005501780510018451
-0.0005630856872719831
-0.0005759760905017469
-0.000588848866037863
-0.0006017036197667305
-0.000614539958126489
-0.0006273574881190649
-0.0006401558173222062
-0.0006529345539014946
-0.0006656933066223424
-0.0006784316848619724
-0.0006911492986213672
-0.0007038457585372285
-0.0007165206758938782
-0.0007291736626351689
-0.0007418043313763651
-0.0007544122954159938
-0.0007669971687476982
-0.0007795585660720362
-0.0007920961028083054
-0.0008046093951062858
-0.0008170980598580105
-0.0008295617147094852
-0.0008419999780724022
-0.0008544124691358218
-0.0008667988078778185
-0.000879158615077138
-0.0008914915123247857
-0.0009037971220356218
-0.0009160750674599274
-0.0009283249726949203
-0.000940546462696281
-0.0009527391632896301
-0.0009649027011819749
-0.0009770367039731497
-0.0009891408001672158
-0.0010012146191838262
-0.0010132577913695776
-0.0010252699480093265
-0.0010372507213374776
-0.0010491997445492417
-0.0010611166518118688
-0.0010730010782758407
-0.0010848526600860514
-0.0010966710343929393
-0.0011084558393635942
-0.0011202067141928517
-0.0011319232991143108
-0.001143605235411371
-0.001155252165428211
-0.0011668637325807207
-0.001178439581367449
-0.0011899793573804604
-0.0012014827073162026
-0.0012129492789863072
-0.0012243787213283874
-0.0012357706844167745
-0.0012471248194732445
-0.001258440778877677
-0.0012697182161787073
-0.0012809567861043467
-0.0012921561445725235
-0.001303315948701647
-0.001314435856821083
-0.0013255155284816267
-0.0013365546244659197
-0.001347552806798837
-0.0013585097387578376
-0.0013694250848832628
-0.001380298510988619
-0.0013911296841708015
-0.0014019182728202892
-0.0014126639466312918
-0.001423366376611877
-0.0014340252350940198
-0.0014446401957436484
