C6H6   D6h symmetry    DZP-SCF level of theory    optimized geometry
   12     -230.7420267915
        6.0000000000        2.6280462263         .0000000000         .0000000000
        6.0000000000       -2.6280462263         .0000000000         .0000000000
        6.0000000000        1.3140231132        2.2759547943         .0000000000
        6.0000000000       -1.3140231132        2.2759547943         .0000000000
        6.0000000000        1.3140231132       -2.2759547943         .0000000000
        6.0000000000       -1.3140231132       -2.2759547943         .0000000000
        1.0000000000        4.6645755186         .0000000000         .0000000000
        1.0000000000       -4.6645755186         .0000000000         .0000000000
        1.0000000000        2.3322877596        4.0396408970         .0000000000
        1.0000000000       -2.3322877596        4.0396408970         .0000000000
        1.0000000000        2.3322877596       -4.0396408970         .0000000000
        1.0000000000       -2.3322877596       -4.0396408970         .0000000000
                            -.0000000001         .0000000000         .0000000000
                             .0000000001         .0000000000         .0000000000
                             .0000000000         .0000000000         .0000000000
                             .0000000000         .0000000000         .0000000000
                             .0000000000         .0000000000         .0000000000
                             .0000000000         .0000000000         .0000000000
                             .0000000000         .0000000000         .0000000000
                             .0000000000         .0000000000         .0000000000
                             .0000000000         .0000000000         .0000000000
                             .0000000000         .0000000000         .0000000000
                             .0000000000         .0000000000         .0000000000
                             .0000000000         .0000000000         .0000000000
